%YAML:1.0
---
points: [ 1.68873260e+02, 2.60371887e+02, 1.68634476e+02, 2.67765747e+02,
    1.68569992e+02, 2.74874451e+02, 1.68401871e+02, 2.82253357e+02,
    1.68221115e+02, 2.89444977e+02, 1.61590027e+02, 2.60367767e+02,
    1.61447281e+02, 2.67731720e+02, 1.61342270e+02, 2.74952637e+02,
    1.61242096e+02, 2.82220642e+02, 1.61131943e+02, 2.89439301e+02,
    1.54326584e+02, 2.60496368e+02, 1.54325470e+02, 2.67821716e+02,
    1.54196793e+02, 2.74935394e+02, 1.54109360e+02, 2.82369385e+02,
    1.54012146e+02, 2.89529083e+02, 1.47423599e+02, 2.60472443e+02,
    1.47291397e+02, 2.67758636e+02, 1.46950089e+02, 2.74923279e+02,
    1.46920746e+02, 2.82233337e+02, 1.46722519e+02, 2.89554016e+02,
    1.40360168e+02, 2.60499481e+02, 1.40063828e+02, 2.67792236e+02,
    1.39856964e+02, 2.74956543e+02, 1.39611984e+02, 2.82268951e+02,
    1.39379242e+02, 2.89667511e+02, 1.32931473e+02, 2.60565918e+02,
    1.32595856e+02, 2.67755219e+02, 1.32620743e+02, 2.74961823e+02,
    1.32178741e+02, 2.82262573e+02, 1.32088943e+02, 2.89498566e+02,
    1.26190361e+02, 2.60596130e+02, 1.26145363e+02, 2.67792847e+02,
    1.25781738e+02, 2.74931335e+02, 1.25799545e+02, 2.82429382e+02,
    1.25562523e+02, 2.89447174e+02 ]
