%YAML:1.0
---
points: [ 6.67701294e+02, 6.87566345e+02, 6.66696350e+02, 7.08979919e+02,
    6.65981140e+02, 7.30340576e+02, 6.65188660e+02, 7.51789368e+02,
    6.64571716e+02, 7.73477234e+02, 6.46407654e+02, 6.87419250e+02,
    6.45432007e+02, 7.08826294e+02, 6.44658142e+02, 7.30312805e+02,
    6.43924133e+02, 7.51674805e+02, 6.43319519e+02, 7.73329468e+02,
    6.25179749e+02, 6.87345642e+02, 6.24203491e+02, 7.08699280e+02,
    6.23245300e+02, 7.30251831e+02, 6.22537354e+02, 7.51472412e+02,
    6.21778931e+02, 7.73089355e+02, 6.04057922e+02, 6.87122253e+02,
    6.02968750e+02, 7.08581421e+02, 6.02163757e+02, 7.29883484e+02,
    6.01364136e+02, 7.51377319e+02, 6.00599854e+02, 7.72909363e+02,
    5.82856628e+02, 6.86927002e+02, 5.81747437e+02, 7.08374939e+02,
    5.80887207e+02, 7.29713623e+02, 5.80012634e+02, 7.51051086e+02,
    5.79331909e+02, 7.72727234e+02, 5.61667542e+02, 6.86761108e+02,
    5.60685486e+02, 7.08200745e+02, 5.59582886e+02, 7.29515442e+02,
    5.58755554e+02, 7.50878296e+02, 5.57789734e+02, 7.72597473e+02,
    5.40853638e+02, 6.86659973e+02, 5.39746765e+02, 7.07895813e+02,
    5.38869629e+02, 7.29331909e+02, 5.37828430e+02, 7.50630554e+02,
    5.37045471e+02, 7.72375122e+02 ]
