%YAML:1.0
---
points: [ 1.40642566e+03, 4.83628387e+02, 1.42501270e+03, 5.26448425e+02,
    1.44417712e+03, 5.70337097e+02, 1.46367456e+03, 6.15331116e+02,
    1.48378687e+03, 6.61833618e+02, 1.35997095e+03, 5.01463043e+02,
    1.37756323e+03, 5.43670471e+02, 1.39563232e+03, 5.86915100e+02,
    1.41439844e+03, 6.31409729e+02, 1.43382947e+03, 6.77437988e+02,
    1.31472986e+03, 5.18830566e+02, 1.33148962e+03, 5.60645386e+02,
    1.34858069e+03, 6.03263489e+02, 1.36637231e+03, 6.47181213e+02,
    1.38462744e+03, 6.92398804e+02, 1.27175818e+03, 5.35692078e+02,
    1.28747302e+03, 5.76757263e+02, 1.30371326e+03, 6.18851990e+02,
    1.32049353e+03, 6.62138855e+02, 1.33827844e+03, 7.06928101e+02,
    1.23011145e+03, 5.51775635e+02, 1.24484802e+03, 5.92519165e+02,
    1.26041638e+03, 6.33864624e+02, 1.27635474e+03, 6.76592712e+02,
    1.29286816e+03, 7.20632751e+02, 1.18993750e+03, 5.67543457e+02,
    1.20403198e+03, 6.07482483e+02, 1.21850708e+03, 6.48475342e+02,
    1.23366541e+03, 6.90657959e+02, 1.24942358e+03, 7.34285889e+02,
    1.15149915e+03, 5.82461792e+02, 1.16513513e+03, 6.22052673e+02,
    1.17877197e+03, 6.62353271e+02, 1.19333691e+03, 7.04000977e+02,
    1.20826660e+03, 7.46966431e+02 ]
