%YAML:1.0
---
points: [ 4.25518036e+02, 8.16609039e+01, 4.37614075e+02, 1.04248497e+02,
    4.51098938e+02, 1.29438507e+02, 4.65562042e+02, 1.56323395e+02,
    4.81637451e+02, 1.86553085e+02, 4.04605560e+02, 1.03256302e+02,
    4.15141632e+02, 1.25720695e+02, 4.26582306e+02, 1.49830551e+02,
    4.39442841e+02, 1.76032150e+02, 4.53434418e+02, 2.04515472e+02,
    3.85872894e+02, 1.23060478e+02, 3.94851929e+02, 1.44868790e+02,
    4.04887146e+02, 1.68034775e+02, 4.15850250e+02, 1.93108368e+02,
    4.28396118e+02, 2.20486694e+02, 3.69253815e+02, 1.40552902e+02,
    3.77057037e+02, 1.61620285e+02, 3.85757355e+02, 1.84113434e+02,
    3.95588318e+02, 2.08213684e+02, 4.06471313e+02, 2.34464249e+02,
    3.54257538e+02, 1.56350082e+02, 3.61167358e+02, 1.76717560e+02,
    3.68860962e+02, 1.98264221e+02, 3.77643463e+02, 2.21451462e+02,
    3.87103149e+02, 2.46520035e+02, 3.41105804e+02, 1.70514267e+02,
    3.47056488e+02, 1.90113953e+02, 3.53919312e+02, 2.10945282e+02,
    3.61551025e+02, 2.33349075e+02, 3.69871185e+02, 2.57420441e+02,
    3.28911346e+02, 1.83129257e+02, 3.34760345e+02, 2.02092514e+02,
    3.40773987e+02, 2.22160019e+02, 3.47579468e+02, 2.43732132e+02,
    3.54974640e+02, 2.66835571e+02 ]
