%YAML:1.0
---
points: [ 1.38070129e+03, 6.27434387e+02, 1.38634912e+03, 6.52647522e+02,
    1.39221350e+03, 6.77901428e+02, 1.39815759e+03, 7.03490051e+02,
    1.40427209e+03, 7.29401855e+02, 1.35515405e+03, 6.31317871e+02,
    1.36062585e+03, 6.56244324e+02, 1.36637671e+03, 6.81303589e+02,
    1.37232739e+03, 7.06542908e+02, 1.37836060e+03, 7.31916931e+02,
    1.33050073e+03, 6.35061768e+02, 1.33568311e+03, 6.59859863e+02,
    1.34122437e+03, 6.84510925e+02, 1.34678979e+03, 7.09252991e+02,
    1.35263782e+03, 7.34317444e+02, 1.30649915e+03, 6.38841980e+02,
    1.31157043e+03, 6.63252136e+02, 1.31683545e+03, 6.87483765e+02,
    1.32240112e+03, 7.12099854e+02, 1.32810767e+03, 7.36667297e+02,
    1.28315759e+03, 6.42509094e+02, 1.28797925e+03, 6.66375488e+02,
    1.29327014e+03, 6.90542725e+02, 1.29850562e+03, 7.14528687e+02,
    1.30411523e+03, 7.39048157e+02, 1.26029382e+03, 6.45793457e+02,
    1.26524243e+03, 6.69655640e+02, 1.27016211e+03, 6.93223206e+02,
    1.27536841e+03, 7.17244568e+02, 1.28066467e+03, 7.41252136e+02,
    1.23851697e+03, 6.49395935e+02, 1.24342041e+03, 6.72520081e+02,
    1.24841992e+03, 6.95970337e+02, 1.25336707e+03, 7.19369568e+02,
    1.25852820e+03, 7.43415527e+02 ]
