%YAML:1.0
---
points: [ 3.86732147e+02, 1.46004990e+02, 3.92280518e+02, 1.68669907e+02,
    3.98258026e+02, 1.92619095e+02, 4.04664948e+02, 2.18116714e+02,
    4.11627563e+02, 2.45333694e+02, 3.62418915e+02, 1.55702072e+02,
    3.67087402e+02, 1.77473557e+02, 3.72014496e+02, 2.00875931e+02,
    3.77650391e+02, 2.25398529e+02, 3.83731506e+02, 2.51622803e+02,
    3.39819580e+02, 1.64643204e+02, 3.43686401e+02, 1.86152725e+02,
    3.47849579e+02, 2.08519165e+02, 3.52583527e+02, 2.32309616e+02,
    3.57642395e+02, 2.57462189e+02, 3.19247437e+02, 1.72890808e+02,
    3.22414307e+02, 1.93815079e+02, 3.25850555e+02, 2.15465500e+02,
    3.29723999e+02, 2.38531509e+02, 3.34027893e+02, 2.63054047e+02,
    2.99952454e+02, 1.80802094e+02, 3.02498962e+02, 2.01013275e+02,
    3.05431000e+02, 2.22188400e+02, 3.08749573e+02, 2.44436813e+02,
    3.12397064e+02, 2.68056244e+02, 2.82233521e+02, 1.88120316e+02,
    2.84307678e+02, 2.07487289e+02, 2.86644196e+02, 2.28156860e+02,
    2.89192139e+02, 2.49777145e+02, 2.92147308e+02, 2.72713806e+02,
    2.65724823e+02, 1.94781021e+02, 2.67610199e+02, 2.13877274e+02,
    2.69476288e+02, 2.33887817e+02, 2.71554718e+02, 2.54776367e+02,
    2.73831512e+02, 2.77052856e+02 ]
