%YAML:1.0
---
points: [ 4.13685822e+02, 2.37078064e+02, 4.15652893e+02, 2.45606659e+02,
    4.17775208e+02, 2.54136658e+02, 4.19841614e+02, 2.62742004e+02,
    4.22014618e+02, 2.71485626e+02, 4.04817139e+02, 2.38432739e+02,
    4.06856293e+02, 2.47038345e+02, 4.08974884e+02, 2.55369141e+02,
    4.10947632e+02, 2.63901764e+02, 4.13102112e+02, 2.72521881e+02,
    3.96246063e+02, 2.39984650e+02, 3.98202057e+02, 2.48251984e+02,
    4.00217133e+02, 2.56546875e+02, 4.02278046e+02, 2.65027374e+02,
    4.04283600e+02, 2.73480499e+02, 3.88041992e+02, 2.41263428e+02,
    3.89888031e+02, 2.49438507e+02, 3.91772095e+02, 2.57707916e+02,
    3.93788391e+02, 2.66083649e+02, 3.95837433e+02, 2.74447662e+02,
    3.80037811e+02, 2.42396484e+02, 3.81681335e+02, 2.50738159e+02,
    3.83626495e+02, 2.58899475e+02, 3.85526520e+02, 2.67035431e+02,
    3.87552246e+02, 2.75193542e+02, 3.71952759e+02, 2.43840027e+02,
    3.73643280e+02, 2.52055084e+02, 3.75600525e+02, 2.59875031e+02,
    3.77356659e+02, 2.67984161e+02, 3.79324310e+02, 2.76047333e+02,
    3.64359650e+02, 2.45110229e+02, 3.66192291e+02, 2.53081467e+02,
    3.68026215e+02, 2.60899292e+02, 3.69916870e+02, 2.69054199e+02,
    3.71880768e+02, 2.76848694e+02 ]
