%YAML:1.0
---
points: [ 1.59840381e+03, 3.25375305e+02, 1.62860327e+03, 3.68480865e+02,
    1.65967542e+03, 4.13137573e+02, 1.69173218e+03, 4.59310699e+02,
    1.72488403e+03, 5.07629761e+02, 1.54634009e+03, 3.55510803e+02,
    1.57487036e+03, 3.98203064e+02, 1.60450757e+03, 4.42222992e+02,
    1.63505994e+03, 4.87828278e+02, 1.66695044e+03, 5.35452515e+02,
    1.49583215e+03, 3.84727356e+02, 1.52305273e+03, 4.26936462e+02,
    1.55102417e+03, 4.70322784e+02, 1.58020447e+03, 5.15361206e+02,
    1.61043176e+03, 5.62255310e+02, 1.44818604e+03, 4.12596588e+02,
    1.47375708e+03, 4.54250031e+02, 1.50043457e+03, 4.96906097e+02,
    1.52802490e+03, 5.41360046e+02, 1.55700696e+03, 5.87533997e+02,
    1.40232031e+03, 4.39358063e+02, 1.42663354e+03, 4.80309845e+02,
    1.45183228e+03, 5.22424133e+02, 1.47824548e+03, 5.66074951e+02,
    1.50545215e+03, 6.11419739e+02, 1.35852600e+03, 4.64702148e+02,
    1.38161279e+03, 5.05139343e+02, 1.40551208e+03, 5.46684753e+02,
    1.43035974e+03, 5.89621765e+02, 1.45649109e+03, 6.34477600e+02,
    1.31705811e+03, 4.88818024e+02, 1.33932996e+03, 5.28606995e+02,
    1.36183887e+03, 5.69557800e+02, 1.38578833e+03, 6.11839294e+02,
    1.41046509e+03, 6.55995361e+02 ]
