%YAML:1.0
---
points: [ 3.20112152e+02, 1.95564041e+02, 3.20403259e+02, 2.15775391e+02,
    3.20738586e+02, 2.36980484e+02, 3.21146973e+02, 2.58946350e+02,
    3.21437164e+02, 2.82048920e+02, 2.98778778e+02, 1.96319382e+02,
    2.98615509e+02, 2.16267792e+02, 2.98403015e+02, 2.36973892e+02,
    2.98318726e+02, 2.58800110e+02, 2.98399445e+02, 2.81522797e+02,
    2.77857697e+02, 1.97075607e+02, 2.77239502e+02, 2.16930038e+02,
    2.76622162e+02, 2.37316208e+02, 2.76150635e+02, 2.58652771e+02,
    2.75607635e+02, 2.81160217e+02, 2.57867188e+02, 1.97888016e+02,
    2.56734436e+02, 2.17428528e+02, 2.55835663e+02, 2.37323364e+02,
    2.54797119e+02, 2.58714142e+02, 2.53805389e+02, 2.80837250e+02,
    2.37820312e+02, 1.98777069e+02, 2.36614944e+02, 2.17825226e+02,
    2.35200150e+02, 2.37802460e+02, 2.33830933e+02, 2.58729309e+02,
    2.32488251e+02, 2.80709930e+02, 2.18804199e+02, 1.99402740e+02,
    2.16866776e+02, 2.18526077e+02, 2.15259949e+02, 2.38195816e+02,
    2.13328934e+02, 2.58932281e+02, 2.11622665e+02, 2.80373322e+02,
    2.00144669e+02, 2.00225235e+02, 1.98177734e+02, 2.19029495e+02,
    1.96020020e+02, 2.38531631e+02, 1.93858902e+02, 2.58821564e+02,
    1.91592270e+02, 2.80248596e+02 ]
