%YAML:1.0
---
points: [ 1.72255957e+03, 6.17897888e+02, 1.74651257e+03, 6.57466248e+02,
    1.77071692e+03, 6.97569885e+02, 1.79548669e+03, 7.38786682e+02,
    1.82065063e+03, 7.81306641e+02, 1.67777051e+03, 6.35597229e+02,
    1.70084058e+03, 6.74560364e+02, 1.72421338e+03, 7.14466675e+02,
    1.74802612e+03, 7.55163086e+02, 1.77242957e+03, 7.96988647e+02,
    1.63375916e+03, 6.52682312e+02, 1.65610571e+03, 6.91415527e+02,
    1.67847888e+03, 7.30640991e+02, 1.70147559e+03, 7.70912292e+02,
    1.72490051e+03, 8.12276672e+02, 1.59152112e+03, 6.69076111e+02,
    1.61283032e+03, 7.07443298e+02, 1.63459656e+03, 7.46257507e+02,
    1.65674255e+03, 7.86069458e+02, 1.67948962e+03, 8.26841919e+02,
    1.55029944e+03, 6.85045166e+02, 1.57079883e+03, 7.22669006e+02,
    1.59181677e+03, 7.61191589e+02, 1.61330457e+03, 8.00398499e+02,
    1.63513147e+03, 8.40825012e+02, 1.51033203e+03, 7.00197998e+02,
    1.53010925e+03, 7.37496399e+02, 1.55039661e+03, 7.75504089e+02,
    1.57083789e+03, 8.14393860e+02, 1.59229431e+03, 8.54515259e+02,
    1.47205151e+03, 7.14914001e+02, 1.49131934e+03, 7.51609741e+02,
    1.51060620e+03, 7.89197449e+02, 1.53064331e+03, 8.27594543e+02,
    1.55108691e+03, 8.67130798e+02 ]
