%YAML:1.0
---
points: [ 4.15464294e+02, 2.36891815e+02, 4.17383820e+02, 2.45478851e+02,
    4.19515900e+02, 2.54152969e+02, 4.21615784e+02, 2.62721771e+02,
    4.23781769e+02, 2.71538696e+02, 4.06450317e+02, 2.38393829e+02,
    4.08576294e+02, 2.46891449e+02, 4.10670471e+02, 2.55349869e+02,
    4.12693481e+02, 2.63904175e+02, 4.14806244e+02, 2.72519104e+02,
    3.97897095e+02, 2.39880463e+02, 3.99844147e+02, 2.48189346e+02,
    4.01877747e+02, 2.56565155e+02, 4.03937897e+02, 2.65034515e+02,
    4.06028748e+02, 2.73451752e+02, 3.89613892e+02, 2.41117310e+02,
    3.91545288e+02, 2.49366653e+02, 3.93423004e+02, 2.57623505e+02,
    3.95463074e+02, 2.66063263e+02, 3.97427551e+02, 2.74333160e+02,
    3.81577393e+02, 2.42399231e+02, 3.83349640e+02, 2.50678192e+02,
    3.85121277e+02, 2.58857574e+02, 3.87207397e+02, 2.67026550e+02,
    3.89176727e+02, 2.75281464e+02, 3.73580719e+02, 2.43736160e+02,
    3.75232605e+02, 2.51897003e+02, 3.77190735e+02, 2.59886292e+02,
    3.78878510e+02, 2.68024384e+02, 3.80914917e+02, 2.76155884e+02,
    3.65948639e+02, 2.44986267e+02, 3.67709229e+02, 2.53010361e+02,
    3.69477448e+02, 2.60869415e+02, 3.71528625e+02, 2.69014252e+02,
    3.73390289e+02, 2.76901825e+02 ]
