%YAML:1.0
---
points: [ 1.38581299e+03, 6.27173828e+02, 1.39145349e+03, 6.52533020e+02,
    1.39732642e+03, 6.77876709e+02, 1.40329285e+03, 7.03542542e+02,
    1.40942810e+03, 7.29460999e+02, 1.36006470e+03, 6.30923950e+02,
    1.36557996e+03, 6.56059875e+02, 1.37136121e+03, 6.81270081e+02,
    1.37730286e+03, 7.06601746e+02, 1.38327148e+03, 7.32068604e+02,
    1.33516968e+03, 6.34789124e+02, 1.34049438e+03, 6.59723877e+02,
    1.34595691e+03, 6.84446106e+02, 1.35163818e+03, 7.09246887e+02,
    1.35749792e+03, 7.34411560e+02, 1.31123315e+03, 6.38562256e+02,
    1.31637451e+03, 6.63036987e+02, 1.32163574e+03, 6.87354614e+02,
    1.32722717e+03, 7.12090576e+02, 1.33278357e+03, 7.36824097e+02,
    1.28762805e+03, 6.42275879e+02, 1.29257983e+03, 6.66313965e+02,
    1.29779590e+03, 6.90494019e+02, 1.30310107e+03, 7.14515503e+02,
    1.30863770e+03, 7.39144836e+02, 1.26479431e+03, 6.45607544e+02,
    1.26980664e+03, 6.69507324e+02, 1.27473767e+03, 6.93084717e+02,
    1.28002502e+03, 7.17154541e+02, 1.28524585e+03, 7.41290649e+02,
    1.24305835e+03, 6.49200684e+02, 1.24795374e+03, 6.72380493e+02,
    1.25281091e+03, 6.95912170e+02, 1.25782068e+03, 7.19347107e+02,
    1.26307153e+03, 7.43482849e+02 ]
