%YAML:1.0
---
points: [ 1.95983521e+02, 2.59835114e+02, 1.95799530e+02, 2.67122437e+02,
    1.96004349e+02, 2.74149567e+02, 1.95959686e+02, 2.81419373e+02,
    1.95989716e+02, 2.88730865e+02, 1.88784897e+02, 2.60038116e+02,
    1.88905945e+02, 2.67161011e+02, 1.89003372e+02, 2.74380157e+02,
    1.88931610e+02, 2.81606110e+02, 1.88988602e+02, 2.88850861e+02,
    1.81832413e+02, 2.60115448e+02, 1.81595291e+02, 2.67280365e+02,
    1.81622467e+02, 2.74482574e+02, 1.81833084e+02, 2.81715393e+02,
    1.81897949e+02, 2.89062775e+02, 1.75092728e+02, 2.60264404e+02,
    1.75386093e+02, 2.67303406e+02, 1.74958176e+02, 2.74567688e+02,
    1.75019806e+02, 2.81781158e+02, 1.75377228e+02, 2.89192780e+02,
    1.68502731e+02, 2.60289520e+02, 1.68183258e+02, 2.67499207e+02,
    1.68036118e+02, 2.74642609e+02, 1.68236023e+02, 2.81858704e+02,
    1.68017090e+02, 2.89166351e+02, 1.57501038e+02, 2.60620544e+02,
    1.57789459e+02, 2.67786346e+02, 1.57673843e+02, 2.74698914e+02,
    1.57485886e+02, 2.82240509e+02, 1.57657394e+02, 2.89230042e+02,
    1.57500992e+02, 2.60620514e+02, 1.57789429e+02, 2.67786346e+02,
    1.57673798e+02, 2.74698914e+02, 1.57485855e+02, 2.82240540e+02,
    1.57657349e+02, 2.89230011e+02 ]
