%YAML:1.0
---
points: [ 1.02032703e+03, 4.85664154e+02, 1.03623804e+03, 5.22282471e+02,
    1.05313708e+03, 5.60338806e+02, 1.07098364e+03, 5.99945068e+02,
    1.08976294e+03, 6.42200684e+02, 9.84180542e+02, 5.08969635e+02,
    9.98966309e+02, 5.45559143e+02, 1.01480927e+03, 5.83476746e+02,
    1.03158752e+03, 6.23347046e+02, 1.04971436e+03, 6.65313110e+02,
    9.49099365e+02, 5.32077820e+02, 9.62754944e+02, 5.68670654e+02,
    9.77583862e+02, 6.06415771e+02, 9.93420776e+02, 6.46173218e+02,
    1.01005157e+03, 6.87988708e+02, 9.15387329e+02, 5.54434814e+02,
    9.28110901e+02, 5.90899597e+02, 9.41955994e+02, 6.28590027e+02,
    9.56589539e+02, 6.68322021e+02, 9.72427979e+02, 7.10066650e+02,
    8.82204895e+02, 5.76398193e+02, 8.94390625e+02, 6.12593384e+02,
    9.07142395e+02, 6.50395935e+02, 9.20867493e+02, 6.89784546e+02,
    9.35414185e+02, 7.31461426e+02, 8.49873352e+02, 5.97695435e+02,
    8.61415710e+02, 6.33792175e+02, 8.73387817e+02, 6.71514709e+02,
    8.85881348e+02, 7.10896362e+02, 8.99520203e+02, 7.52460205e+02,
    8.18700500e+02, 6.18383972e+02, 8.29819275e+02, 6.54580444e+02,
    8.40864258e+02, 6.92127136e+02, 8.52991577e+02, 7.31204590e+02,
    8.65479370e+02, 7.72747925e+02 ]
