%YAML:1.0
---
points: [ 2.47774796e+02, 2.24164734e+02, 2.44648453e+02, 2.41980438e+02,
    2.41152679e+02, 2.60862762e+02, 2.37848618e+02, 2.79968719e+02,
    2.34006653e+02, 3.00419769e+02, 2.29564651e+02, 2.20283585e+02,
    2.26043304e+02, 2.38318085e+02, 2.22271271e+02, 2.56888977e+02,
    2.18309479e+02, 2.76302155e+02, 2.14258179e+02, 2.96781372e+02,
    2.10922821e+02, 2.16428848e+02, 2.06874680e+02, 2.34321274e+02,
    2.02766068e+02, 2.53169876e+02, 1.98539398e+02, 2.72531036e+02,
    1.93909180e+02, 2.92984650e+02, 1.92322266e+02, 2.12613876e+02,
    1.87594147e+02, 2.30690048e+02, 1.83397079e+02, 2.49346497e+02,
    1.78480026e+02, 2.68980835e+02, 1.73711151e+02, 2.89294159e+02,
    1.72962814e+02, 2.08741638e+02, 1.68402252e+02, 2.26687134e+02,
    1.63311249e+02, 2.45584839e+02, 1.58383713e+02, 2.65092346e+02,
    1.53010010e+02, 2.85729614e+02, 1.53721680e+02, 2.04957352e+02,
    1.48439178e+02, 2.23038971e+02, 1.43369461e+02, 2.41652069e+02,
    1.37588593e+02, 2.61393921e+02, 1.31900040e+02, 2.81831848e+02,
    1.34068649e+02, 2.01093719e+02, 1.28920425e+02, 2.19144348e+02,
    1.23058182e+02, 2.38036850e+02, 1.17239761e+02, 2.57527100e+02,
    1.11107193e+02, 2.78201477e+02 ]
