%YAML:1.0
---
points: [ 7.47526733e+02, 6.86987854e+02, 7.47236633e+02, 7.08306213e+02,
    7.46998413e+02, 7.29438599e+02, 7.46707703e+02, 7.50702026e+02,
    7.46505554e+02, 7.72269836e+02, 7.26962341e+02, 6.87145874e+02,
    7.26605591e+02, 7.08430054e+02, 7.26290100e+02, 7.29499146e+02,
    7.26032898e+02, 7.50720337e+02, 7.25858887e+02, 7.72233337e+02,
    7.06349487e+02, 6.87251770e+02, 7.05779541e+02, 7.08517334e+02,
    7.05525391e+02, 7.29630310e+02, 7.05302917e+02, 7.50781189e+02,
    7.05165283e+02, 7.72252869e+02, 6.85735718e+02, 6.87313599e+02,
    6.85426453e+02, 7.08548401e+02, 6.85067871e+02, 7.29638977e+02,
    6.84731689e+02, 7.50858337e+02, 6.84522644e+02, 7.72337036e+02,
    6.65353088e+02, 6.87463806e+02, 6.64829285e+02, 7.08576843e+02,
    6.64457031e+02, 7.29712708e+02, 6.64055603e+02, 7.50834045e+02,
    6.63742126e+02, 7.72300293e+02, 6.44841492e+02, 6.87504395e+02,
    6.44426880e+02, 7.08620483e+02, 6.43886169e+02, 7.29767944e+02,
    6.43483704e+02, 7.50834229e+02, 6.43178528e+02, 7.72321655e+02,
    6.24779175e+02, 6.87600647e+02, 6.24388367e+02, 7.08679199e+02,
    6.23781189e+02, 7.29779602e+02, 6.23342957e+02, 7.50808594e+02,
    6.23037781e+02, 7.72336121e+02 ]
