%YAML:1.0
---
points: [ 1.93027878e+02, 1.92107971e+02, 1.92887390e+02, 2.02090134e+02,
    1.92887421e+02, 2.02090164e+02, 1.93914948e+02, 2.15525742e+02,
    1.94117004e+02, 2.19124817e+02, 1.92895035e+02, 1.96723343e+02,
    1.92887390e+02, 2.02090134e+02, 1.87952194e+02, 2.02486603e+02,
    1.87915268e+02, 2.09153229e+02, 1.94116989e+02, 2.19124802e+02,
    1.87674149e+02, 1.97601715e+02, 1.80350998e+02, 2.02569244e+02,
    1.87810211e+02, 2.06025177e+02, 1.87915268e+02, 2.09153229e+02,
    1.81482239e+02, 2.19496643e+02, 1.74602615e+02, 1.97054947e+02,
    1.74437805e+02, 2.04094055e+02, 1.74270615e+02, 2.06353210e+02,
    1.81630707e+02, 2.16309433e+02, 1.81482300e+02, 2.19496536e+02,
    1.74602570e+02, 1.97054810e+02, 1.74602615e+02, 1.97054947e+02,
    1.68034424e+02, 2.03953857e+02, 1.73994064e+02, 2.16328293e+02,
    1.74451477e+02, 2.19980942e+02, 1.61369202e+02, 1.97783844e+02,
    1.61369217e+02, 1.97783875e+02, 1.61417603e+02, 2.04022888e+02,
    1.61580490e+02, 2.16720291e+02, 1.68330124e+02, 2.20125137e+02,
    1.61369202e+02, 1.97783844e+02, 1.61369202e+02, 1.97783875e+02,
    1.61560638e+02, 2.07180084e+02, 1.61580490e+02, 2.16720291e+02,
    1.61580521e+02, 2.16720322e+02 ]
