%YAML:1.0
---
points: [ 7.54560852e+02, 4.88252319e+02, 7.54663696e+02, 5.07772705e+02,
    7.54815186e+02, 5.27418518e+02, 7.55198608e+02, 5.46953674e+02,
    7.55361267e+02, 5.66739380e+02, 7.35558594e+02, 4.88787598e+02,
    7.35652283e+02, 5.08443024e+02, 7.35737366e+02, 5.28001953e+02,
    7.35957153e+02, 5.47592102e+02, 7.36360779e+02, 5.67321289e+02,
    7.16763184e+02, 4.89738708e+02, 7.16640747e+02, 5.09095367e+02,
    7.16733826e+02, 5.28618347e+02, 7.16884277e+02, 5.48216858e+02,
    7.17144165e+02, 5.67786011e+02, 6.97802307e+02, 4.90431793e+02,
    6.97705994e+02, 5.09760559e+02, 6.97815674e+02, 5.29220398e+02,
    6.98021057e+02, 5.48957336e+02, 6.98274902e+02, 5.68438293e+02,
    6.79213013e+02, 4.91085907e+02, 6.79077942e+02, 5.10477875e+02,
    6.79103516e+02, 5.29850525e+02, 6.79261658e+02, 5.49378723e+02,
    6.79472107e+02, 5.69125977e+02, 6.60389587e+02, 4.91836639e+02,
    6.60338440e+02, 5.11130280e+02, 6.60320679e+02, 5.30475281e+02,
    6.60273071e+02, 5.49899170e+02, 6.60414368e+02, 5.69644226e+02,
    6.42214111e+02, 4.92435272e+02, 6.42105530e+02, 5.11871796e+02,
    6.41938416e+02, 5.31018005e+02, 6.42030701e+02, 5.50475586e+02,
    6.42010986e+02, 5.70209656e+02 ]
