%YAML:1.0
---
points: [ 5.27212708e+02, 4.45084656e+02, 5.10547211e+02, 4.83570801e+02,
    4.93527863e+02, 5.23900696e+02, 4.75869263e+02, 5.65584900e+02,
    4.57673676e+02, 6.09433899e+02, 4.82890411e+02, 4.34663971e+02,
    4.65446655e+02, 4.73386261e+02, 4.47444366e+02, 5.13388794e+02,
    4.29128967e+02, 5.55258728e+02, 4.10358398e+02, 5.98852661e+02,
    4.38313110e+02, 4.24747894e+02, 4.19803711e+02, 4.63244324e+02,
    4.01119049e+02, 5.03048798e+02, 3.81990295e+02, 5.44644165e+02,
    3.62303619e+02, 5.88332581e+02, 3.94220001e+02, 4.14890900e+02,
    3.74699097e+02, 4.53339783e+02, 3.55405090e+02, 4.92828125e+02,
    3.35323975e+02, 5.34432922e+02, 3.14895447e+02, 5.77833313e+02,
    3.49712463e+02, 4.05296082e+02, 3.29748840e+02, 4.43392761e+02,
    3.09590668e+02, 4.82682861e+02, 2.88793457e+02, 5.24076843e+02,
    2.67350677e+02, 5.67236755e+02, 3.05530823e+02, 3.95546112e+02,
    2.84902863e+02, 4.33476440e+02, 2.64063904e+02, 4.72648682e+02,
    2.42351532e+02, 5.13692627e+02, 2.20180054e+02, 5.56539551e+02,
    2.62027588e+02, 3.85732758e+02, 2.41314499e+02, 4.23988617e+02,
    2.19410202e+02, 4.62950989e+02, 1.97417374e+02, 5.03649597e+02,
    1.74291687e+02, 5.46538635e+02 ]
