%YAML:1.0
---
points: [ 2.07931213e+02, 2.29365723e+02, 2.03208069e+02, 2.46383240e+02,
    1.98025406e+02, 2.64056274e+02, 1.92608124e+02, 2.82259644e+02,
    1.86835007e+02, 3.01977417e+02, 1.90890564e+02, 2.23505508e+02,
    1.85631790e+02, 2.40801041e+02, 1.80003860e+02, 2.58608795e+02,
    1.74172760e+02, 2.77299133e+02, 1.68107788e+02, 2.96851929e+02,
    1.72787781e+02, 2.17955170e+02, 1.67136185e+02, 2.35052429e+02,
    1.61255051e+02, 2.53313370e+02, 1.55059982e+02, 2.71912750e+02,
    1.48437988e+02, 2.91661316e+02, 1.54764069e+02, 2.11888351e+02,
    1.48525406e+02, 2.29619904e+02, 1.42197159e+02, 2.47491821e+02,
    1.35315887e+02, 2.66665619e+02, 1.28299789e+02, 2.86428589e+02,
    1.35444885e+02, 2.05694977e+02, 1.29185852e+02, 2.23400970e+02,
    1.22185654e+02, 2.41838089e+02, 1.15045990e+02, 2.61001617e+02,
    1.07534966e+02, 2.81033997e+02, 1.16295090e+02, 1.99479126e+02,
    1.09034004e+02, 2.17427643e+02, 1.01892815e+02, 2.35734787e+02,
    9.40396347e+01, 2.55078690e+02, 8.63298416e+01, 2.75249115e+02,
    9.60096283e+01, 1.93222061e+02, 8.88266296e+01, 2.11055435e+02,
    8.11337738e+01, 2.29879272e+02, 7.32451019e+01, 2.49106339e+02,
    6.48988342e+01, 2.69525940e+02 ]
