%YAML:1.0
---
points: [ 5.85945129e+02, 6.67450195e+02, 5.59413940e+02, 6.95854675e+02,
    5.31571106e+02, 7.25039490e+02, 5.03168915e+02, 7.54910767e+02,
    4.73297607e+02, 7.85933472e+02, 5.62344238e+02, 6.44480713e+02,
    5.34800659e+02, 6.72995361e+02, 5.06326996e+02, 7.02359741e+02,
    4.76606750e+02, 7.32532532e+02, 4.45676147e+02, 7.63692810e+02,
    5.37191956e+02, 6.20033630e+02, 5.08788116e+02, 6.48878540e+02,
    4.79279358e+02, 6.78426941e+02, 4.48594421e+02, 7.08786804e+02,
    4.16604187e+02, 7.40162415e+02, 5.11236877e+02, 5.94779968e+02,
    4.81729614e+02, 6.23798706e+02, 4.51240417e+02, 6.53535156e+02,
    4.19485046e+02, 6.84204712e+02, 3.86447083e+02, 7.15879211e+02,
    4.83892517e+02, 5.68428223e+02, 4.53322998e+02, 5.97539124e+02,
    4.21756897e+02, 6.27427124e+02, 3.89021851e+02, 6.58352905e+02,
    3.54878052e+02, 6.90355408e+02, 4.55424896e+02, 5.40803162e+02,
    4.23674561e+02, 5.70056946e+02, 3.91039978e+02, 6.00174927e+02,
    3.56972229e+02, 6.31165649e+02, 3.21623657e+02, 6.63586609e+02,
    4.25979584e+02, 5.12273926e+02, 3.93034027e+02, 5.41601135e+02,
    3.59267975e+02, 5.71882935e+02, 3.24097687e+02, 6.03265137e+02,
    2.87382721e+02, 6.35844604e+02 ]
