%YAML:1.0
---
points: [ 1.15625769e+03, 2.30899933e+02, 1.15926917e+03, 2.61768219e+02,
    1.16229895e+03, 2.92627869e+02, 1.16523828e+03, 3.23668335e+02,
    1.16854919e+03, 3.55004456e+02, 1.12527136e+03, 2.37215057e+02,
    1.12812561e+03, 2.67577026e+02, 1.13114917e+03, 2.98230499e+02,
    1.13405981e+03, 3.29000702e+02, 1.13735608e+03, 3.59974823e+02,
    1.09465186e+03, 2.43449280e+02, 1.09725281e+03, 2.73629211e+02,
    1.10032178e+03, 3.03745300e+02, 1.10314880e+03, 3.34350616e+02,
    1.10632690e+03, 3.64991852e+02, 1.06490417e+03, 2.49484573e+02,
    1.06756274e+03, 2.79400055e+02, 1.07032788e+03, 3.09305237e+02,
    1.07333691e+03, 3.39457428e+02, 1.07619324e+03, 3.69956024e+02,
    1.03560327e+03, 2.55396240e+02, 1.03827856e+03, 2.85120514e+02,
    1.04085583e+03, 3.14573792e+02, 1.04378125e+03, 3.44522644e+02,
    1.04667688e+03, 3.74648468e+02, 1.00691406e+03, 2.61255463e+02,
    1.00947217e+03, 2.90597595e+02, 1.01201044e+03, 3.19792633e+02,
    1.01471643e+03, 3.49514557e+02, 1.01759436e+03, 3.79379242e+02,
    9.79126404e+02, 2.66685181e+02, 9.81622009e+02, 2.96135498e+02,
    9.84275696e+02, 3.24945709e+02, 9.86813904e+02, 3.54461975e+02,
    9.89688599e+02, 3.83777466e+02 ]
