%YAML:1.0
---
points: [ 3.38863922e+02, 1.02826141e+02, 3.40046143e+02, 1.13386757e+02,
    3.41251068e+02, 1.23835709e+02, 3.42420685e+02, 1.34382706e+02,
    3.43797302e+02, 1.45007675e+02, 3.28121674e+02, 1.05231949e+02,
    3.29333374e+02, 1.15615349e+02, 3.30566193e+02, 1.25993393e+02,
    3.31704773e+02, 1.36443771e+02, 3.32943665e+02, 1.46924179e+02,
    3.17606964e+02, 1.07626884e+02, 3.18697845e+02, 1.17890556e+02,
    3.19890320e+02, 1.27921120e+02, 3.21097076e+02, 1.38335037e+02,
    3.22205872e+02, 1.48791611e+02, 3.07388153e+02, 1.09707870e+02,
    3.08419067e+02, 1.19743668e+02, 3.09438385e+02, 1.29953491e+02,
    3.10635956e+02, 1.40257324e+02, 3.11849945e+02, 1.50558212e+02,
    2.97310242e+02, 1.11749260e+02, 2.98303680e+02, 1.21866570e+02,
    2.99365723e+02, 1.31951553e+02, 3.00444519e+02, 1.42197342e+02,
    3.01644958e+02, 1.52403259e+02, 2.87333099e+02, 1.13962410e+02,
    2.88274261e+02, 1.23865585e+02, 2.89441010e+02, 1.33856689e+02,
    2.90336395e+02, 1.43866287e+02, 2.91563934e+02, 1.54048615e+02,
    2.77755859e+02, 1.16130707e+02, 2.78801880e+02, 1.26001709e+02,
    2.79753571e+02, 1.35777435e+02, 2.80872284e+02, 1.45732452e+02,
    2.82081635e+02, 1.55706024e+02 ]
