%YAML:1.0
---
points: [ 2.14010239e+02, 1.67455215e+02, 2.09816757e+02, 1.85084885e+02,
    2.05349579e+02, 2.03374908e+02, 2.01001297e+02, 2.21759186e+02,
    1.96216019e+02, 2.40810287e+02, 1.95742874e+02, 1.61828796e+02,
    1.91129776e+02, 1.80045288e+02, 1.86718567e+02, 1.98438614e+02,
    1.82007935e+02, 2.17040298e+02, 1.77002060e+02, 2.36292618e+02,
    1.76725204e+02, 1.56295547e+02, 1.72004333e+02, 1.74501175e+02,
    1.67120804e+02, 1.93167175e+02, 1.62162323e+02, 2.12002960e+02,
    1.56794434e+02, 2.31716705e+02, 1.57171188e+02, 1.50238968e+02,
    1.52279373e+02, 1.69116241e+02, 1.47070374e+02, 1.87707458e+02,
    1.41667938e+02, 2.07229355e+02, 1.36299820e+02, 2.26837143e+02,
    1.36984024e+02, 1.44488480e+02, 1.31614502e+02, 1.63063065e+02,
    1.26157883e+02, 1.82309158e+02, 1.20527931e+02, 2.01813293e+02,
    1.14645981e+02, 2.21990494e+02, 1.16173622e+02, 1.38241425e+02,
    1.10384338e+02, 1.57228027e+02, 1.04756325e+02, 1.76503128e+02,
    9.85396652e+01, 1.96528992e+02, 9.25510330e+01, 2.16864716e+02,
    9.50424423e+01, 1.32093552e+02, 8.91114120e+01, 1.51206528e+02,
    8.28079910e+01, 1.70977188e+02, 7.67145920e+01, 1.90843185e+02,
    7.03266525e+01, 2.11721405e+02 ]
