%YAML:1.0
---
points: [ 4.92029877e+02, 8.02248474e+02, 4.63243164e+02, 8.40220337e+02,
    4.33540894e+02, 8.78774658e+02, 4.03185547e+02, 9.18517517e+02,
    3.71667023e+02, 9.59169006e+02, 4.56702118e+02, 7.80747864e+02,
    4.26731995e+02, 8.19234009e+02, 3.96102936e+02, 8.58210632e+02,
    3.64442413e+02, 8.98417358e+02, 3.31832153e+02, 9.39470276e+02,
    4.19491455e+02, 7.58089722e+02, 3.88387024e+02, 7.96830994e+02,
    3.56525452e+02, 8.36419006e+02, 3.23793854e+02, 8.76903625e+02,
    2.90058319e+02, 9.18421021e+02, 3.80869324e+02, 7.34534790e+02,
    3.48637390e+02, 7.73722656e+02, 3.15654480e+02, 8.13630066e+02,
    2.81697510e+02, 8.54546509e+02, 2.46776398e+02, 8.96691956e+02,
    3.40601685e+02, 7.09854248e+02, 3.07201721e+02, 7.49396606e+02,
    2.73099182e+02, 7.89658020e+02, 2.37855545e+02, 8.31140808e+02,
    2.01748047e+02, 8.73772644e+02, 2.98785797e+02, 6.84209717e+02,
    2.64125977e+02, 7.23830872e+02, 2.28711884e+02, 7.64617493e+02,
    1.92253525e+02, 8.06445190e+02, 1.54786240e+02, 8.49795715e+02,
    2.55753296e+02, 6.57530579e+02, 2.19800400e+02, 6.97540283e+02,
    1.83228577e+02, 7.38657349e+02, 1.45615524e+02, 7.81009460e+02,
    1.06805107e+02, 8.24909424e+02 ]
