%YAML:1.0
---
points: [ 8.58632996e+02, 3.18421906e+02, 8.58271729e+02, 3.45785950e+02,
    8.57721924e+02, 3.73209045e+02, 8.57058960e+02, 4.00859894e+02,
    8.56480164e+02, 4.28538910e+02, 8.31208191e+02, 3.17721924e+02,
    8.30501648e+02, 3.45246063e+02, 8.29796570e+02, 3.72534271e+02,
    8.29413452e+02, 4.00180420e+02, 8.28826355e+02, 4.28020752e+02,
    8.03200012e+02, 3.17247375e+02, 8.02608093e+02, 3.44623352e+02,
    8.02069397e+02, 3.72071320e+02, 8.01414917e+02, 3.99508575e+02,
    8.00918152e+02, 4.27425751e+02, 7.75643738e+02, 3.16635498e+02,
    7.74949829e+02, 3.44169586e+02, 7.74313354e+02, 3.71383911e+02,
    7.73734009e+02, 3.99015350e+02, 7.73024597e+02, 4.26875977e+02,
    7.47888367e+02, 3.16123596e+02, 7.47252258e+02, 3.43530640e+02,
    7.46360779e+02, 3.70899597e+02, 7.45625244e+02, 3.98360992e+02,
    7.45155884e+02, 4.26255280e+02, 7.20075684e+02, 3.15423553e+02,
    7.19071655e+02, 3.42824188e+02, 7.18459473e+02, 3.70391876e+02,
    7.17617676e+02, 3.97793213e+02, 7.17089417e+02, 4.25668182e+02,
    6.92361938e+02, 3.14870117e+02, 6.91648804e+02, 3.42395477e+02,
    6.90876831e+02, 3.69752045e+02, 6.90309265e+02, 3.97369476e+02,
    6.89557007e+02, 4.25212189e+02 ]
