%YAML:1.0
---
points: [ 2.35976730e+02, 1.34282471e+02, 2.35899536e+02, 1.43470825e+02,
    2.35816650e+02, 1.52825119e+02, 2.35732452e+02, 1.62226730e+02,
    2.35719177e+02, 1.71460846e+02, 2.26577621e+02, 1.34228973e+02,
    2.26430496e+02, 1.43400238e+02, 2.26537781e+02, 1.52702011e+02,
    2.26373398e+02, 1.62230011e+02, 2.26327621e+02, 1.71480530e+02,
    2.17061905e+02, 1.34212036e+02, 2.17077866e+02, 1.43377457e+02,
    2.16980072e+02, 1.52561844e+02, 2.16942047e+02, 1.62172791e+02,
    2.16825882e+02, 1.71411957e+02, 2.07779526e+02, 1.34136215e+02,
    2.07656021e+02, 1.43237671e+02, 2.07559952e+02, 1.52429932e+02,
    2.07492172e+02, 1.62044006e+02, 2.07430191e+02, 1.71369644e+02,
    1.98542862e+02, 1.33903976e+02, 1.98248901e+02, 1.43321686e+02,
    1.98216919e+02, 1.52582550e+02, 1.98159882e+02, 1.61968674e+02,
    1.98117722e+02, 1.71331802e+02, 1.89033981e+02, 1.33900482e+02,
    1.88649811e+02, 1.43197189e+02, 1.88487610e+02, 1.52426636e+02,
    1.88301804e+02, 1.61824966e+02, 1.88495560e+02, 1.71334412e+02,
    1.79465576e+02, 1.33906326e+02, 1.79448883e+02, 1.43247284e+02,
    1.79341553e+02, 1.52446442e+02, 1.79381927e+02, 1.61777435e+02,
    1.79321457e+02, 1.71186478e+02 ]
