%YAML:1.0
---
points: [ 3.35993958e+02, 1.22616714e+02, 3.36233887e+02, 1.45043732e+02,
    3.36344360e+02, 1.67798737e+02, 3.36815247e+02, 1.91053345e+02,
    3.37217407e+02, 2.15244293e+02, 3.12382477e+02, 1.24732697e+02,
    3.12338196e+02, 1.46690262e+02, 3.12323334e+02, 1.69134933e+02,
    3.12407928e+02, 1.92056320e+02, 3.12759521e+02, 2.15454895e+02,
    2.89828033e+02, 1.26861023e+02, 2.89342102e+02, 1.48707962e+02,
    2.89127045e+02, 1.70463486e+02, 2.89021637e+02, 1.92942383e+02,
    2.89001434e+02, 2.15775803e+02, 2.68171783e+02, 1.28999634e+02,
    2.67664673e+02, 1.50220108e+02, 2.67140747e+02, 1.71683395e+02,
    2.66837646e+02, 1.93786774e+02, 2.66557526e+02, 2.16329712e+02,
    2.47168488e+02, 1.31030090e+02, 2.46415314e+02, 1.51953598e+02,
    2.45841431e+02, 1.72986343e+02, 2.45319122e+02, 1.94709335e+02,
    2.44796570e+02, 2.16817062e+02, 2.27008591e+02, 1.32870087e+02,
    2.25967346e+02, 1.53169205e+02, 2.25273315e+02, 1.74169037e+02,
    2.24364838e+02, 1.95542221e+02, 2.23739670e+02, 2.17328812e+02,
    2.07424789e+02, 1.34477814e+02, 2.06758209e+02, 1.55163544e+02,
    2.05725128e+02, 1.75323547e+02, 2.04776520e+02, 1.96088623e+02,
    2.03802597e+02, 2.17765045e+02 ]
