%YAML:1.0
---
points: [ 1.88233475e+02, 1.36981781e+02, 1.87655731e+02, 1.46117630e+02,
    1.87152145e+02, 1.55260880e+02, 1.86672363e+02, 1.64461227e+02,
    1.86067917e+02, 1.73658401e+02, 1.78834900e+02, 1.36043060e+02,
    1.78227753e+02, 1.45202789e+02, 1.77776917e+02, 1.54336960e+02,
    1.77172943e+02, 1.63628754e+02, 1.76547714e+02, 1.72864319e+02,
    1.69183929e+02, 1.35283218e+02, 1.68676361e+02, 1.44323227e+02,
    1.68151810e+02, 1.53572815e+02, 1.67453369e+02, 1.62834686e+02,
    1.66953827e+02, 1.72205048e+02, 1.59761536e+02, 1.34279663e+02,
    1.59194244e+02, 1.43492981e+02, 1.58455658e+02, 1.52726501e+02,
    1.57921860e+02, 1.62059006e+02, 1.57343521e+02, 1.71418945e+02,
    1.50149948e+02, 1.33364532e+02, 1.49385620e+02, 1.42624420e+02,
    1.48749466e+02, 1.51871292e+02, 1.48129456e+02, 1.61317001e+02,
    1.47565460e+02, 1.70566635e+02, 1.40059708e+02, 1.32457779e+02,
    1.39455582e+02, 1.41721420e+02, 1.38851089e+02, 1.51092422e+02,
    1.38084213e+02, 1.60529312e+02, 1.37648865e+02, 1.69966278e+02,
    1.30527191e+02, 1.31702835e+02, 1.29913101e+02, 1.40996857e+02,
    1.29179138e+02, 1.50353134e+02, 1.28473389e+02, 1.59575256e+02,
    1.27949272e+02, 1.69244904e+02 ]
