%YAML:1.0
---
points: [ 7.18776611e+02, 3.24443451e+02, 7.16793762e+02, 3.51385040e+02,
    7.14873108e+02, 3.78321075e+02, 7.12650940e+02, 4.05344360e+02,
    7.10768799e+02, 4.32718658e+02, 6.90771118e+02, 3.21475525e+02,
    6.88818481e+02, 3.48587463e+02, 6.86572632e+02, 3.75540375e+02,
    6.84816650e+02, 4.02727753e+02, 6.82532898e+02, 4.30080475e+02,
    6.62356689e+02, 3.18453491e+02, 6.60220154e+02, 3.45519531e+02,
    6.58206665e+02, 3.72586548e+02, 6.55921387e+02, 3.99839142e+02,
    6.53794495e+02, 4.27561523e+02, 6.33833496e+02, 3.15268005e+02,
    6.31623352e+02, 3.42634521e+02, 6.29421936e+02, 3.69828552e+02,
    6.27324524e+02, 3.97374542e+02, 6.25147766e+02, 4.24818573e+02,
    6.05052490e+02, 3.12369110e+02, 6.02618713e+02, 3.39561493e+02,
    6.00539917e+02, 3.67069946e+02, 5.98200012e+02, 3.94495148e+02,
    5.96046997e+02, 4.22425293e+02, 5.75869507e+02, 3.09229095e+02,
    5.73494995e+02, 3.36715637e+02, 5.71066528e+02, 3.64263092e+02,
    5.68875916e+02, 3.91736328e+02, 5.66443237e+02, 4.19640106e+02,
    5.46901306e+02, 3.06351135e+02, 5.44441956e+02, 3.33858429e+02,
    5.42302979e+02, 3.61400970e+02, 5.39691589e+02, 3.89066071e+02,
    5.37487610e+02, 4.17305481e+02 ]
