%YAML:1.0
---
points: [ 4.01233124e+02, 6.68859024e+01, 4.05770813e+02, 9.26170044e+01,
    4.10363495e+02, 1.19580971e+02, 4.15124359e+02, 1.47444595e+02,
    4.20028687e+02, 1.76597931e+02, 3.73146759e+02, 7.67605057e+01,
    3.76824951e+02, 1.01808586e+02, 3.80612793e+02, 1.27759941e+02,
    3.84723419e+02, 1.54810486e+02, 3.88805481e+02, 1.82786713e+02,
    3.46642639e+02, 8.64258270e+01, 3.49507446e+02, 1.10708824e+02,
    3.52827820e+02, 1.35798813e+02, 3.56072723e+02, 1.61771088e+02,
    3.59701202e+02, 1.88579178e+02, 3.22642090e+02, 9.52906418e+01,
    3.24801544e+02, 1.18993179e+02, 3.27392853e+02, 1.43178040e+02,
    3.30310730e+02, 1.68287781e+02, 3.33292877e+02, 1.94107986e+02,
    2.99827118e+02, 1.03926140e+02, 3.01773590e+02, 1.26773903e+02,
    3.03967560e+02, 1.50113312e+02, 3.06393402e+02, 1.74123138e+02,
    3.09089264e+02, 1.98905548e+02, 2.79070007e+02, 1.11860069e+02,
    2.80668823e+02, 1.33897598e+02, 2.82369110e+02, 1.56506134e+02,
    2.84442657e+02, 1.79591019e+02, 2.86551422e+02, 2.03633575e+02,
    2.59863129e+02, 1.19063812e+02, 2.61407837e+02, 1.40391144e+02,
    2.62901428e+02, 1.62264633e+02, 2.64476288e+02, 1.84505707e+02,
    2.66430969e+02, 2.07786880e+02 ]
