%YAML:1.0
---
points: [ 9.29144409e+02, 7.97194092e+02, 9.09639832e+02, 8.38320801e+02,
    8.89193726e+02, 8.80304565e+02, 8.68283081e+02, 9.23529114e+02,
    8.46034912e+02, 9.68204224e+02, 8.96946289e+02, 7.77792847e+02,
    8.76617493e+02, 8.19349609e+02, 8.55453186e+02, 8.61741333e+02,
    8.33187439e+02, 9.05514954e+02, 8.09952393e+02, 9.50669312e+02,
    8.62725342e+02, 7.57423218e+02, 8.41595032e+02, 7.99380981e+02,
    8.19604309e+02, 8.42377075e+02, 7.96456909e+02, 8.86502563e+02,
    7.72242065e+02, 9.32152710e+02, 8.27716003e+02, 7.36479675e+02,
    8.05579224e+02, 7.78860901e+02, 7.82552246e+02, 8.22340210e+02,
    7.58359924e+02, 8.66978271e+02, 7.33201355e+02, 9.13421509e+02,
    7.91197205e+02, 7.14819153e+02, 7.68108276e+02, 7.57594543e+02,
    7.43956787e+02, 8.01430725e+02, 7.18810242e+02, 8.46644348e+02,
    6.92506409e+02, 8.93585083e+02, 7.53303955e+02, 6.92388550e+02,
    7.28916748e+02, 7.35436829e+02, 7.03747620e+02, 7.79691467e+02,
    6.77394775e+02, 8.25512390e+02, 6.50112488e+02, 8.73208862e+02,
    7.14144775e+02, 6.69351562e+02, 6.88473022e+02, 7.12724243e+02,
    6.62354553e+02, 7.57549805e+02, 6.34947937e+02, 8.03799866e+02,
    6.06403503e+02, 8.52138977e+02 ]
