%YAML:1.0
---
points: [ 2.35275055e+02, 9.98738403e+01, 2.35414749e+02, 1.13895592e+02,
    2.35551132e+02, 1.28262192e+02, 2.35927048e+02, 1.42223709e+02,
    2.36281601e+02, 1.56432449e+02, 2.21242752e+02, 1.00558609e+02,
    2.21456390e+02, 1.14464264e+02, 2.21657913e+02, 1.28618195e+02,
    2.21939102e+02, 1.42712326e+02, 2.22245026e+02, 1.57025665e+02,
    2.07305725e+02, 1.01372414e+02, 2.07413116e+02, 1.15328712e+02,
    2.07676987e+02, 1.29240463e+02, 2.07936035e+02, 1.43340027e+02,
    2.08191116e+02, 1.57353897e+02, 1.93668488e+02, 1.02165955e+02,
    1.93669968e+02, 1.16072693e+02, 1.93833481e+02, 1.29829514e+02,
    1.94111481e+02, 1.43930374e+02, 1.94342331e+02, 1.58032852e+02,
    1.80004074e+02, 1.02822792e+02, 1.80135513e+02, 1.16608063e+02,
    1.80192291e+02, 1.30491486e+02, 1.80249069e+02, 1.44396332e+02,
    1.80538330e+02, 1.58519897e+02, 1.66448853e+02, 1.03574219e+02,
    1.66306274e+02, 1.17344910e+02, 1.66551163e+02, 1.31147568e+02,
    1.66590714e+02, 1.45187561e+02, 1.66898727e+02, 1.58902390e+02,
    1.53219009e+02, 1.04458611e+02, 1.53340195e+02, 1.18169479e+02,
    1.53462387e+02, 1.31671173e+02, 1.53453445e+02, 1.45622437e+02,
    1.53709717e+02, 1.59462845e+02 ]
