%YAML:1.0
---
points: [ 1.30374231e+03, 7.55049988e+02, 1.31048193e+03, 8.03689087e+02,
    1.31701160e+03, 8.53455872e+02, 1.32363184e+03, 9.03980530e+02,
    1.33036670e+03, 9.56262695e+02, 1.25560962e+03, 7.57521484e+02,
    1.26160217e+03, 8.05988892e+02, 1.26770593e+03, 8.55232544e+02,
    1.27383472e+03, 9.05721619e+02, 1.28002966e+03, 9.57489075e+02,
    1.20766711e+03, 7.59875793e+02, 1.21298059e+03, 8.08126465e+02,
    1.21845093e+03, 8.57056274e+02, 1.22404065e+03, 9.07346924e+02,
    1.22953052e+03, 9.58713867e+02, 1.16089978e+03, 7.62344910e+02,
    1.16553845e+03, 8.10210510e+02, 1.17049036e+03, 8.58994019e+02,
    1.17539648e+03, 9.08709290e+02, 1.18052563e+03, 9.60091248e+02,
    1.11471094e+03, 7.64839172e+02, 1.11877478e+03, 8.12370361e+02,
    1.12305872e+03, 8.60642578e+02, 1.12749597e+03, 9.10285339e+02,
    1.13195349e+03, 9.61216614e+02, 1.06931909e+03, 7.67205017e+02,
    1.07266125e+03, 8.14291748e+02, 1.07630615e+03, 8.62406250e+02,
    1.08005017e+03, 9.11780945e+02, 1.08394226e+03, 9.62589111e+02,
    1.02460730e+03, 7.69739075e+02, 1.02778418e+03, 8.16574036e+02,
    1.03088098e+03, 8.64274841e+02, 1.03411694e+03, 9.13258728e+02,
    1.03743494e+03, 9.63704285e+02 ]
