%YAML:1.0
---
points: [ 8.33044067e+02, 2.16911819e+02, 8.33099060e+02, 2.58465820e+02,
    8.33200317e+02, 2.99904266e+02, 8.33326904e+02, 3.41518402e+02,
    8.33439697e+02, 3.83571930e+02, 7.92219727e+02, 2.18297516e+02,
    7.92032532e+02, 2.59737335e+02, 7.92060059e+02, 3.00983978e+02,
    7.92235474e+02, 3.42615356e+02, 7.92478394e+02, 3.84613983e+02,
    7.51275452e+02, 2.19838028e+02, 7.50854736e+02, 2.61150848e+02,
    7.50798523e+02, 3.02284668e+02, 7.50940186e+02, 3.43707581e+02,
    7.51198059e+02, 3.85532104e+02, 7.11118469e+02, 2.21544022e+02,
    7.10660522e+02, 2.62446625e+02, 7.10506592e+02, 3.03477051e+02,
    7.10475220e+02, 3.44692230e+02, 7.10641785e+02, 3.86484070e+02,
    6.70974121e+02, 2.23253098e+02, 6.70437988e+02, 2.63892426e+02,
    6.70203491e+02, 3.04682587e+02, 6.70129639e+02, 3.45734558e+02,
    6.70173523e+02, 3.87344391e+02, 6.31425720e+02, 2.24767746e+02,
    6.30676514e+02, 2.65387329e+02, 6.30138855e+02, 3.06067047e+02,
    6.29754333e+02, 3.46837677e+02, 6.29750183e+02, 3.88263733e+02,
    5.92195923e+02, 2.26493637e+02, 5.91619324e+02, 2.66846100e+02,
    5.91165527e+02, 3.07409119e+02, 5.90818237e+02, 3.48142670e+02,
    5.90614319e+02, 3.89271149e+02 ]
