%YAML:1.0
---
points: [ 2.53825500e+02, 1.54215149e+02, 2.49478790e+02, 1.70599976e+02,
    2.44614151e+02, 1.87186859e+02, 2.40022659e+02, 2.03738525e+02,
    2.34893692e+02, 2.20697525e+02, 2.40293198e+02, 1.47451752e+02,
    2.35719559e+02, 1.64465164e+02, 2.30848572e+02, 1.81457382e+02,
    2.25716187e+02, 1.98643906e+02, 2.20492111e+02, 2.15927856e+02,
    2.25780457e+02, 1.40681870e+02, 2.20814117e+02, 1.57864563e+02,
    2.15852402e+02, 1.75386246e+02, 2.10627228e+02, 1.92891907e+02,
    2.05094177e+02, 2.10672058e+02, 2.10415894e+02, 1.33237183e+02,
    2.05266754e+02, 1.51085434e+02, 2.00001434e+02, 1.68885483e+02,
    1.94421631e+02, 1.86990646e+02, 1.88639221e+02, 2.05466232e+02,
    1.93783966e+02, 1.25290573e+02, 1.88490540e+02, 1.43658081e+02,
    1.82712845e+02, 1.62140747e+02, 1.77001862e+02, 1.80640198e+02,
    1.71068680e+02, 1.99648026e+02, 1.76160919e+02, 1.16852837e+02,
    1.70407822e+02, 1.35766006e+02, 1.64622269e+02, 1.54728516e+02,
    1.58412109e+02, 1.74142761e+02, 1.52224243e+02, 1.93261063e+02,
    1.57646927e+02, 1.07991257e+02, 1.51558350e+02, 1.27268234e+02,
    1.45221420e+02, 1.47046097e+02, 1.39064392e+02, 1.66729355e+02,
    1.32308472e+02, 1.87112289e+02 ]
