%YAML:1.0
---
points: [ 3.09429749e+02, 1.40387985e+02, 3.06171570e+02, 1.58762878e+02,
    3.02644806e+02, 1.77532089e+02, 2.99321320e+02, 1.95925201e+02,
    2.95706757e+02, 2.14845016e+02, 2.92526123e+02, 1.35308350e+02,
    2.89227478e+02, 1.54179657e+02, 2.85571167e+02, 1.72933609e+02,
    2.82033356e+02, 1.91919724e+02, 2.78310333e+02, 2.10883240e+02,
    2.74471771e+02, 1.30588501e+02, 2.71503021e+02, 1.49673599e+02,
    2.67913910e+02, 1.68490005e+02, 2.64073181e+02, 1.87589249e+02,
    2.60201996e+02, 2.07070709e+02, 2.56817963e+02, 1.24991859e+02,
    2.53267395e+02, 1.44510025e+02, 2.49497635e+02, 1.63766281e+02,
    2.45589890e+02, 1.83374786e+02, 2.41582581e+02, 2.03024399e+02,
    2.37821182e+02, 1.19591766e+02, 2.34102905e+02, 1.39365280e+02,
    2.30195236e+02, 1.59111221e+02, 2.26292572e+02, 1.78722458e+02,
    2.22274612e+02, 1.98907944e+02, 2.18251556e+02, 1.13846367e+02,
    2.14265091e+02, 1.33839737e+02, 2.10320038e+02, 1.53914276e+02,
    2.06225525e+02, 1.74222076e+02, 2.02228760e+02, 1.94544662e+02,
    1.98147125e+02, 1.08075623e+02, 1.94038681e+02, 1.28361572e+02,
    1.89875229e+02, 1.48823074e+02, 1.85773285e+02, 1.69165878e+02,
    1.81388168e+02, 1.90129837e+02 ]
