%YAML:1.0
---
points: [ 3.15329071e+02, 6.16444817e+01, 3.17345581e+02, 7.74811554e+01,
    3.19223907e+02, 9.35266113e+01, 3.21245758e+02, 1.09367851e+02,
    3.23276794e+02, 1.25861267e+02, 2.99763184e+02, 6.60200729e+01,
    3.01502991e+02, 8.15939407e+01, 3.03288452e+02, 9.73168793e+01,
    3.05209167e+02, 1.13248085e+02, 3.07188721e+02, 1.29549622e+02,
    2.84486786e+02, 7.06204758e+01, 2.86160339e+02, 8.58315430e+01,
    2.87923096e+02, 1.01231506e+02, 2.89723969e+02, 1.17031403e+02,
    2.91579132e+02, 1.32553421e+02, 2.70001282e+02, 7.48153000e+01,
    2.71494568e+02, 8.98593597e+01, 2.73114624e+02, 1.05152702e+02,
    2.74862946e+02, 1.20466240e+02, 2.76727570e+02, 1.36043900e+02,
    2.55664078e+02, 7.89233322e+01, 2.57203369e+02, 9.38364105e+01,
    2.58788361e+02, 1.08874245e+02, 2.60365631e+02, 1.23876999e+02,
    2.62268036e+02, 1.39295135e+02, 2.42069733e+02, 8.28242035e+01,
    2.43292633e+02, 9.78080978e+01, 2.44936081e+02, 1.12330910e+02,
    2.46522064e+02, 1.27386986e+02, 2.48214081e+02, 1.42218948e+02,
    2.28799438e+02, 8.69066467e+01, 2.30378693e+02, 1.01299881e+02,
    2.31984802e+02, 1.15729736e+02, 2.33515182e+02, 1.30416138e+02,
    2.35232513e+02, 1.44942184e+02 ]
