%YAML:1.0
---
points: [ 1.86465649e+03, 8.12379578e+02, 1.87622424e+03, 8.59961426e+02,
    1.88736499e+03, 9.08184204e+02, 1.89869897e+03, 9.57293091e+02,
    1.90975525e+03, 1.00747742e+03, 1.81667224e+03, 8.15263550e+02,
    1.82772803e+03, 8.62644348e+02, 1.83830444e+03, 9.10624084e+02,
    1.84876819e+03, 9.59561890e+02, 1.85930164e+03, 1.00950909e+03,
    1.76800232e+03, 8.18021851e+02, 1.77873865e+03, 8.65481506e+02,
    1.78887268e+03, 9.13283264e+02, 1.79881506e+03, 9.62011047e+02,
    1.80858667e+03, 1.01177155e+03, 1.71975525e+03, 8.20681335e+02,
    1.73012378e+03, 8.68108398e+02, 1.73982312e+03, 9.15716003e+02,
    1.74943030e+03, 9.64392944e+02, 1.75889722e+03, 1.01388403e+03,
    1.67160779e+03, 8.23527832e+02, 1.68142883e+03, 8.70544312e+02,
    1.69088757e+03, 9.18071899e+02, 1.70034998e+03, 9.66464233e+02,
    1.70942737e+03, 1.01608984e+03, 1.62372522e+03, 8.25945007e+02,
    1.63299951e+03, 8.72719971e+02, 1.64230042e+03, 9.20231750e+02,
    1.65089673e+03, 9.68622437e+02, 1.65985254e+03, 1.01800140e+03,
    1.57669849e+03, 8.28476379e+02, 1.58529175e+03, 8.75039429e+02,
    1.59423999e+03, 9.22303833e+02, 1.60267236e+03, 9.70448975e+02,
    1.61145679e+03, 1.01954321e+03 ]
