%YAML:1.0
---
points: [ 1.06019458e+03, 1.07329407e+02, 1.06478821e+03, 1.54379562e+02,
    1.06959192e+03, 2.01726715e+02, 1.07443628e+03, 2.49356033e+02,
    1.07945459e+03, 2.97380768e+02, 1.01518097e+03, 1.19757851e+02,
    1.01940155e+03, 1.66212433e+02, 1.02385156e+03, 2.12766617e+02,
    1.02866394e+03, 2.59782715e+02, 1.03374390e+03, 3.07218353e+02,
    9.71346558e+02, 1.32417740e+02, 9.75345276e+02, 1.77857803e+02,
    9.79720825e+02, 2.23654129e+02, 9.84431458e+02, 2.69738861e+02,
    9.89339111e+02, 3.16328033e+02, 9.29382385e+02, 1.44436813e+02,
    9.33314758e+02, 1.89235092e+02, 9.37491760e+02, 2.34217850e+02,
    9.42039734e+02, 2.79505585e+02, 9.46724731e+02, 3.25309021e+02,
    8.88801392e+02, 1.55931290e+02, 8.92501221e+02, 2.00159286e+02,
    8.96564331e+02, 2.44406204e+02, 9.00918274e+02, 2.88692749e+02,
    9.05410706e+02, 3.33942444e+02, 8.49549561e+02, 1.67292816e+02,
    8.53235962e+02, 2.10558502e+02, 8.56893433e+02, 2.54243744e+02,
    8.60810059e+02, 2.97935150e+02, 8.65336853e+02, 3.42367493e+02,
    8.11666382e+02, 1.77879181e+02, 8.15516968e+02, 2.20758331e+02,
    8.19114807e+02, 2.63587738e+02, 8.23113525e+02, 3.06716583e+02,
    8.27308472e+02, 3.50369354e+02 ]
