%YAML:1.0
---
points: [ 1.28131812e+03, 3.50163208e+02, 1.27756274e+03, 3.68675323e+02,
    1.27403503e+03, 3.86504822e+02, 1.27010681e+03, 4.04208984e+02,
    1.26640112e+03, 4.21471100e+02, 1.26366858e+03, 3.50644379e+02,
    1.26009570e+03, 3.69325256e+02, 1.25661780e+03, 3.87224060e+02,
    1.25315759e+03, 4.04703674e+02, 1.24937463e+03, 4.22186951e+02,
    1.24567029e+03, 3.51077820e+02, 1.24250647e+03, 3.69730164e+02,
    1.23887964e+03, 3.87714081e+02, 1.23552795e+03, 4.05415497e+02,
    1.23211951e+03, 4.22943329e+02, 1.22777637e+03, 3.51327850e+02,
    1.22453406e+03, 3.70183533e+02, 1.22146350e+03, 3.88171204e+02,
    1.21792236e+03, 4.06144684e+02, 1.21467346e+03, 4.23475739e+02,
    1.20963770e+03, 3.51824829e+02, 1.20664099e+03, 3.70599304e+02,
    1.20341626e+03, 3.88680695e+02, 1.20044116e+03, 4.06559021e+02,
    1.19714526e+03, 4.24095795e+02, 1.19129944e+03, 3.52180817e+02,
    1.18837390e+03, 3.70858673e+02, 1.18552344e+03, 3.89187622e+02,
    1.18237915e+03, 4.07099579e+02, 1.17964172e+03, 4.24720184e+02,
    1.17321118e+03, 3.52594910e+02, 1.17018848e+03, 3.71228363e+02,
    1.16758167e+03, 3.89607391e+02, 1.16473254e+03, 4.07605164e+02,
    1.16195166e+03, 4.25196198e+02 ]
