%YAML:1.0
---
points: [ 9.20238647e+02, 1.89544556e+02, 9.22053650e+02, 2.32912399e+02,
    9.23874146e+02, 2.76269012e+02, 9.25998230e+02, 3.19612366e+02,
    9.28044983e+02, 3.63733521e+02, 8.78426147e+02, 1.95018616e+02,
    8.80039001e+02, 2.37922699e+02, 8.81720276e+02, 2.80920441e+02,
    8.83813477e+02, 3.24035187e+02, 8.86057800e+02, 3.67651611e+02,
    8.37035706e+02, 2.00651093e+02, 8.38475342e+02, 2.43129929e+02,
    8.40054443e+02, 2.85697510e+02, 8.42051819e+02, 3.28499298e+02,
    8.44109680e+02, 3.71594635e+02, 7.96679016e+02, 2.06112854e+02,
    7.97994324e+02, 2.48202667e+02, 7.99646240e+02, 2.90306305e+02,
    8.01446350e+02, 3.32739655e+02, 8.03362183e+02, 3.75717346e+02,
    7.57082764e+02, 2.11501785e+02, 7.58240967e+02, 2.53164703e+02,
    7.59599304e+02, 2.94818054e+02, 7.61213501e+02, 3.36812012e+02,
    7.63243469e+02, 3.79447418e+02, 7.18062927e+02, 2.16671631e+02,
    7.18918152e+02, 2.57895538e+02, 7.20379028e+02, 2.99295013e+02,
    7.21856628e+02, 3.40906433e+02, 7.23494507e+02, 3.83209381e+02,
    6.80064392e+02, 2.21848328e+02, 6.81204224e+02, 2.62732239e+02,
    6.82244873e+02, 3.03733887e+02, 6.83682190e+02, 3.45191010e+02,
    6.85260437e+02, 3.86954041e+02 ]
