%YAML:1.0
---
points: [ 4.19644958e+02, 7.64361877e+01, 4.20410919e+02, 1.01190475e+02,
    4.20889587e+02, 1.26622589e+02, 4.21562592e+02, 1.51826324e+02,
    4.21685608e+02, 1.78191422e+02, 3.93008270e+02, 7.81159592e+01,
    3.93630615e+02, 1.02725525e+02, 3.93739655e+02, 1.27671974e+02,
    3.94067383e+02, 1.52834198e+02, 3.94131866e+02, 1.78606201e+02,
    3.66707123e+02, 8.03789520e+01, 3.67106628e+02, 1.04390022e+02,
    3.67217102e+02, 1.29318298e+02, 3.67295807e+02, 1.54115494e+02,
    3.67535431e+02, 1.79525604e+02, 3.41344543e+02, 8.23068924e+01,
    3.41315002e+02, 1.06388069e+02, 3.41367310e+02, 1.30526581e+02,
    3.41234680e+02, 1.55119629e+02, 3.41056854e+02, 1.80166870e+02,
    3.16471710e+02, 8.45674667e+01, 3.16229401e+02, 1.08246841e+02,
    3.16176544e+02, 1.32207840e+02, 3.16361725e+02, 1.55907043e+02,
    3.16293213e+02, 1.80357895e+02, 2.92700104e+02, 8.68443146e+01,
    2.92323425e+02, 1.10197136e+02, 2.92226807e+02, 1.33610123e+02,
    2.92001465e+02, 1.57008286e+02, 2.91498932e+02, 1.81229843e+02,
    2.69886475e+02, 8.89248276e+01, 2.69509064e+02, 1.12045380e+02,
    2.69287323e+02, 1.35086090e+02, 2.69105743e+02, 1.57715134e+02,
    2.68851562e+02, 1.81468216e+02 ]
