%YAML:1.0
---
points: [ 2.65766357e+02, 9.01700897e+01, 2.66647247e+02, 1.04755257e+02,
    2.67459778e+02, 1.19543243e+02, 2.68385895e+02, 1.34215454e+02,
    2.69356171e+02, 1.49237625e+02, 2.51344894e+02, 9.21718216e+01,
    2.52162460e+02, 1.06771973e+02, 2.53047974e+02, 1.21353714e+02,
    2.53955627e+02, 1.35890778e+02, 2.54846619e+02, 1.50820740e+02,
    2.37215530e+02, 9.42524948e+01, 2.37839874e+02, 1.08796814e+02,
    2.38771057e+02, 1.23132164e+02, 2.39481247e+02, 1.37704407e+02,
    2.40415543e+02, 1.52316208e+02, 2.23356613e+02, 9.63487473e+01,
    2.24077454e+02, 1.10668343e+02, 2.24760223e+02, 1.24862526e+02,
    2.25534470e+02, 1.39291565e+02, 2.26576187e+02, 1.53924698e+02,
    2.09613770e+02, 9.85348358e+01, 2.10337799e+02, 1.12543663e+02,
    2.11067154e+02, 1.26687325e+02, 2.11719376e+02, 1.40893127e+02,
    2.12641403e+02, 1.55480682e+02, 1.96349319e+02, 1.00449890e+02,
    1.96757385e+02, 1.14291649e+02, 1.97588257e+02, 1.28372192e+02,
    1.98206055e+02, 1.42727859e+02, 1.99066040e+02, 1.56771362e+02,
    1.83260132e+02, 1.02370468e+02, 1.83867401e+02, 1.16139076e+02,
    1.84612961e+02, 1.29982162e+02, 1.85276443e+02, 1.44125183e+02,
    1.86185852e+02, 1.58248184e+02 ]
