%YAML:1.0
---
points: [ 2.17140137e+02, 1.24129280e+02, 2.16925461e+02, 1.43542130e+02,
    2.16541306e+02, 1.63356400e+02, 2.16179642e+02, 1.82882935e+02,
    2.15693024e+02, 2.03167816e+02, 1.97045898e+02, 1.22136299e+02,
    1.96919281e+02, 1.42089325e+02, 1.96325912e+02, 1.61962402e+02,
    1.95980667e+02, 1.82097153e+02, 1.95420990e+02, 2.02433090e+02,
    1.76386002e+02, 1.20295906e+02, 1.75894562e+02, 1.40540070e+02,
    1.75372742e+02, 1.60800323e+02, 1.75007721e+02, 1.81009018e+02,
    1.74524155e+02, 2.01780090e+02, 1.55218246e+02, 1.18506699e+02,
    1.54786362e+02, 1.39167603e+02, 1.54147339e+02, 1.59348541e+02,
    1.53637848e+02, 1.80274414e+02, 1.52976135e+02, 2.01137543e+02,
    1.33333206e+02, 1.16838585e+02, 1.32717865e+02, 1.37379257e+02,
    1.32130219e+02, 1.58230942e+02, 1.31444366e+02, 1.79223999e+02,
    1.30682556e+02, 2.00355209e+02, 1.11074341e+02, 1.15087425e+02,
    1.10238274e+02, 1.36076340e+02, 1.09435097e+02, 1.56930817e+02,
    1.08500481e+02, 1.78273376e+02, 1.07799934e+02, 1.99756973e+02,
    8.87602310e+01, 1.13642746e+02, 8.76289825e+01, 1.34529739e+02,
    8.66148682e+01, 1.55835739e+02, 8.56747055e+01, 1.77216995e+02,
    8.48123856e+01, 1.99071426e+02 ]
