%YAML:1.0
---
points: [ 1.67483997e+03, 2.19609726e+02, 1.67627014e+03, 2.44525146e+02,
    1.67755359e+03, 2.68807739e+02, 1.67857373e+03, 2.92617249e+02,
    1.67954358e+03, 3.16173859e+02, 1.64743298e+03, 2.26286636e+02,
    1.64895764e+03, 2.50994766e+02, 1.65028955e+03, 2.75261993e+02,
    1.65152954e+03, 2.98669495e+02, 1.65280457e+03, 3.22110626e+02,
    1.61963086e+03, 2.33136627e+02, 1.62142761e+03, 2.57448303e+02,
    1.62293359e+03, 2.81467041e+02, 1.62435059e+03, 3.04826111e+02,
    1.62574133e+03, 3.28084717e+02, 1.59217822e+03, 2.39504807e+02,
    1.59436646e+03, 2.63847076e+02, 1.59602649e+03, 2.87526367e+02,
    1.59757483e+03, 3.10876953e+02, 1.59927979e+03, 3.33849854e+02,
    1.56504614e+03, 2.45863037e+02, 1.56730273e+03, 2.70085052e+02,
    1.56936597e+03, 2.93546753e+02, 1.57105933e+03, 3.16750885e+02,
    1.57283801e+03, 3.39556244e+02, 1.53816260e+03, 2.52393936e+02,
    1.54036670e+03, 2.76332397e+02, 1.54257788e+03, 2.99617218e+02,
    1.54456677e+03, 3.22667633e+02, 1.54677661e+03, 3.45320374e+02,
    1.51164929e+03, 2.58749756e+02, 1.51406348e+03, 2.82331024e+02,
    1.51655212e+03, 3.05541809e+02, 1.51877686e+03, 3.28410828e+02,
    1.52123450e+03, 3.50720917e+02 ]
