%YAML:1.0
---
points: [ 1.01586304e+03, 1.41194855e+02, 1.01951593e+03, 1.87097031e+02,
    1.02336029e+03, 2.33146072e+02, 1.02736670e+03, 2.79141602e+02,
    1.03146033e+03, 3.25671936e+02, 9.72015320e+02, 1.51426819e+02,
    9.75479431e+02, 1.96663315e+02, 9.79176392e+02, 2.41692520e+02,
    9.83007996e+02, 2.87384247e+02, 9.87207520e+02, 3.33617889e+02,
    9.29125977e+02, 1.61680954e+02, 9.32465088e+02, 2.06276657e+02,
    9.35966980e+02, 2.50608871e+02, 9.39634644e+02, 2.95680115e+02,
    9.43675476e+02, 3.40808319e+02, 8.88067261e+02, 1.71508118e+02,
    8.91148376e+02, 2.15392136e+02, 8.94554382e+02, 2.59383392e+02,
    8.98026428e+02, 3.03511505e+02, 9.01893799e+02, 3.48476410e+02,
    8.48095459e+02, 1.81243469e+02, 8.50821045e+02, 2.24349991e+02,
    8.54022705e+02, 2.67481232e+02, 8.57561584e+02, 3.11324951e+02,
    8.61124695e+02, 3.55439301e+02, 8.08996399e+02, 1.90450348e+02,
    8.11665771e+02, 2.33177338e+02, 8.14662659e+02, 2.75759613e+02,
    8.17831604e+02, 3.18674286e+02, 8.21516907e+02, 3.62217896e+02,
    7.71211121e+02, 1.99382904e+02, 7.74229431e+02, 2.41448288e+02,
    7.77001465e+02, 2.83522400e+02, 7.80253296e+02, 3.25933685e+02,
    7.83462158e+02, 3.69010590e+02 ]
