%YAML:1.0
---
points: [ 2.99653442e+02, 7.32022629e+01, 3.01296875e+02, 8.86440582e+01,
    3.02844971e+02, 1.04279556e+02, 3.04386719e+02, 1.19775528e+02,
    3.06026550e+02, 1.35747360e+02, 2.84426086e+02, 7.69598389e+01,
    2.85920715e+02, 9.20951538e+01, 2.87377869e+02, 1.07492500e+02,
    2.88981567e+02, 1.22886978e+02, 2.90603424e+02, 1.38758713e+02,
    2.69611267e+02, 8.08066788e+01, 2.71000854e+02, 9.56161957e+01,
    2.72405121e+02, 1.10769218e+02, 2.73963562e+02, 1.25953148e+02,
    2.75580109e+02, 1.41180832e+02, 2.55347656e+02, 8.41984558e+01,
    2.56687073e+02, 9.89643097e+01, 2.57971558e+02, 1.13865822e+02,
    2.59394165e+02, 1.28952942e+02, 2.61007202e+02, 1.44085648e+02,
    2.41337631e+02, 8.76531906e+01, 2.42604294e+02, 1.02238022e+02,
    2.44005798e+02, 1.17040482e+02, 2.45258423e+02, 1.31755890e+02,
    2.46818161e+02, 1.46642883e+02, 2.27889282e+02, 9.10530243e+01,
    2.28983932e+02, 1.05356834e+02, 2.30335449e+02, 1.19811394e+02,
    2.31579010e+02, 1.34569992e+02, 2.33008011e+02, 1.49114426e+02,
    2.14832764e+02, 9.42838135e+01, 2.16034027e+02, 1.08488052e+02,
    2.17337509e+02, 1.22619308e+02, 2.18599060e+02, 1.37083878e+02,
    2.19941650e+02, 1.51731491e+02 ]
