%YAML:1.0
---
points: [ 2.37601944e+02, 1.40753906e+02, 2.35794281e+02, 1.58157532e+02,
    2.33758713e+02, 1.76148834e+02, 2.31734863e+02, 1.93914902e+02,
    2.29425491e+02, 2.12160080e+02, 2.22814697e+02, 1.35658463e+02,
    2.20817581e+02, 1.53878418e+02, 2.18689682e+02, 1.71953674e+02,
    2.16454742e+02, 1.90675690e+02, 2.13973969e+02, 2.09254639e+02,
    2.06538635e+02, 1.30416733e+02, 2.04696030e+02, 1.49202850e+02,
    2.02431213e+02, 1.67973450e+02, 1.99821732e+02, 1.86908539e+02,
    1.97268494e+02, 2.06354614e+02, 1.89589111e+02, 1.24692085e+02,
    1.87266754e+02, 1.44055832e+02, 1.84851639e+02, 1.63557388e+02,
    1.82249802e+02, 1.83321060e+02, 1.79511261e+02, 2.03451691e+02,
    1.70783157e+02, 1.18645035e+02, 1.68547119e+02, 1.38588150e+02,
    1.65843475e+02, 1.58856369e+02, 1.62994629e+02, 1.79130814e+02,
    1.59855682e+02, 2.00020187e+02, 1.50986511e+02, 1.11958595e+02,
    1.48341843e+02, 1.32859192e+02, 1.45469345e+02, 1.53624985e+02,
    1.42437347e+02, 1.74973602e+02, 1.39350357e+02, 1.96296585e+02,
    1.30035690e+02, 1.05195328e+02, 1.26891251e+02, 1.26551956e+02,
    1.23746048e+02, 1.48284409e+02, 1.20716278e+02, 1.70056137e+02,
    1.17237488e+02, 1.92666138e+02 ]
