%YAML:1.0
---
points: [ 1.41765393e+03, 3.75573944e+02, 1.41739478e+03, 3.93137512e+02,
    1.41706421e+03, 4.10687775e+02, 1.41663049e+03, 4.28103638e+02,
    1.41629529e+03, 4.44920746e+02, 1.39809680e+03, 3.76705811e+02,
    1.39793176e+03, 3.94463593e+02, 1.39766406e+03, 4.11793976e+02,
    1.39741565e+03, 4.28967682e+02, 1.39720728e+03, 4.45802979e+02,
    1.37896375e+03, 3.77981842e+02, 1.37871619e+03, 3.95790436e+02,
    1.37858423e+03, 4.13005829e+02, 1.37834509e+03, 4.29871399e+02,
    1.37804028e+03, 4.46702942e+02, 1.35951318e+03, 3.79339050e+02,
    1.35949622e+03, 3.96846130e+02, 1.35940991e+03, 4.13916901e+02,
    1.35938489e+03, 4.30923492e+02, 1.35923828e+03, 4.47726105e+02,
    1.34051953e+03, 3.80612000e+02, 1.34054749e+03, 3.97876282e+02,
    1.34059143e+03, 4.14912354e+02, 1.34062952e+03, 4.31804718e+02,
    1.34066333e+03, 4.48615540e+02, 1.32175745e+03, 3.81670502e+02,
    1.32194116e+03, 3.98917023e+02, 1.32200769e+03, 4.16040710e+02,
    1.32207458e+03, 4.32885071e+02, 1.32224866e+03, 4.49526154e+02,
    1.30327832e+03, 3.82768524e+02, 1.30347217e+03, 3.99940674e+02,
    1.30376428e+03, 4.16928131e+02, 1.30392334e+03, 4.33582275e+02,
    1.30421387e+03, 4.50221344e+02 ]
