%YAML:1.0
---
points: [ 7.82692017e+02, 3.48009857e+02, 7.81652222e+02, 3.82169922e+02,
    7.80709534e+02, 4.16242401e+02, 7.79781006e+02, 4.50356720e+02,
    7.78723755e+02, 4.84956635e+02, 7.48271973e+02, 3.46548340e+02,
    7.47170532e+02, 3.80858063e+02, 7.45821777e+02, 4.14811157e+02,
    7.44823792e+02, 4.49294067e+02, 7.43827637e+02, 4.83843323e+02,
    7.13187073e+02, 3.45360718e+02, 7.11761719e+02, 3.79604279e+02,
    7.10632385e+02, 4.13601196e+02, 7.09536255e+02, 4.48209747e+02,
    7.08412659e+02, 4.82636627e+02, 6.78356873e+02, 3.44165344e+02,
    6.76801758e+02, 3.78244507e+02, 6.75544739e+02, 4.12562592e+02,
    6.74443176e+02, 4.46895233e+02, 6.73394592e+02, 4.81732513e+02,
    6.43116455e+02, 3.42860565e+02, 6.41617004e+02, 3.77057617e+02,
    6.40145447e+02, 4.11402069e+02, 6.39042725e+02, 4.45780640e+02,
    6.37853821e+02, 4.80697021e+02, 6.07749756e+02, 3.41401764e+02,
    6.06361084e+02, 3.75933960e+02, 6.04762024e+02, 4.10151093e+02,
    6.03228516e+02, 4.44754395e+02, 6.02018860e+02, 4.79840027e+02,
    5.72728088e+02, 3.40302734e+02, 5.71138367e+02, 3.74712158e+02,
    5.69663879e+02, 4.09074677e+02, 5.68322205e+02, 4.43699310e+02,
    5.66681824e+02, 4.78717896e+02 ]
