%YAML:1.0
---
points: [ 2.14234039e+02, 1.44556702e+02, 2.14191132e+02, 1.56303192e+02,
    2.13958038e+02, 1.67741608e+02, 2.13793686e+02, 1.79292511e+02,
    2.13462494e+02, 1.91157913e+02, 2.02516693e+02, 1.44466492e+02,
    2.02362259e+02, 1.55886063e+02, 2.02313416e+02, 1.67431946e+02,
    2.02151932e+02, 1.79190460e+02, 2.01835236e+02, 1.90886002e+02,
    1.90635818e+02, 1.44172119e+02, 1.90345169e+02, 1.55538651e+02,
    1.90370728e+02, 1.67310349e+02, 1.90260696e+02, 1.79019638e+02,
    1.89951553e+02, 1.90588028e+02, 1.79072998e+02, 1.43727829e+02,
    1.78659012e+02, 1.55479553e+02, 1.78345703e+02, 1.66951172e+02,
    1.78218811e+02, 1.78631790e+02, 1.78161148e+02, 1.90482025e+02,
    1.67213104e+02, 1.43510818e+02, 1.66792542e+02, 1.55192230e+02,
    1.66517761e+02, 1.66745605e+02, 1.66295853e+02, 1.78414856e+02,
    1.66186493e+02, 1.90341766e+02, 1.55167755e+02, 1.43506241e+02,
    1.54683624e+02, 1.54907822e+02, 1.54540421e+02, 1.66408798e+02,
    1.54116806e+02, 1.78329224e+02, 1.54143066e+02, 1.90028778e+02,
    1.43513489e+02, 1.43152924e+02, 1.43226425e+02, 1.54682251e+02,
    1.42824295e+02, 1.66368973e+02, 1.42517166e+02, 1.78061310e+02,
    1.42372116e+02, 1.89908081e+02 ]
