%YAML:1.0
---
points: [ 1.14136292e+03, 4.48740723e+02, 1.13895886e+03, 4.62649475e+02,
    1.13681274e+03, 4.76575623e+02, 1.13425610e+03, 4.90112030e+02,
    1.13237769e+03, 5.03380737e+02, 1.12741443e+03, 4.47660095e+02,
    1.12507764e+03, 4.61657990e+02, 1.12275671e+03, 4.75483887e+02,
    1.12063135e+03, 4.88932343e+02, 1.11823157e+03, 5.02442230e+02,
    1.11308105e+03, 4.46460602e+02, 1.11105383e+03, 4.60560089e+02,
    1.10861523e+03, 4.74480743e+02, 1.10657727e+03, 4.87907593e+02,
    1.10425916e+03, 5.01555267e+02, 1.09897412e+03, 4.45356323e+02,
    1.09671948e+03, 4.59523071e+02, 1.09473083e+03, 4.73321472e+02,
    1.09249939e+03, 4.86881653e+02, 1.09059802e+03, 5.00538696e+02,
    1.08470227e+03, 4.44331726e+02, 1.08256335e+03, 4.58384308e+02,
    1.08058508e+03, 4.72150360e+02, 1.07858716e+03, 4.85821289e+02,
    1.07634583e+03, 4.99320160e+02, 1.07032043e+03, 4.43212341e+02,
    1.06852356e+03, 4.57128326e+02, 1.06635059e+03, 4.70942444e+02,
    1.06442542e+03, 4.84685272e+02, 1.06241724e+03, 4.98364990e+02,
    1.05606201e+03, 4.41750946e+02, 1.05425024e+03, 4.55976929e+02,
    1.05240771e+03, 4.69973389e+02, 1.05037109e+03, 4.83590088e+02,
    1.04857300e+03, 4.97285980e+02 ]
