%YAML:1.0
---
points: [ 5.75448730e+02, 5.05550995e+02, 5.71728088e+02, 4.73127991e+02,
    5.68469849e+02, 4.40910400e+02, 5.65408752e+02, 4.09217651e+02,
    5.62303406e+02, 3.77358276e+02, 5.96305176e+02, 5.00229553e+02,
    5.92309326e+02, 4.67239166e+02, 5.88870972e+02, 4.34544037e+02,
    5.85647217e+02, 4.02327515e+02, 5.82677307e+02, 3.69924225e+02,
    6.18294678e+02, 4.94524200e+02, 6.14204224e+02, 4.61120148e+02,
    6.10517273e+02, 4.28096710e+02, 6.07018921e+02, 3.95124908e+02,
    6.03927429e+02, 3.62266174e+02, 6.41066467e+02, 4.88732544e+02,
    6.36721008e+02, 4.54832672e+02, 6.32746582e+02, 4.21196472e+02,
    6.29161194e+02, 3.87657440e+02, 6.26199890e+02, 3.54320892e+02,
    6.64482849e+02, 4.82605103e+02, 6.60058167e+02, 4.48344635e+02,
    6.55745300e+02, 4.14040466e+02, 6.52223145e+02, 3.80125031e+02,
    6.48758728e+02, 3.46020935e+02, 6.89256104e+02, 4.76619171e+02,
    6.84530090e+02, 4.41430664e+02, 6.80316650e+02, 4.06661163e+02,
    6.76257202e+02, 3.72092224e+02, 6.72644592e+02, 3.37499298e+02,
    7.14331970e+02, 4.70430481e+02, 7.09757751e+02, 4.34530945e+02,
    7.05531128e+02, 3.99157898e+02, 7.01396851e+02, 3.64111755e+02,
    6.97530273e+02, 3.28947052e+02 ]
