%YAML:1.0
---
points: [ 1.86173416e+02, 1.38546249e+02, 1.87762360e+02, 1.50569992e+02,
    1.89237518e+02, 1.62268677e+02, 1.90888275e+02, 1.74329269e+02,
    1.92681900e+02, 1.86290710e+02, 1.77468628e+02, 1.41643326e+02,
    1.78867203e+02, 1.53216324e+02, 1.80532440e+02, 1.65055267e+02,
    1.82037643e+02, 1.76756805e+02, 1.83794556e+02, 1.88686447e+02,
    1.69034470e+02, 1.44643997e+02, 1.70497513e+02, 1.56094498e+02,
    1.71850922e+02, 1.67579681e+02, 1.73532547e+02, 1.79232300e+02,
    1.75078613e+02, 1.90866379e+02, 1.61114014e+02, 1.47535233e+02,
    1.62291794e+02, 1.58777435e+02, 1.63700592e+02, 1.70075928e+02,
    1.65219940e+02, 1.81503571e+02, 1.66896973e+02, 1.92948730e+02,
    1.53398102e+02, 1.50140289e+02, 1.54567520e+02, 1.61369904e+02,
    1.55853622e+02, 1.72556854e+02, 1.57384750e+02, 1.83708542e+02,
    1.58872360e+02, 1.94980835e+02, 1.45799164e+02, 1.52936234e+02,
    1.46854050e+02, 1.64011917e+02, 1.48096619e+02, 1.74933151e+02,
    1.49550903e+02, 1.85884064e+02, 1.51081390e+02, 1.97016006e+02,
    1.38747726e+02, 1.55551666e+02, 1.40138611e+02, 1.66332626e+02,
    1.41144974e+02, 1.77020340e+02, 1.42414368e+02, 1.88006195e+02,
    1.43957672e+02, 1.98755157e+02 ]
