%YAML:1.0
---
points: [ 1.95841339e+02, 1.60133484e+02, 1.92794388e+02, 1.75877533e+02,
    1.89303375e+02, 1.92070602e+02, 1.85861984e+02, 2.08201157e+02,
    1.82170471e+02, 2.25058731e+02, 1.84381317e+02, 1.54145370e+02,
    1.81000381e+02, 1.70720657e+02, 1.77390991e+02, 1.87159317e+02,
    1.73491638e+02, 2.04250397e+02, 1.69489288e+02, 2.21481201e+02,
    1.71494247e+02, 1.47866455e+02, 1.68050095e+02, 1.64882935e+02,
    1.64145386e+02, 1.82103195e+02, 1.60097717e+02, 1.99511505e+02,
    1.55640747e+02, 2.17630646e+02, 1.57725739e+02, 1.40772690e+02,
    1.54013824e+02, 1.58666901e+02, 1.49886017e+02, 1.76530014e+02,
    1.45317688e+02, 1.94887451e+02, 1.40737335e+02, 2.13321808e+02,
    1.42465881e+02, 1.33297485e+02, 1.38477844e+02, 1.51711258e+02,
    1.34040665e+02, 1.70508942e+02, 1.29273514e+02, 1.89327805e+02,
    1.24266777e+02, 2.08971497e+02, 1.25984970e+02, 1.25116096e+02,
    1.21553848e+02, 1.44241745e+02, 1.16942688e+02, 1.63874847e+02,
    1.11452484e+02, 1.83797974e+02, 1.06464294e+02, 2.03802628e+02,
    1.08237236e+02, 1.16317993e+02, 1.03142540e+02, 1.35913010e+02,
    9.84472198e+01, 1.56573990e+02, 9.26289062e+01, 1.77037064e+02,
    8.73266373e+01, 1.98555222e+02 ]
