%YAML:1.0
---
points: [ 2.64612885e+02, 1.20574532e+02, 2.63771423e+02, 1.40038879e+02,
    2.62638184e+02, 1.59765411e+02, 2.61531860e+02, 1.79231949e+02,
    2.60277161e+02, 1.99079117e+02, 2.47041168e+02, 1.16747978e+02,
    2.46099197e+02, 1.36618286e+02, 2.44824814e+02, 1.56422821e+02,
    2.43603607e+02, 1.76789642e+02, 2.42237091e+02, 1.97175415e+02,
    2.28164825e+02, 1.12609123e+02, 2.27112778e+02, 1.33036362e+02,
    2.25980469e+02, 1.53507294e+02, 2.24529724e+02, 1.73995789e+02,
    2.22892242e+02, 1.95079727e+02, 2.08367523e+02, 1.07952599e+02,
    2.07340820e+02, 1.29220169e+02, 2.05886703e+02, 1.50182510e+02,
    2.04357330e+02, 1.71372101e+02, 2.02764587e+02, 1.92791962e+02,
    1.87339783e+02, 1.03537346e+02, 1.85953964e+02, 1.24898918e+02,
    1.84610870e+02, 1.46619003e+02, 1.83088226e+02, 1.68490051e+02,
    1.81374313e+02, 1.90419952e+02, 1.65271515e+02, 9.86872330e+01,
    1.63694702e+02, 1.20822159e+02, 1.62231613e+02, 1.42868149e+02,
    1.60368423e+02, 1.65271332e+02, 1.58687134e+02, 1.88019043e+02,
    1.42180496e+02, 9.37966461e+01, 1.40623108e+02, 1.16247322e+02,
    1.38633896e+02, 1.39166931e+02, 1.36792831e+02, 1.62025620e+02,
    1.34926666e+02, 1.85525116e+02 ]
