%YAML:1.0
---
points: [ 2.48723618e+02, 1.55325317e+02, 2.47582474e+02, 1.65969391e+02,
    2.46294235e+02, 1.76518188e+02, 2.45054001e+02, 1.87186707e+02,
    2.43667847e+02, 1.98156113e+02, 2.39341660e+02, 1.52909088e+02,
    2.38272110e+02, 1.63628113e+02, 2.37013901e+02, 1.74350616e+02,
    2.35544952e+02, 1.85215744e+02, 2.34148331e+02, 1.96182098e+02,
    2.29606812e+02, 1.50481354e+02, 2.28354721e+02, 1.61267212e+02,
    2.27051224e+02, 1.72199356e+02, 2.25656403e+02, 1.83185028e+02,
    2.24176056e+02, 1.94249374e+02, 2.19591354e+02, 1.47742859e+02,
    2.18288498e+02, 1.58782242e+02, 2.16879868e+02, 1.69883362e+02,
    2.15409470e+02, 1.81095184e+02, 2.13930389e+02, 1.92263931e+02,
    2.09152771e+02, 1.45077255e+02, 2.07715256e+02, 1.56197540e+02,
    2.06347748e+02, 1.67586075e+02, 2.04870422e+02, 1.78860840e+02,
    2.03308548e+02, 1.90342331e+02, 1.98030823e+02, 1.42193146e+02,
    1.96783386e+02, 1.53685684e+02, 1.95323868e+02, 1.64918991e+02,
    1.93694794e+02, 1.76656921e+02, 1.92165619e+02, 1.88216385e+02,
    1.87082947e+02, 1.39424591e+02, 1.85764359e+02, 1.50927170e+02,
    1.84185013e+02, 1.62674164e+02, 1.82705383e+02, 1.74187241e+02,
    1.81007126e+02, 1.86297745e+02 ]
