%YAML:1.0
---
points: [ 9.30407959e+02, 3.22575775e+02, 9.21885681e+02, 3.44670502e+02,
    9.13343079e+02, 3.66368103e+02, 9.04678772e+02, 3.87656799e+02,
    8.95970642e+02, 4.09160889e+02, 9.12544983e+02, 3.14670868e+02,
    9.03951965e+02, 3.37145081e+02, 8.95413818e+02, 3.59065033e+02,
    8.86711792e+02, 3.80853424e+02, 8.77869019e+02, 4.02540222e+02,
    8.93793213e+02, 3.06535065e+02, 8.85326599e+02, 3.29338928e+02,
    8.76677795e+02, 3.51647705e+02, 8.67904785e+02, 3.73592224e+02,
    8.58965454e+02, 3.95599976e+02, 8.74574768e+02, 2.98017059e+02,
    8.66029114e+02, 3.21170380e+02, 8.57405518e+02, 3.43703094e+02,
    8.48587830e+02, 3.66293396e+02, 8.39715393e+02, 3.88607422e+02,
    8.54742065e+02, 2.89322388e+02, 8.46227234e+02, 3.12610291e+02,
    8.37425232e+02, 3.35756622e+02, 8.28713013e+02, 3.58521149e+02,
    8.19728821e+02, 3.81356415e+02, 8.34336304e+02, 2.80171448e+02,
    8.25561584e+02, 3.03883423e+02, 8.16862915e+02, 3.27335114e+02,
    8.07882568e+02, 3.50546997e+02, 7.99118591e+02, 3.73653870e+02,
    8.13471375e+02, 2.70828430e+02, 8.04488403e+02, 2.94886047e+02,
    7.95726746e+02, 3.18841003e+02, 7.86900696e+02, 3.42461090e+02,
    7.78045715e+02, 3.66029572e+02 ]
