%YAML:1.0
---
points: [ 8.88330139e+02, 3.81285675e+02, 8.84443359e+02, 4.12458893e+02,
    8.80201721e+02, 4.43572632e+02, 8.75698608e+02, 4.74963684e+02,
    8.71087830e+02, 5.06609253e+02, 8.59934509e+02, 3.73475037e+02,
    8.55833130e+02, 4.05215881e+02, 8.51587036e+02, 4.36679810e+02,
    8.47095154e+02, 4.68637512e+02, 8.42279297e+02, 5.01129211e+02,
    8.30286133e+02, 3.65610504e+02, 8.26197754e+02, 3.97684326e+02,
    8.21702332e+02, 4.29707977e+02, 8.16877075e+02, 4.62096680e+02,
    8.11794861e+02, 4.94902344e+02, 7.99792358e+02, 3.57395203e+02,
    7.95442322e+02, 3.90148254e+02, 7.90687988e+02, 4.22702118e+02,
    7.85804565e+02, 4.55478943e+02, 7.80698242e+02, 4.88688202e+02,
    7.68051208e+02, 3.49154602e+02, 7.63500916e+02, 3.82070374e+02,
    7.58673157e+02, 4.15287170e+02, 7.53638184e+02, 4.48661194e+02,
    7.48412598e+02, 4.82352509e+02, 7.35074280e+02, 3.40197144e+02,
    7.30312561e+02, 3.73756836e+02, 7.25371338e+02, 4.07530365e+02,
    7.20134583e+02, 4.41425598e+02, 7.14627319e+02, 4.75945038e+02,
    7.01572083e+02, 3.31427368e+02, 6.96367126e+02, 3.65497528e+02,
    6.91291504e+02, 3.99588226e+02, 6.85990234e+02, 4.34137390e+02,
    6.80522278e+02, 4.69335602e+02 ]
