%YAML:1.0
---
points: [ 2.05916031e+02, 1.08827164e+02, 2.05301926e+02, 1.29236328e+02,
    2.04477158e+02, 1.50340332e+02, 2.03685455e+02, 1.71087036e+02,
    2.02495636e+02, 1.92330093e+02, 1.85497314e+02, 1.04485199e+02,
    1.84758194e+02, 1.25743813e+02, 1.83794128e+02, 1.46893585e+02,
    1.82761932e+02, 1.68661636e+02, 1.81610184e+02, 1.90374344e+02,
    1.63665710e+02, 1.00070145e+02, 1.62595154e+02, 1.21840698e+02,
    1.61590881e+02, 1.43876480e+02, 1.60387314e+02, 1.65854797e+02,
    1.59124741e+02, 1.88388916e+02, 1.40788666e+02, 9.52753067e+01,
    1.39536819e+02, 1.17982567e+02, 1.38357101e+02, 1.40129105e+02,
    1.36950424e+02, 1.63199188e+02, 1.35560211e+02, 1.86194611e+02,
    1.16357246e+02, 9.09266891e+01, 1.14896439e+02, 1.13553185e+02,
    1.13377937e+02, 1.36757111e+02, 1.12058311e+02, 1.60021851e+02,
    1.10332428e+02, 1.84144165e+02, 9.10356445e+01, 8.60531540e+01,
    8.93114700e+01, 1.09637344e+02, 8.74914703e+01, 1.32772476e+02,
    8.55079041e+01, 1.57381119e+02, 8.36074066e+01, 1.81566910e+02,
    6.48961258e+01, 8.13547745e+01, 6.25098076e+01, 1.05158241e+02,
    6.01615028e+01, 1.29270981e+02, 5.84401970e+01, 1.53700073e+02,
    5.62429733e+01, 1.79430359e+02 ]
