%YAML:1.0
---
points: [ 7.96459656e+02, 2.93864868e+02, 7.91399902e+02, 3.29824158e+02,
    7.86143616e+02, 3.66132965e+02, 7.80761292e+02, 4.02483917e+02,
    7.75208618e+02, 4.39394409e+02, 7.61279358e+02, 2.83336273e+02,
    7.56106934e+02, 3.19972107e+02, 7.50622437e+02, 3.56584839e+02,
    7.44957397e+02, 3.93689026e+02, 7.39182373e+02, 4.31367096e+02,
    7.24340271e+02, 2.72438873e+02, 7.18825439e+02, 3.09580719e+02,
    7.13276672e+02, 3.46981781e+02, 7.07456665e+02, 3.84732788e+02,
    7.01362671e+02, 4.23114471e+02, 6.86188904e+02, 2.61090179e+02,
    6.80605164e+02, 2.98957001e+02, 6.74695496e+02, 3.37065857e+02,
    6.68637878e+02, 3.75537323e+02, 6.62320312e+02, 4.14340027e+02,
    6.46463745e+02, 2.49422150e+02, 6.40539307e+02, 2.87733673e+02,
    6.34446655e+02, 3.26592194e+02, 6.28177368e+02, 3.65674500e+02,
    6.21600281e+02, 4.05434753e+02, 6.05347900e+02, 2.37387161e+02,
    5.98823120e+02, 2.76466644e+02, 5.92402222e+02, 3.15775146e+02,
    5.85898193e+02, 3.55609894e+02, 5.79053711e+02, 3.96282318e+02,
    5.62998169e+02, 2.24802887e+02, 5.56164307e+02, 2.64823212e+02,
    5.49435547e+02, 3.04795685e+02, 5.42704224e+02, 3.45387482e+02,
    5.35604980e+02, 3.86537994e+02 ]
