%YAML:1.0
---
points: [ 2.88036072e+02, 3.47791046e+02, 2.83192963e+02, 3.64045502e+02,
    2.78427277e+02, 3.79971527e+02, 2.73647034e+02, 3.95648102e+02,
    2.68664917e+02, 4.11347290e+02, 2.67575775e+02, 3.42448639e+02,
    2.62816956e+02, 3.58803802e+02, 2.57955475e+02, 3.74999634e+02,
    2.53370331e+02, 3.90754242e+02, 2.48634659e+02, 4.06638214e+02,
    2.46632523e+02, 3.36722046e+02, 2.41878815e+02, 3.53491180e+02,
    2.37165665e+02, 3.69785492e+02, 2.32478500e+02, 3.85854156e+02,
    2.27839554e+02, 4.01748505e+02, 2.25614090e+02, 3.31181519e+02,
    2.20834793e+02, 3.48015045e+02, 2.16147797e+02, 3.64433105e+02,
    2.11406540e+02, 3.80733246e+02, 2.06906464e+02, 3.96871948e+02,
    2.04036942e+02, 3.25314240e+02, 1.99306961e+02, 3.42273132e+02,
    1.94630783e+02, 3.58963501e+02, 1.89986206e+02, 3.75507751e+02,
    1.85510681e+02, 3.91807892e+02, 1.82062592e+02, 3.19277008e+02,
    1.77351273e+02, 3.36422302e+02, 1.72756927e+02, 3.53439270e+02,
    1.68201279e+02, 3.70038635e+02, 1.63784286e+02, 3.86701569e+02,
    1.59905884e+02, 3.13362671e+02, 1.55513763e+02, 3.30686981e+02,
    1.50737442e+02, 3.47817291e+02, 1.46489349e+02, 3.64620178e+02,
    1.41918945e+02, 3.81475250e+02 ]
