%YAML:1.0
---
points: [ 2.20239410e+02, 1.26196701e+02, 2.18844406e+02, 1.38440643e+02,
    2.17171356e+02, 1.50799805e+02, 2.15676514e+02, 1.62971191e+02,
    2.13982590e+02, 1.75713287e+02, 2.08720016e+02, 1.22797844e+02,
    2.07199371e+02, 1.35216904e+02, 2.05617966e+02, 1.47672058e+02,
    2.03876144e+02, 1.60357269e+02, 2.02093872e+02, 1.73061142e+02,
    1.96485504e+02, 1.19258507e+02, 1.94987350e+02, 1.31929291e+02,
    1.93326187e+02, 1.44651657e+02, 1.91636978e+02, 1.57428299e+02,
    1.89770615e+02, 1.70298981e+02, 1.84070129e+02, 1.15635521e+02,
    1.82451172e+02, 1.28532944e+02, 1.80725708e+02, 1.41335281e+02,
    1.78828445e+02, 1.54495575e+02, 1.76968689e+02, 1.67701233e+02,
    1.71000641e+02, 1.11916611e+02, 1.69267288e+02, 1.24926697e+02,
    1.67439819e+02, 1.38176300e+02, 1.65526901e+02, 1.51400650e+02,
    1.63639648e+02, 1.64815918e+02, 1.57448547e+02, 1.08021309e+02,
    1.55495590e+02, 1.21269028e+02, 1.53732239e+02, 1.34660446e+02,
    1.51655579e+02, 1.48219864e+02, 1.49656662e+02, 1.61774246e+02,
    1.43509521e+02, 1.04202980e+02, 1.41654724e+02, 1.17407539e+02,
    1.39761871e+02, 1.31151825e+02, 1.37603607e+02, 1.44762650e+02,
    1.35619888e+02, 1.58995438e+02 ]
