%YAML:1.0
---
points: [ 1.08722546e+03, 3.14198914e+02, 1.08105432e+03, 3.49299042e+02,
    1.07464478e+03, 3.84356110e+02, 1.06825305e+03, 4.19440460e+02,
    1.06122290e+03, 4.54979401e+02, 1.05681958e+03, 3.03710297e+02,
    1.05044299e+03, 3.39275208e+02, 1.04399463e+03, 3.74787506e+02,
    1.03733020e+03, 4.10541748e+02, 1.03019165e+03, 4.46536316e+02,
    1.02491980e+03, 2.93055389e+02, 1.01854224e+03, 3.28967590e+02,
    1.01184558e+03, 3.64952515e+02, 1.00493951e+03, 4.01333008e+02,
    9.97516846e+02, 4.37584015e+02, 9.92308228e+02, 2.81932922e+02,
    9.85802551e+02, 3.18480621e+02, 9.79110229e+02, 3.55025299e+02,
    9.71761841e+02, 3.91589172e+02, 9.64534729e+02, 4.28785431e+02,
    9.58647095e+02, 2.70620361e+02, 9.51879089e+02, 3.07597321e+02,
    9.44868469e+02, 3.44540588e+02, 9.37755859e+02, 3.81734192e+02,
    9.30289429e+02, 4.19347900e+02, 9.23823975e+02, 2.58910370e+02,
    9.16955261e+02, 2.96376526e+02, 9.09771790e+02, 3.33787598e+02,
    9.02328552e+02, 3.71496368e+02, 8.94851624e+02, 4.09618378e+02,
    8.88513916e+02, 2.46863159e+02, 8.81184326e+02, 2.84976440e+02,
    8.74083069e+02, 3.22973907e+02, 8.66468872e+02, 3.61145142e+02,
    8.58778625e+02, 3.99961914e+02 ]
