%YAML:1.0
---
points: [ 2.56686768e+02, 4.39035065e+02, 2.52771011e+02, 4.55104401e+02,
    2.48987411e+02, 4.70715881e+02, 2.45103531e+02, 4.86319916e+02,
    2.41209930e+02, 5.01568512e+02, 2.35591690e+02, 4.34567383e+02,
    2.31852280e+02, 4.50770447e+02, 2.28157257e+02, 4.66630737e+02,
    2.24216766e+02, 4.82200653e+02, 2.20562561e+02, 4.97639984e+02,
    2.14007706e+02, 4.30047607e+02, 2.10347794e+02, 4.46402588e+02,
    2.06589386e+02, 4.62437500e+02, 2.03126923e+02, 4.78248444e+02,
    1.99287125e+02, 4.93648315e+02, 1.92423523e+02, 4.25263763e+02,
    1.88696487e+02, 4.41856781e+02, 1.84978271e+02, 4.58162720e+02,
    1.81394150e+02, 4.74146454e+02, 1.78078094e+02, 4.89918640e+02,
    1.70414597e+02, 4.20508209e+02, 1.66605331e+02, 4.37261871e+02,
    1.63064240e+02, 4.53712311e+02, 1.59578079e+02, 4.69849792e+02,
    1.56116928e+02, 4.85689056e+02, 1.47984940e+02, 4.15584198e+02,
    1.44306244e+02, 4.32549683e+02, 1.40732925e+02, 4.49192108e+02,
    1.37415283e+02, 4.65376434e+02, 1.33997589e+02, 4.81526489e+02,
    1.25416000e+02, 4.10767212e+02, 1.22070465e+02, 4.27739197e+02,
    1.18580673e+02, 4.44528259e+02, 1.15490112e+02, 4.60834198e+02,
    1.11955185e+02, 4.77305725e+02 ]
