%YAML:1.0
---
points: [ 3.18546997e+02, 1.31579468e+02, 3.16689819e+02, 1.43437561e+02,
    3.14668854e+02, 1.55484406e+02, 3.12683380e+02, 1.67490143e+02,
    3.10573669e+02, 1.79672272e+02, 3.08372345e+02, 1.28194489e+02,
    3.06527985e+02, 1.40293167e+02, 3.04471436e+02, 1.52361740e+02,
    3.02353577e+02, 1.64571732e+02, 3.00206329e+02, 1.76943268e+02,
    2.97921051e+02, 1.24753807e+02, 2.95909851e+02, 1.37057770e+02,
    2.93878418e+02, 1.49213089e+02, 2.91668854e+02, 1.61653427e+02,
    2.89447510e+02, 1.73977310e+02, 2.87041870e+02, 1.21005424e+02,
    2.85132263e+02, 1.33510406e+02, 2.82941833e+02, 1.45930298e+02,
    2.80736389e+02, 1.58401550e+02, 2.78483032e+02, 1.71078903e+02,
    2.75892212e+02, 1.17484703e+02, 2.73753571e+02, 1.29921555e+02,
    2.71634216e+02, 1.42597733e+02, 2.69347809e+02, 1.55212036e+02,
    2.67021667e+02, 1.68189865e+02, 2.64307678e+02, 1.13647331e+02,
    2.62145386e+02, 1.26384933e+02, 2.59925140e+02, 1.39087921e+02,
    2.57588867e+02, 1.52055008e+02, 2.55330200e+02, 1.65004562e+02,
    2.52598114e+02, 1.09869011e+02, 2.50434570e+02, 1.22609879e+02,
    2.48240936e+02, 1.35685684e+02, 2.45892517e+02, 1.48724930e+02,
    2.43502701e+02, 1.61970901e+02 ]
