%YAML:1.0
---
points: [ 2.21119705e+02, 1.28664673e+02, 2.19097519e+02, 1.46815125e+02,
    2.16709305e+02, 1.65521942e+02, 2.14265503e+02, 1.84071365e+02,
    2.11683945e+02, 2.03220978e+02, 2.07690506e+02, 1.21718826e+02,
    2.05459076e+02, 1.40937790e+02, 2.02959595e+02, 1.60019958e+02,
    2.00184525e+02, 1.79534760e+02, 1.97298004e+02, 1.99447601e+02,
    1.92696823e+02, 1.14346184e+02, 1.90225616e+02, 1.34030441e+02,
    1.87622528e+02, 1.54200546e+02, 1.84673904e+02, 1.74515869e+02,
    1.81557816e+02, 1.95288895e+02, 1.76371948e+02, 1.06069199e+02,
    1.73742523e+02, 1.26891914e+02, 1.70824615e+02, 1.47756790e+02,
    1.67575119e+02, 1.69039413e+02, 1.64170746e+02, 1.90972443e+02,
    1.58136276e+02, 9.71640015e+01, 1.55364594e+02, 1.18751137e+02,
    1.52000320e+02, 1.40749008e+02, 1.48579086e+02, 1.62896713e+02,
    1.44798157e+02, 1.85909561e+02, 1.38510742e+02, 8.73416443e+01,
    1.35021637e+02, 1.10015152e+02, 1.31592697e+02, 1.32862228e+02,
    1.27656799e+02, 1.56407288e+02, 1.23603683e+02, 1.80238602e+02,
    1.17040398e+02, 7.69845123e+01, 1.12968781e+02, 1.00511574e+02,
    1.08965462e+02, 1.24593834e+02, 1.04853851e+02, 1.48997726e+02,
    1.00253883e+02, 1.74443970e+02 ]
