%YAML:1.0
---
points: [ 3.27655182e+02, 1.00886223e+02, 3.27464600e+02, 1.14284081e+02,
    3.26905029e+02, 1.28008514e+02, 3.26710327e+02, 1.41203033e+02,
    3.26237000e+02, 1.55293015e+02, 3.14985687e+02, 9.90326767e+01,
    3.14844879e+02, 1.12669197e+02, 3.14596588e+02, 1.26365761e+02,
    3.14060364e+02, 1.40015961e+02, 3.13616028e+02, 1.53968628e+02,
    3.02202820e+02, 9.73879166e+01, 3.01855164e+02, 1.10975677e+02,
    3.01605652e+02, 1.24847290e+02, 3.01142303e+02, 1.38640045e+02,
    3.00557434e+02, 1.52590454e+02, 2.89201721e+02, 9.56694641e+01,
    2.88898895e+02, 1.09405830e+02, 2.88391998e+02, 1.23199234e+02,
    2.87905457e+02, 1.37223465e+02, 2.87371368e+02, 1.51458160e+02,
    2.75786377e+02, 9.37936554e+01, 2.75416718e+02, 1.07687035e+02,
    2.74919678e+02, 1.21772636e+02, 2.74323029e+02, 1.35821564e+02,
    2.73945404e+02, 1.50179916e+02, 2.62132751e+02, 9.20388260e+01,
    2.61579376e+02, 1.06076500e+02, 2.61168976e+02, 1.20065094e+02,
    2.60637207e+02, 1.34430649e+02, 2.60231995e+02, 1.48807373e+02,
    2.48304932e+02, 9.01027603e+01, 2.47821518e+02, 1.04308380e+02,
    2.47538177e+02, 1.18597961e+02, 2.46786728e+02, 1.32865677e+02,
    2.46430084e+02, 1.47691254e+02 ]
