%YAML:1.0
---
points: [ 1.17765045e+02, 7.86819000e+01, 1.20764191e+02, 1.02472549e+02,
    1.24193130e+02, 1.26613914e+02, 1.27702553e+02, 1.51022339e+02,
    1.31502869e+02, 1.75753448e+02, 9.90237045e+01, 8.57781830e+01,
    1.01775665e+02, 1.08986671e+02, 1.04683395e+02, 1.32525558e+02,
    1.08153336e+02, 1.56320862e+02, 1.11914116e+02, 1.80481064e+02,
    8.13445282e+01, 9.29128571e+01, 8.36495056e+01, 1.15432327e+02,
    8.65773849e+01, 1.38270721e+02, 8.96837006e+01, 1.61444199e+02,
    9.30599670e+01, 1.85213226e+02, 6.49657745e+01, 9.94625778e+01,
    6.68813782e+01, 1.21571808e+02, 6.93760681e+01, 1.43904312e+02,
    7.23499756e+01, 1.66555603e+02, 7.61052856e+01, 1.89639236e+02,
    4.91298866e+01, 1.05983223e+02, 5.09239235e+01, 1.27428764e+02,
    5.32673950e+01, 1.49344223e+02, 5.59501572e+01, 1.71426804e+02,
    5.90789948e+01, 1.93790802e+02, 3.48481789e+01, 1.12321579e+02,
    3.62722397e+01, 1.33081573e+02, 3.83336372e+01, 1.54444550e+02,
    4.06095161e+01, 1.76048874e+02, 4.34151421e+01, 1.97843262e+02,
    2.12058125e+01, 1.17978302e+02, 2.28288002e+01, 1.38743896e+02,
    2.45761814e+01, 1.59165833e+02, 2.66600113e+01, 1.80451874e+02,
    2.92193718e+01, 2.01600616e+02 ]
