%YAML:1.0
---
points: [ 1.10791199e+03, 2.24335587e+02, 1.10660583e+03, 2.64088287e+02,
    1.10493433e+03, 3.03676788e+02, 1.10301453e+03, 3.43642365e+02,
    1.10107935e+03, 3.83754120e+02, 1.07061670e+03, 2.18585968e+02,
    1.06929468e+03, 2.58734802e+02, 1.06747571e+03, 2.98592804e+02,
    1.06551465e+03, 3.39108856e+02, 1.06352856e+03, 3.79870209e+02,
    1.03221326e+03, 2.12962372e+02, 1.03051428e+03, 2.53366119e+02,
    1.02870715e+03, 2.93565887e+02, 1.02674121e+03, 3.34351837e+02,
    1.02446082e+03, 3.75515900e+02, 9.92986938e+02, 2.07153183e+02,
    9.91377991e+02, 2.47767227e+02, 9.89583984e+02, 2.88486023e+02,
    9.87374756e+02, 3.29632690e+02, 9.85318665e+02, 3.71289398e+02,
    9.53006226e+02, 2.01121368e+02, 9.51138428e+02, 2.42161804e+02,
    9.49289795e+02, 2.83325531e+02, 9.47302063e+02, 3.24762817e+02,
    9.44872131e+02, 3.66654327e+02, 9.12040894e+02, 1.94854202e+02,
    9.10188110e+02, 2.36398331e+02, 9.08086731e+02, 2.77883331e+02,
    9.05866821e+02, 3.19803986e+02, 9.03546021e+02, 3.62235016e+02,
    8.70649048e+02, 1.88539444e+02, 8.68654114e+02, 2.30608475e+02,
    8.66478699e+02, 2.72550873e+02, 8.64376709e+02, 3.14824890e+02,
    8.61948975e+02, 3.57713562e+02 ]
