%YAML:1.0
---
points: [ 2.69461029e+02, 5.96746826e+02, 2.65701141e+02, 6.12422485e+02,
    2.62691071e+02, 6.27914917e+02, 2.59485168e+02, 6.43468689e+02,
    2.56009338e+02, 6.59202454e+02, 2.50766769e+02, 5.94349060e+02,
    2.47740051e+02, 6.10149719e+02, 2.44224487e+02, 6.25608826e+02,
    2.40913345e+02, 6.41395081e+02, 2.37659393e+02, 6.57261230e+02,
    2.32350220e+02, 5.92083557e+02, 2.28577942e+02, 6.07704834e+02,
    2.25435959e+02, 6.23535095e+02, 2.22257889e+02, 6.39482910e+02,
    2.18606583e+02, 6.55256287e+02, 2.13268021e+02, 5.89494446e+02,
    2.09905441e+02, 6.05478760e+02, 2.06479401e+02, 6.21461975e+02,
    2.03178436e+02, 6.37370422e+02, 1.99716919e+02, 6.53394043e+02,
    1.94267197e+02, 5.87077087e+02, 1.90759781e+02, 6.03178284e+02,
    1.87446732e+02, 6.19058838e+02, 1.83828751e+02, 6.35128174e+02,
    1.80637070e+02, 6.51201782e+02, 1.74917694e+02, 5.84582886e+02,
    1.71410065e+02, 6.00588196e+02, 1.67792664e+02, 6.16916321e+02,
    1.64538071e+02, 6.33114014e+02, 1.60727493e+02, 6.49368713e+02,
    1.55635651e+02, 5.81869629e+02, 1.51951523e+02, 5.98200928e+02,
    1.48645416e+02, 6.14424438e+02, 1.45027802e+02, 6.30628357e+02,
    1.41557556e+02, 6.47239014e+02 ]
