%YAML:1.0
---
points: [ 2.10902740e+02, 5.73032288e+02, 2.07616592e+02, 5.90181458e+02,
    2.04803711e+02, 6.06839783e+02, 2.01884552e+02, 6.23355774e+02,
    1.98799438e+02, 6.39813538e+02, 1.88703415e+02, 5.71305908e+02,
    1.86025558e+02, 5.88505066e+02, 1.82817352e+02, 6.05461792e+02,
    1.80307510e+02, 6.22264099e+02, 1.77307159e+02, 6.38776672e+02,
    1.66473450e+02, 5.69451355e+02, 1.63516617e+02, 5.86786133e+02,
    1.60607040e+02, 6.03793091e+02, 1.57770111e+02, 6.20843811e+02,
    1.55147141e+02, 6.37606323e+02, 1.43587173e+02, 5.67309937e+02,
    1.40762650e+02, 5.85096436e+02, 1.38109695e+02, 6.02232788e+02,
    1.35312851e+02, 6.19447388e+02, 1.32657303e+02, 6.36425720e+02,
    1.20617729e+02, 5.65397644e+02, 1.17716270e+02, 5.82852905e+02,
    1.14949036e+02, 6.00644287e+02, 1.12454597e+02, 6.17879517e+02,
    1.09549042e+02, 6.35143555e+02, 9.68593445e+01, 5.63062561e+02,
    9.42382965e+01, 5.81112122e+02, 9.15471115e+01, 5.98636597e+02,
    8.88734589e+01, 6.16399414e+02, 8.63674088e+01, 6.33700500e+02,
    7.33966064e+01, 5.61080017e+02, 7.06195450e+01, 5.79075378e+02,
    6.80365143e+01, 5.97005554e+02, 6.55130997e+01, 6.14550842e+02,
    6.29315071e+01, 6.32387329e+02 ]
