%YAML:1.0
---
points: [ 8.16076233e+02, 3.41678467e+02, 8.11520447e+02, 3.74994171e+02,
    8.06685974e+02, 4.08054840e+02, 8.01935852e+02, 4.41482391e+02,
    7.96658569e+02, 4.75439850e+02, 7.84778015e+02, 3.32657501e+02,
    7.80239990e+02, 3.66356171e+02, 7.75316711e+02, 4.00085297e+02,
    7.70074951e+02, 4.34172119e+02, 7.64711670e+02, 4.68592255e+02,
    7.51879456e+02, 3.23268097e+02, 7.47108582e+02, 3.57407166e+02,
    7.42075256e+02, 3.91729889e+02, 7.36640442e+02, 4.26396393e+02,
    7.31134338e+02, 4.61400757e+02, 7.17876465e+02, 3.13282715e+02,
    7.12812988e+02, 3.48328339e+02, 7.07654114e+02, 3.83029572e+02,
    7.02134521e+02, 4.18412750e+02, 6.96396606e+02, 4.54311371e+02,
    6.82506592e+02, 3.03267120e+02, 6.77356323e+02, 3.38675781e+02,
    6.71772705e+02, 3.74329651e+02, 6.66164612e+02, 4.10037842e+02,
    6.60284485e+02, 4.46441132e+02, 6.45755554e+02, 2.92601624e+02,
    6.40216553e+02, 3.28736847e+02, 6.34494995e+02, 3.65017639e+02,
    6.28572876e+02, 4.01534302e+02, 6.22466675e+02, 4.38675262e+02,
    6.08132019e+02, 2.81851471e+02, 6.02263611e+02, 3.18603821e+02,
    5.96372803e+02, 3.55546814e+02, 5.90328796e+02, 3.92645721e+02,
    5.84074402e+02, 4.30508209e+02 ]
