%YAML:1.0
---
points: [ 2.25244217e+02, 1.42349701e+02, 2.23918976e+02, 1.53404648e+02,
    2.22488708e+02, 1.64968094e+02, 2.21123154e+02, 1.76181839e+02,
    2.19598022e+02, 1.87736374e+02, 2.15043137e+02, 1.39436050e+02,
    2.13719299e+02, 1.50845398e+02, 2.12178589e+02, 1.62218048e+02,
    2.10659637e+02, 1.73858444e+02, 2.09011993e+02, 1.85580872e+02,
    2.04072357e+02, 1.36385727e+02, 2.02785690e+02, 1.47882660e+02,
    2.01326050e+02, 1.59686966e+02, 1.99709320e+02, 1.71320694e+02,
    1.98005157e+02, 1.83275238e+02, 1.93108566e+02, 1.33090622e+02,
    1.91567474e+02, 1.45034683e+02, 1.89992493e+02, 1.56690720e+02,
    1.88421600e+02, 1.68875076e+02, 1.86735031e+02, 1.80860443e+02,
    1.81506210e+02, 1.29955399e+02, 1.79928116e+02, 1.41923172e+02,
    1.78279907e+02, 1.54096802e+02, 1.76607330e+02, 1.66186295e+02,
    1.74867416e+02, 1.78622360e+02, 1.69392120e+02, 1.26463379e+02,
    1.67681473e+02, 1.38800140e+02, 1.66045853e+02, 1.51000549e+02,
    1.64185959e+02, 1.63462967e+02, 1.62524796e+02, 1.76034683e+02,
    1.56915237e+02, 1.23124763e+02, 1.55389206e+02, 1.35440994e+02,
    1.53615768e+02, 1.48088120e+02, 1.51787079e+02, 1.60622452e+02,
    1.49905029e+02, 1.73539001e+02 ]
