%YAML:1.0
---
points: [ 1.72770706e+02, 8.45561829e+01, 1.74300980e+02, 1.07343132e+02,
    1.75944916e+02, 1.30707687e+02, 1.77669922e+02, 1.53807129e+02,
    1.79286621e+02, 1.77535828e+02, 1.49664551e+02, 8.62872925e+01,
    1.50946304e+02, 1.09190544e+02, 1.52417419e+02, 1.32235275e+02,
    1.54010834e+02, 1.55640991e+02, 1.55808090e+02, 1.79095612e+02,
    1.26486786e+02, 8.82340317e+01, 1.27563293e+02, 1.11201645e+02,
    1.28731461e+02, 1.34178894e+02, 1.30241791e+02, 1.57331161e+02,
    1.31867828e+02, 1.81035645e+02, 1.03784889e+02, 9.01823425e+01,
    1.04576401e+02, 1.13147659e+02, 1.05485100e+02, 1.36022522e+02,
    1.06892776e+02, 1.59392105e+02, 1.08345001e+02, 1.82804657e+02,
    8.09116287e+01, 9.26219482e+01, 8.15351181e+01, 1.15095009e+02,
    8.25377045e+01, 1.38033127e+02, 8.36310043e+01, 1.61103119e+02,
    8.49649658e+01, 1.84663956e+02, 5.89787560e+01, 9.50076752e+01,
    5.91411629e+01, 1.17352432e+02, 5.97524376e+01, 1.39990036e+02,
    6.06490059e+01, 1.63219543e+02, 6.16468391e+01, 1.86536682e+02,
    3.74625854e+01, 9.76267242e+01, 3.75713234e+01, 1.19747032e+02,
    3.80771904e+01, 1.42158813e+02, 3.88850784e+01, 1.65206100e+02,
    3.96327171e+01, 1.88470062e+02 ]
