%YAML:1.0
---
points: [ 1.40744373e+03, 6.51217224e+02, 1.40662610e+03, 6.71437744e+02,
    1.40602173e+03, 6.91141785e+02, 1.40546704e+03, 7.10734436e+02,
    1.40456470e+03, 7.30272583e+02, 1.38531116e+03, 6.50998108e+02,
    1.38476245e+03, 6.71154480e+02, 1.38414307e+03, 6.90824707e+02,
    1.38356311e+03, 7.10318115e+02, 1.38267578e+03, 7.29644287e+02,
    1.36313318e+03, 6.50574524e+02, 1.36261536e+03, 6.70763916e+02,
    1.36218103e+03, 6.90461121e+02, 1.36149890e+03, 7.09782715e+02,
    1.36077722e+03, 7.28999207e+02, 1.34118945e+03, 6.50334351e+02,
    1.34080078e+03, 6.70367188e+02, 1.34030493e+03, 6.89965027e+02,
    1.33997864e+03, 7.09146484e+02, 1.33937537e+03, 7.28509644e+02,
    1.31941968e+03, 6.50081421e+02, 1.31900061e+03, 6.69911804e+02,
    1.31858325e+03, 6.89318726e+02, 1.31829309e+03, 7.08584778e+02,
    1.31793018e+03, 7.27867737e+02, 1.29764758e+03, 6.49660522e+02,
    1.29745203e+03, 6.69401306e+02, 1.29712708e+03, 6.88702148e+02,
    1.29685107e+03, 7.08046448e+02, 1.29647107e+03, 7.27341919e+02,
    1.27649023e+03, 6.49364685e+02, 1.27628320e+03, 6.68828064e+02,
    1.27619800e+03, 6.88202332e+02, 1.27591309e+03, 7.07473694e+02,
    1.27572522e+03, 7.26507935e+02 ]
