%YAML:1.0
---
points: [ 1.19293176e+03, 4.11137146e+02, 1.20032336e+03, 4.39423157e+02,
    1.20756079e+03, 4.67642059e+02, 1.21531030e+03, 4.96152710e+02,
    1.22298962e+03, 5.24641174e+02, 1.16818274e+03, 4.19712372e+02,
    1.17508423e+03, 4.47687286e+02, 1.18232922e+03, 4.75458557e+02,
    1.18967383e+03, 5.03256958e+02, 1.19747632e+03, 5.31439026e+02,
    1.14421277e+03, 4.28352936e+02, 1.15072168e+03, 4.55663605e+02,
    1.15780115e+03, 4.82807159e+02, 1.16510181e+03, 5.10314545e+02,
    1.17266309e+03, 5.37901794e+02, 1.12140564e+03, 4.36319305e+02,
    1.12780042e+03, 4.63350006e+02, 1.13455396e+03, 4.90168976e+02,
    1.14166956e+03, 5.17141296e+02, 1.14916309e+03, 5.44190491e+02,
    1.09925073e+03, 4.44275848e+02, 1.10564832e+03, 4.70523163e+02,
    1.11230566e+03, 4.96962799e+02, 1.11900928e+03, 5.23406128e+02,
    1.12624805e+03, 5.50059326e+02, 1.07781384e+03, 4.51681610e+02,
    1.08416528e+03, 4.77572052e+02, 1.09058887e+03, 5.03533875e+02,
    1.09711731e+03, 5.29513123e+02, 1.10413269e+03, 5.55705994e+02,
    1.05755444e+03, 4.58903992e+02, 1.06391016e+03, 4.84393097e+02,
    1.07012109e+03, 5.09803894e+02, 1.07646985e+03, 5.35487061e+02,
    1.08333801e+03, 5.61361023e+02 ]
