%YAML:1.0
---
points: [ 2.72728516e+02, 1.55964401e+02, 2.74641144e+02, 1.71904694e+02,
    2.76383087e+02, 1.87997604e+02, 2.78433411e+02, 2.03723038e+02,
    2.80360504e+02, 2.19732437e+02, 2.57150146e+02, 1.58429779e+02,
    2.58912476e+02, 1.74056351e+02, 2.60793945e+02, 1.89811661e+02,
    2.62663635e+02, 2.05804993e+02, 2.64497955e+02, 2.21650757e+02,
    2.41732208e+02, 1.60730362e+02, 2.43418808e+02, 1.76302216e+02,
    2.45256332e+02, 1.91860260e+02, 2.47008087e+02, 2.07559418e+02,
    2.48905899e+02, 2.23384293e+02, 2.26743149e+02, 1.62837616e+02,
    2.28350082e+02, 1.78429810e+02, 2.29945145e+02, 1.93782822e+02,
    2.31762512e+02, 2.09398544e+02, 2.33627640e+02, 2.25172058e+02,
    2.11599365e+02, 1.65129257e+02, 2.13204498e+02, 1.80461548e+02,
    2.14933258e+02, 1.95867950e+02, 2.16549545e+02, 2.11306107e+02,
    2.18453476e+02, 2.26879776e+02, 1.96923126e+02, 1.67279984e+02,
    1.98403885e+02, 1.82538177e+02, 2.00116364e+02, 1.97813263e+02,
    2.01651810e+02, 2.13356140e+02, 2.03305161e+02, 2.28544312e+02,
    1.82511978e+02, 1.69424194e+02, 1.84158661e+02, 1.84620590e+02,
    1.85730072e+02, 1.99699081e+02, 1.87240768e+02, 2.14991974e+02,
    1.89030960e+02, 2.30419006e+02 ]
