%YAML:1.0
---
points: [ 3.51189453e+02, 1.64088547e+02, 3.53879974e+02, 1.73753387e+02,
    3.56479401e+02, 1.83220261e+02, 3.59347382e+02, 1.93000137e+02,
    3.62123230e+02, 2.02694305e+02, 3.42380066e+02, 1.67173615e+02,
    3.44965363e+02, 1.76615067e+02, 3.47565491e+02, 1.86135345e+02,
    3.50257111e+02, 1.95394775e+02, 3.53114136e+02, 2.05127670e+02,
    3.33979462e+02, 1.70199203e+02, 3.36434235e+02, 1.79442932e+02,
    3.39058380e+02, 1.88684433e+02, 3.41639862e+02, 1.98083267e+02,
    3.44397369e+02, 2.07249908e+02, 3.25950958e+02, 1.72972610e+02,
    3.28336060e+02, 1.82130707e+02, 3.30835449e+02, 1.91202591e+02,
    3.33307434e+02, 2.00323257e+02, 3.36123322e+02, 2.09556030e+02,
    3.18217560e+02, 1.75679840e+02, 3.20449402e+02, 1.84792084e+02,
    3.22817657e+02, 1.93682755e+02, 3.25380585e+02, 2.02650818e+02,
    3.27992920e+02, 2.11673080e+02, 3.10512207e+02, 1.78431580e+02,
    3.12791504e+02, 1.87240463e+02, 3.15253113e+02, 1.96066315e+02,
    3.17540466e+02, 2.04795639e+02, 3.20075165e+02, 2.13751434e+02,
    3.03453705e+02, 1.80938782e+02, 3.05830048e+02, 1.89698273e+02,
    3.07983765e+02, 1.98279785e+02, 3.10376740e+02, 2.06956848e+02,
    3.12901306e+02, 2.15625198e+02 ]
