%YAML:1.0
---
points: [ 3.60544617e+02, 9.79334412e+01, 3.65654266e+02, 1.17946327e+02,
    3.70828308e+02, 1.38153229e+02, 3.76011139e+02, 1.58519073e+02,
    3.81404633e+02, 1.79454391e+02, 3.40850677e+02, 1.05922058e+02,
    3.45531830e+02, 1.25326279e+02, 3.50288239e+02, 1.45064514e+02,
    3.55307281e+02, 1.64831940e+02, 3.60576599e+02, 1.84988937e+02,
    3.22079132e+02, 1.13610062e+02, 3.26516327e+02, 1.32717957e+02,
    3.31120026e+02, 1.51656967e+02, 3.35788147e+02, 1.70795853e+02,
    3.40735718e+02, 1.90363739e+02, 3.04680634e+02, 1.20724625e+02,
    3.08809479e+02, 1.39207626e+02, 3.13099091e+02, 1.57722916e+02,
    3.17582886e+02, 1.76472443e+02, 3.22337402e+02, 1.95337463e+02,
    2.88118256e+02, 1.27664497e+02, 2.92067657e+02, 1.45563416e+02,
    2.96172394e+02, 1.63664246e+02, 3.00395844e+02, 1.81719772e+02,
    3.04943085e+02, 2.00118729e+02, 2.72726685e+02, 1.34030411e+02,
    2.76324188e+02, 1.51628342e+02, 2.80314667e+02, 1.69059967e+02,
    2.84336823e+02, 1.86728714e+02, 2.88560974e+02, 2.04524811e+02,
    2.58068634e+02, 1.40102692e+02, 2.61782654e+02, 1.56989410e+02,
    2.65684570e+02, 1.73979736e+02, 2.69601746e+02, 1.91228561e+02,
    2.73639801e+02, 2.08598953e+02 ]
