%YAML:1.0
---
points: [ 8.27574097e+02, 4.66164795e+02, 8.30419617e+02, 4.92348175e+02,
    8.33489136e+02, 5.18483521e+02, 8.36729004e+02, 5.44553101e+02,
    8.39816833e+02, 5.70782104e+02, 8.04193970e+02, 4.69605835e+02,
    8.07114502e+02, 4.95658325e+02, 8.10221069e+02, 5.21495728e+02,
    8.13260559e+02, 5.47369263e+02, 8.16690796e+02, 5.73399597e+02,
    7.81292419e+02, 4.72906158e+02, 7.84074036e+02, 4.98655090e+02,
    7.86875244e+02, 5.24485535e+02, 7.90210754e+02, 5.50184082e+02,
    7.93463806e+02, 5.75892456e+02, 7.58940491e+02, 4.76315979e+02,
    7.61578674e+02, 5.02086426e+02, 7.64564209e+02, 5.27427124e+02,
    7.67632996e+02, 5.52961487e+02, 7.70831665e+02, 5.78489746e+02,
    7.36855164e+02, 4.79620087e+02, 7.39419006e+02, 5.04895660e+02,
    7.42436279e+02, 5.30212830e+02, 7.45358398e+02, 5.55485840e+02,
    7.48629272e+02, 5.81042603e+02, 7.15073853e+02, 4.82671967e+02,
    7.17699768e+02, 5.07921204e+02, 7.20583374e+02, 5.33196716e+02,
    7.23467041e+02, 5.58241028e+02, 7.26702698e+02, 5.83408569e+02,
    6.93822021e+02, 4.86079346e+02, 6.96695923e+02, 5.10891998e+02,
    6.99482727e+02, 5.35749634e+02, 7.02372742e+02, 5.60704956e+02,
    7.05544983e+02, 5.85920166e+02 ]
