%YAML:1.0
---
points: [ 2.25258011e+02, 1.84425415e+02, 2.26343353e+02, 1.93446091e+02,
    2.27494812e+02, 2.02192841e+02, 2.28675217e+02, 2.11061920e+02,
    2.29833466e+02, 2.19917496e+02, 2.17223602e+02, 1.85824203e+02,
    2.18291595e+02, 1.94590408e+02, 2.19564911e+02, 2.03385895e+02,
    2.20724380e+02, 2.12092529e+02, 2.21793304e+02, 2.20913376e+02,
    2.09327148e+02, 1.87005493e+02, 2.10372147e+02, 1.95735138e+02,
    2.11517563e+02, 2.04447052e+02, 2.12767700e+02, 2.13162628e+02,
    2.13943283e+02, 2.21958786e+02, 2.01679901e+02, 1.88248718e+02,
    2.02751068e+02, 1.96871338e+02, 2.03726852e+02, 2.05525909e+02,
    2.04970901e+02, 2.14197296e+02, 2.06192352e+02, 2.22861099e+02,
    1.94179306e+02, 1.89336014e+02, 1.95021530e+02, 1.98020355e+02,
    1.96129593e+02, 2.06711533e+02, 1.97416183e+02, 2.15211960e+02,
    1.98540787e+02, 2.23742554e+02, 1.86547806e+02, 1.90620178e+02,
    1.87524414e+02, 1.99139221e+02, 1.88511444e+02, 2.07681061e+02,
    1.89573746e+02, 2.16265182e+02, 1.90874039e+02, 2.24710892e+02,
    1.79334763e+02, 1.91755402e+02, 1.80428116e+02, 2.00234894e+02,
    1.81435196e+02, 2.08699371e+02, 1.82585190e+02, 2.17205551e+02,
    1.83760452e+02, 2.25547302e+02 ]
