%YAML:1.0
---
points: [ 9.95468201e+02, 6.36768066e+02, 9.92643677e+02, 6.54779846e+02,
    9.90283325e+02, 6.72333252e+02, 9.87439453e+02, 6.90063599e+02,
    9.85047668e+02, 7.07377625e+02, 9.77103333e+02, 6.35361389e+02,
    9.74605652e+02, 6.53563293e+02, 9.72049072e+02, 6.71228699e+02,
    9.69646057e+02, 6.88672302e+02, 9.66828003e+02, 7.06304138e+02,
    9.58664246e+02, 6.34037781e+02, 9.56098022e+02, 6.52112244e+02,
    9.53629456e+02, 6.70144714e+02, 9.51113098e+02, 6.87567017e+02,
    9.48606140e+02, 7.05123474e+02, 9.39920227e+02, 6.32597412e+02,
    9.37747253e+02, 6.50677979e+02, 9.35098694e+02, 6.68733459e+02,
    9.32711914e+02, 6.86446594e+02, 9.30243347e+02, 7.03933899e+02,
    9.21443176e+02, 6.31026245e+02, 9.18836975e+02, 6.49338562e+02,
    9.16620300e+02, 6.67276550e+02, 9.14140198e+02, 6.85070190e+02,
    9.11738220e+02, 7.02688721e+02, 9.02349243e+02, 6.29510742e+02,
    9.00254333e+02, 6.47820374e+02, 8.97681213e+02, 6.65897583e+02,
    8.95491211e+02, 6.83642639e+02, 8.92842712e+02, 7.01661560e+02,
    8.83648010e+02, 6.28177490e+02, 8.81310242e+02, 6.46260925e+02,
    8.79138306e+02, 6.64577820e+02, 8.76744629e+02, 6.82355347e+02,
    8.74560303e+02, 7.00494690e+02 ]
