%YAML:1.0
---
points: [ 9.81738159e+02, 5.88130737e+02, 9.79234863e+02, 6.06175537e+02,
    9.76476501e+02, 6.23497986e+02, 9.73902588e+02, 6.40779541e+02,
    9.71087158e+02, 6.58093445e+02, 9.63681152e+02, 5.86881836e+02,
    9.60982849e+02, 6.04694824e+02, 9.58526245e+02, 6.22462952e+02,
    9.55778931e+02, 6.39687439e+02, 9.53351440e+02, 6.56854309e+02,
    9.45238953e+02, 5.85479553e+02, 9.42798523e+02, 6.03396362e+02,
    9.40154785e+02, 6.21117676e+02, 9.37674072e+02, 6.38544556e+02,
    9.34933289e+02, 6.55655945e+02, 9.26697754e+02, 5.83853882e+02,
    9.24300110e+02, 6.02050903e+02, 9.21881226e+02, 6.19748779e+02,
    9.19278442e+02, 6.37424377e+02, 9.16846375e+02, 6.54626648e+02,
    9.07922424e+02, 5.82390686e+02, 9.05629395e+02, 6.00612000e+02,
    9.03117432e+02, 6.18418152e+02, 9.00936890e+02, 6.35798035e+02,
    8.98364563e+02, 6.53485901e+02, 8.89215088e+02, 5.80881958e+02,
    8.86706055e+02, 5.98927246e+02, 8.84541748e+02, 6.17026917e+02,
    8.81950562e+02, 6.34567810e+02, 8.79825867e+02, 6.52258606e+02,
    8.70348328e+02, 5.79459106e+02, 8.68084229e+02, 5.97566772e+02,
    8.65710144e+02, 6.15511414e+02, 8.63652710e+02, 6.33365356e+02,
    8.61259827e+02, 6.50895569e+02 ]
