%YAML:1.0
---
points: [ 6.39607544e+02, 4.67529999e+02, 6.40879700e+02, 4.93909027e+02,
    6.42292358e+02, 5.20323425e+02, 6.43486267e+02, 5.46529968e+02,
    6.44808044e+02, 5.73033020e+02, 6.14631592e+02, 4.68753387e+02,
    6.15862000e+02, 4.95311890e+02, 6.16990295e+02, 5.21448730e+02,
    6.18359375e+02, 5.47640686e+02, 6.19886353e+02, 5.74052734e+02,
    5.89879456e+02, 4.70153748e+02, 5.90791870e+02, 4.96509338e+02,
    5.91915833e+02, 5.22597595e+02, 5.93274780e+02, 5.48733032e+02,
    5.94874756e+02, 5.74807861e+02, 5.65325623e+02, 4.71332703e+02,
    5.66178101e+02, 4.97598267e+02, 5.67434265e+02, 5.23596619e+02,
    5.68790894e+02, 5.49705566e+02, 5.70271545e+02, 5.75825134e+02,
    5.40712280e+02, 4.72507050e+02, 5.41815918e+02, 4.98591522e+02,
    5.42958618e+02, 5.24594849e+02, 5.44262512e+02, 5.50539368e+02,
    5.45593445e+02, 5.76592712e+02, 5.16601807e+02, 4.73740143e+02,
    5.17548706e+02, 4.99772156e+02, 5.18581299e+02, 5.25620605e+02,
    5.19808533e+02, 5.51451172e+02, 5.21360840e+02, 5.77573547e+02,
    4.92695343e+02, 4.75143341e+02, 4.93808472e+02, 5.00895294e+02,
    4.95063843e+02, 5.26759216e+02, 4.96232391e+02, 5.52479797e+02,
    4.97517792e+02, 5.78501953e+02 ]
