%YAML:1.0
---
points: [ 1.61568130e+02, 1.85785080e+02, 1.62043228e+02, 1.94803070e+02,
    1.62602631e+02, 2.03665146e+02, 1.63201065e+02, 2.12632248e+02,
    1.63809082e+02, 2.21519196e+02, 1.53120377e+02, 1.86373428e+02,
    1.53511642e+02, 1.95332138e+02, 1.54151581e+02, 2.04169678e+02,
    1.54617004e+02, 2.13083344e+02, 1.55293671e+02, 2.21930328e+02,
    1.44553650e+02, 1.86871490e+02, 1.45110992e+02, 1.95839462e+02,
    1.45616211e+02, 2.04556763e+02, 1.46152161e+02, 2.13605759e+02,
    1.46821960e+02, 2.22418182e+02, 1.36346695e+02, 1.87529984e+02,
    1.36802170e+02, 1.96192490e+02, 1.37208435e+02, 2.05180206e+02,
    1.37923218e+02, 2.13980637e+02, 1.38459610e+02, 2.22801804e+02,
    1.28141541e+02, 1.87937225e+02, 1.28411697e+02, 1.96714096e+02,
    1.28951279e+02, 2.05673706e+02, 1.29509109e+02, 2.14522964e+02,
    1.30105057e+02, 2.23234253e+02, 1.19729416e+02, 1.88498978e+02,
    1.19971443e+02, 1.97425781e+02, 1.20536011e+02, 2.06033310e+02,
    1.21118042e+02, 2.14737900e+02, 1.21689026e+02, 2.23653900e+02,
    1.11599617e+02, 1.89080765e+02, 1.12179916e+02, 1.97809250e+02,
    1.12525253e+02, 2.06447281e+02, 1.13206444e+02, 2.15304031e+02,
    1.13818733e+02, 2.23935516e+02 ]
