%YAML:1.0
---
points: [ 1.68857620e+02, 1.94699326e+02, 1.67915634e+02, 2.07932785e+02,
    1.66796310e+02, 2.21310760e+02, 1.65751053e+02, 2.34643936e+02,
    1.64627823e+02, 2.48148148e+02, 1.55117020e+02, 1.93372696e+02,
    1.54167068e+02, 2.06782028e+02, 1.52994873e+02, 2.20183624e+02,
    1.51859695e+02, 2.33846481e+02, 1.50659164e+02, 2.47490616e+02,
    1.41009033e+02, 1.92040268e+02, 1.39649948e+02, 2.05612228e+02,
    1.38689346e+02, 2.19311157e+02, 1.37402634e+02, 2.32978439e+02,
    1.36301453e+02, 2.46897659e+02, 1.26423805e+02, 1.90568054e+02,
    1.25183769e+02, 2.04403152e+02, 1.23884392e+02, 2.18278763e+02,
    1.22691734e+02, 2.32335083e+02, 1.21456413e+02, 2.46422852e+02,
    1.11239532e+02, 1.89204285e+02, 1.10011665e+02, 2.03164612e+02,
    1.08689323e+02, 2.17274979e+02, 1.07336823e+02, 2.31390778e+02,
    1.06248199e+02, 2.45713242e+02, 9.59436951e+01, 1.87795776e+02,
    9.45038910e+01, 2.01942703e+02, 9.33736420e+01, 2.16304123e+02,
    9.17008591e+01, 2.30713745e+02, 9.04652100e+01, 2.44993408e+02,
    8.03477402e+01, 1.86304077e+02, 7.89630890e+01, 2.00561905e+02,
    7.77445068e+01, 2.15176331e+02, 7.62095642e+01, 2.29637360e+02,
    7.49492188e+01, 2.44456650e+02 ]
