%YAML:1.0
---
points: [ 1.34976990e+03, 6.07207458e+02, 1.34860547e+03, 6.26672546e+02,
    1.34744446e+03, 6.45753662e+02, 1.34606116e+03, 6.64879272e+02,
    1.34471594e+03, 6.83554138e+02, 1.32850562e+03, 6.06869812e+02,
    1.32745398e+03, 6.26308044e+02, 1.32643042e+03, 6.45409668e+02,
    1.32522400e+03, 6.64366394e+02, 1.32382532e+03, 6.83041565e+02,
    1.30721460e+03, 6.06428955e+02, 1.30640112e+03, 6.25860229e+02,
    1.30529041e+03, 6.44804138e+02, 1.30395325e+03, 6.63739990e+02,
    1.30305750e+03, 6.82221252e+02, 1.28614478e+03, 6.06041199e+02,
    1.28530005e+03, 6.25287781e+02, 1.28443811e+03, 6.44455688e+02,
    1.28339661e+03, 6.63180176e+02, 1.28229761e+03, 6.81702271e+02,
    1.26516016e+03, 6.05454895e+02, 1.26439172e+03, 6.24614746e+02,
    1.26348096e+03, 6.43777649e+02, 1.26266516e+03, 6.62317688e+02,
    1.26171558e+03, 6.81151367e+02, 1.24428687e+03, 6.04935730e+02,
    1.24350977e+03, 6.24117493e+02, 1.24277625e+03, 6.43218140e+02,
    1.24201807e+03, 6.61659241e+02, 1.24127893e+03, 6.80466919e+02,
    1.22377795e+03, 6.04462952e+02, 1.22301672e+03, 6.23553345e+02,
    1.22251550e+03, 6.42497070e+02, 1.22178015e+03, 6.61105469e+02,
    1.22123608e+03, 6.79755859e+02 ]
