%YAML:1.0
---
points: [ 1.94453186e+02, 2.41157822e+02, 1.93632843e+02, 2.54398224e+02,
    1.92686996e+02, 2.68213348e+02, 1.91881500e+02, 2.81925873e+02,
    1.91022034e+02, 2.95959656e+02, 1.80953934e+02, 2.40497192e+02,
    1.80086243e+02, 2.53994263e+02, 1.79116852e+02, 2.67651215e+02,
    1.78067566e+02, 2.81432404e+02, 1.76978226e+02, 2.95726288e+02,
    1.67220749e+02, 2.39807739e+02, 1.66158493e+02, 2.53286835e+02,
    1.65015976e+02, 2.67200012e+02, 1.63757065e+02, 2.81297729e+02,
    1.62657501e+02, 2.95490845e+02, 1.53107132e+02, 2.39013535e+02,
    1.51985306e+02, 2.52929184e+02, 1.50732834e+02, 2.66705261e+02,
    1.49512375e+02, 2.80937805e+02, 1.48223434e+02, 2.95252228e+02,
    1.38620071e+02, 2.38330933e+02, 1.37482010e+02, 2.52153976e+02,
    1.36095871e+02, 2.66306122e+02, 1.34620575e+02, 2.80619537e+02,
    1.33278809e+02, 2.95268097e+02, 1.24116745e+02, 2.37526505e+02,
    1.22398102e+02, 2.51580643e+02, 1.21113457e+02, 2.65700592e+02,
    1.19545158e+02, 2.80270477e+02, 1.18183144e+02, 2.94906769e+02,
    1.09193054e+02, 2.36999664e+02, 1.07794731e+02, 2.50890961e+02,
    1.06259521e+02, 2.65142212e+02, 1.04645157e+02, 2.79670349e+02,
    1.03180496e+02, 2.94699036e+02 ]
