%YAML:1.0
---
points: [ 7.04776611e+02, 5.73633240e+02, 7.00752014e+02, 5.91682983e+02,
    6.96618347e+02, 6.09321350e+02, 6.92438110e+02, 6.26885498e+02,
    6.88387634e+02, 6.44481934e+02, 6.85637207e+02, 5.71414612e+02,
    6.81624634e+02, 5.89610535e+02, 6.77569885e+02, 6.07433228e+02,
    6.73628113e+02, 6.25144836e+02, 6.69475342e+02, 6.42781189e+02,
    6.65934448e+02, 5.68914429e+02, 6.61970764e+02, 5.87369873e+02,
    6.58193787e+02, 6.05443542e+02, 6.54081299e+02, 6.23284180e+02,
    6.49836182e+02, 6.40867310e+02, 6.45978943e+02, 5.66415527e+02,
    6.42243286e+02, 5.85208008e+02, 6.38302429e+02, 6.03316284e+02,
    6.34188293e+02, 6.21437073e+02, 6.30122803e+02, 6.39351013e+02,
    6.25789001e+02, 5.63879761e+02, 6.21953613e+02, 5.82526184e+02,
    6.17859741e+02, 6.01196228e+02, 6.13834412e+02, 6.19337036e+02,
    6.10083008e+02, 6.37452454e+02, 6.05058716e+02, 5.61348083e+02,
    6.01306763e+02, 5.80284424e+02, 5.97271667e+02, 5.98629944e+02,
    5.93261658e+02, 6.17330688e+02, 5.89479980e+02, 6.35483521e+02,
    5.84259338e+02, 5.58671021e+02, 5.80406677e+02, 5.77479309e+02,
    5.76367737e+02, 5.96537109e+02, 5.72603333e+02, 6.15056763e+02,
    5.68724243e+02, 6.33656494e+02 ]
