%YAML:1.0
---
points: [ 2.69938904e+02, 2.14727661e+02, 2.71328766e+02, 2.29489655e+02,
    2.72813324e+02, 2.44610733e+02, 2.74369598e+02, 2.59641113e+02,
    2.75919525e+02, 2.75297638e+02, 2.55315384e+02, 2.16239975e+02,
    2.56565369e+02, 2.31027679e+02, 2.57932526e+02, 2.45887558e+02,
    2.59219513e+02, 2.61124237e+02, 2.60654205e+02, 2.76700623e+02,
    2.40482681e+02, 2.17841995e+02, 2.41745026e+02, 2.32529587e+02,
    2.43090347e+02, 2.47295212e+02, 2.44252960e+02, 2.62551422e+02,
    2.45546158e+02, 2.77853333e+02, 2.26306046e+02, 2.19434494e+02,
    2.27273285e+02, 2.33984406e+02, 2.28227951e+02, 2.48768173e+02,
    2.29329681e+02, 2.64030609e+02, 2.30546417e+02, 2.79313171e+02,
    2.11790909e+02, 2.20911469e+02, 2.12662094e+02, 2.35474747e+02,
    2.13629501e+02, 2.50246094e+02, 2.14540588e+02, 2.65223816e+02,
    2.15715164e+02, 2.80639008e+02, 1.97650253e+02, 2.22476440e+02,
    1.98180283e+02, 2.36972717e+02, 1.99127289e+02, 2.51712875e+02,
    1.99835709e+02, 2.66742432e+02, 2.00882095e+02, 2.81810394e+02,
    1.83603363e+02, 2.23890457e+02, 1.84257736e+02, 2.38379745e+02,
    1.85114395e+02, 2.52974701e+02, 1.85684738e+02, 2.67992920e+02,
    1.86744232e+02, 2.83202362e+02 ]
