%YAML:1.0
---
points: [ 3.45658661e+02, 1.76714325e+02, 3.49986450e+02, 1.93694275e+02,
    3.54252808e+02, 2.11183136e+02, 3.58778137e+02, 2.28786560e+02,
    3.63332611e+02, 2.47016113e+02, 3.28482788e+02, 1.81681564e+02,
    3.32395752e+02, 1.98451035e+02, 3.36494354e+02, 2.15482727e+02,
    3.40748901e+02, 2.32789062e+02, 3.45148560e+02, 2.50784073e+02,
    3.11971527e+02, 1.86549194e+02, 3.15559021e+02, 2.02953674e+02,
    3.19423431e+02, 2.19763367e+02, 3.23407013e+02, 2.36796814e+02,
    3.27438843e+02, 2.54117722e+02, 2.96308868e+02, 1.91084503e+02,
    2.99763550e+02, 2.07211807e+02, 3.03095245e+02, 2.23736725e+02,
    3.06792419e+02, 2.40546249e+02, 3.10782166e+02, 2.57615326e+02,
    2.81105469e+02, 1.95674286e+02, 2.84342804e+02, 2.11582520e+02,
    2.87622559e+02, 2.27730652e+02, 2.90956207e+02, 2.44133392e+02,
    2.94707855e+02, 2.60979706e+02, 2.66654816e+02, 1.99918472e+02,
    2.69533203e+02, 2.15585007e+02, 2.72725067e+02, 2.31335785e+02,
    2.75775177e+02, 2.47638153e+02, 2.79193512e+02, 2.64116333e+02,
    2.52774033e+02, 2.04032486e+02, 2.55614349e+02, 2.19366516e+02,
    2.58637024e+02, 2.34846466e+02, 2.61476593e+02, 2.50818924e+02,
    2.64803925e+02, 2.67173737e+02 ]
