%YAML:1.0
---
points: [ 7.35559998e+02, 6.38401062e+02, 7.31483093e+02, 6.56526550e+02,
    7.27277527e+02, 6.74457947e+02, 7.22808472e+02, 6.92262512e+02,
    7.18460083e+02, 7.09721130e+02, 7.16755310e+02, 6.36134705e+02,
    7.12421814e+02, 6.54480896e+02, 7.08297119e+02, 6.72377808e+02,
    7.03952759e+02, 6.90401733e+02, 6.99696960e+02, 7.08222778e+02,
    6.97179932e+02, 6.33689148e+02, 6.92985474e+02, 6.52221313e+02,
    6.88846802e+02, 6.70434753e+02, 6.84605530e+02, 6.88372681e+02,
    6.80339661e+02, 7.06393433e+02, 6.77559143e+02, 6.31099854e+02,
    6.73500244e+02, 6.49923950e+02, 6.69274658e+02, 6.68296021e+02,
    6.64844727e+02, 6.86522339e+02, 6.60597778e+02, 7.04520630e+02,
    6.57624451e+02, 6.28723022e+02, 6.53462097e+02, 6.47456116e+02,
    6.49159424e+02, 6.66201660e+02, 6.44816162e+02, 6.84405090e+02,
    6.40633850e+02, 7.02584839e+02, 6.37275574e+02, 6.26035400e+02,
    6.33110840e+02, 6.45188904e+02, 6.28730957e+02, 6.63659363e+02,
    6.24467896e+02, 6.82266296e+02, 6.20357422e+02, 7.00842957e+02,
    6.16623230e+02, 6.23557190e+02, 6.12454407e+02, 6.42586731e+02,
    6.08271179e+02, 6.61385559e+02, 6.04163330e+02, 6.80269897e+02,
    6.00007446e+02, 6.98686707e+02 ]
