%YAML:1.0
---
points: [ 3.82080994e+02, 1.44510727e+02, 3.88452911e+02, 1.63355484e+02,
    3.94860779e+02, 1.82659836e+02, 4.01577637e+02, 2.02322754e+02,
    4.08437042e+02, 2.22931183e+02, 3.62845886e+02, 1.52720245e+02,
    3.68683655e+02, 1.70945450e+02, 3.74648071e+02, 1.89741882e+02,
    3.80899109e+02, 2.09033920e+02, 3.87606720e+02, 2.28938370e+02,
    3.44662140e+02, 1.60561676e+02, 3.50015320e+02, 1.78324677e+02,
    3.55612579e+02, 1.96527069e+02, 3.61466766e+02, 2.15230499e+02,
    3.67649231e+02, 2.34575577e+02, 3.27814362e+02, 1.67736450e+02,
    3.32723206e+02, 1.85079651e+02, 3.37931519e+02, 2.02731949e+02,
    3.43324158e+02, 2.21091278e+02, 3.49199585e+02, 2.39820312e+02,
    3.11680969e+02, 1.74624268e+02, 3.16300781e+02, 1.91457138e+02,
    3.21130554e+02, 2.08858505e+02, 3.26182617e+02, 2.26643906e+02,
    3.31656128e+02, 2.44817459e+02, 2.96688538e+02, 1.81050598e+02,
    3.00861969e+02, 1.97531021e+02, 3.05483551e+02, 2.14567490e+02,
    3.10170288e+02, 2.31954605e+02, 3.15140320e+02, 2.49559189e+02,
    2.82513702e+02, 1.87023102e+02, 2.86774170e+02, 2.03190567e+02,
    2.90983215e+02, 2.19673309e+02, 2.95354858e+02, 2.36576340e+02,
    3.00031616e+02, 2.53995682e+02 ]
