%YAML:1.0
---
points: [ 7.48543335e+02, 8.26336182e+02, 7.43570862e+02, 8.45628540e+02,
    7.38460815e+02, 8.64782410e+02, 7.33439636e+02, 8.83877258e+02,
    7.28353088e+02, 9.03144104e+02, 7.29353149e+02, 8.23815369e+02,
    7.24299622e+02, 8.43496826e+02, 7.19325439e+02, 8.62629883e+02,
    7.14181274e+02, 8.81947205e+02, 7.08909424e+02, 9.01400574e+02,
    7.09718628e+02, 8.21452148e+02, 7.04612854e+02, 8.41094849e+02,
    6.99513977e+02, 8.60592651e+02, 6.94413391e+02, 8.80069275e+02,
    6.89198242e+02, 8.99289612e+02, 6.89967346e+02, 8.18724976e+02,
    6.84878479e+02, 8.38627319e+02, 6.79646118e+02, 8.58354858e+02,
    6.74528992e+02, 8.77689758e+02, 6.69273376e+02, 8.97379761e+02,
    6.69736389e+02, 8.16385742e+02, 6.64547180e+02, 8.36168945e+02,
    6.59501343e+02, 8.55814819e+02, 6.54173584e+02, 8.75648193e+02,
    6.48888733e+02, 8.95456543e+02, 6.49212952e+02, 8.13515747e+02,
    6.43974609e+02, 8.33640198e+02, 6.38711243e+02, 8.53608582e+02,
    6.33478210e+02, 8.73347717e+02, 6.28176392e+02, 8.93295593e+02,
    6.28610291e+02, 8.10926392e+02, 6.23429504e+02, 8.30937683e+02,
    6.18224548e+02, 8.51063416e+02, 6.12827209e+02, 8.71097473e+02,
    6.07552307e+02, 8.91130188e+02 ]
