%YAML:1.0
---
points: [ 1.19128577e+03, 8.54159241e+02, 1.19025830e+03, 8.74358948e+02,
    1.18901184e+03, 8.94091553e+02, 1.18775525e+03, 9.13977661e+02,
    1.18653137e+03, 9.33950500e+02, 1.17122888e+03, 8.53020081e+02,
    1.17027991e+03, 8.73142212e+02, 1.16922510e+03, 8.93049683e+02,
    1.16797339e+03, 9.12916626e+02, 1.16654688e+03, 9.32884155e+02,
    1.15116699e+03, 8.51570801e+02, 1.15009436e+03, 8.71819336e+02,
    1.14896936e+03, 8.91783020e+02, 1.14773706e+03, 9.11769653e+02,
    1.14655298e+03, 9.31543579e+02, 1.13133984e+03, 8.50207092e+02,
    1.13011670e+03, 8.70505066e+02, 1.12883521e+03, 8.90544250e+02,
    1.12776001e+03, 9.10469238e+02, 1.12658337e+03, 9.30295105e+02,
    1.11124658e+03, 8.49045898e+02, 1.11019165e+03, 8.69161804e+02,
    1.10882495e+03, 8.89168396e+02, 1.10769507e+03, 9.08944519e+02,
    1.10659619e+03, 9.28990417e+02, 1.09110315e+03, 8.47756226e+02,
    1.09006006e+03, 8.67706238e+02, 1.08876770e+03, 8.87735901e+02,
    1.08752881e+03, 9.07704590e+02, 1.08641248e+03, 9.27944092e+02,
    1.07121338e+03, 8.46424866e+02, 1.07007312e+03, 8.66329895e+02,
    1.06904370e+03, 8.86446472e+02, 1.06796082e+03, 9.06543518e+02,
    1.06663245e+03, 9.26532593e+02 ]
