%YAML:1.0
---
points: [ 3.43207825e+02, 1.51764648e+02, 3.50526886e+02, 1.69991669e+02,
    3.58033051e+02, 1.88489029e+02, 3.65997162e+02, 2.07602112e+02,
    3.74536133e+02, 2.27553574e+02, 3.29935394e+02, 1.61849503e+02,
    3.36566315e+02, 1.79228836e+02, 3.43639404e+02, 1.97073013e+02,
    3.51096558e+02, 2.15590240e+02, 3.59228607e+02, 2.34643738e+02,
    3.17953552e+02, 1.70989334e+02, 3.24102600e+02, 1.87849152e+02,
    3.30668915e+02, 2.04992203e+02, 3.37671936e+02, 2.22831177e+02,
    3.44928894e+02, 2.41097565e+02, 3.07101868e+02, 1.79332779e+02,
    3.12715546e+02, 1.95500488e+02, 3.18757019e+02, 2.12336639e+02,
    3.25241425e+02, 2.29464294e+02, 3.32287384e+02, 2.47139130e+02,
    2.96859802e+02, 1.87010193e+02, 3.02294067e+02, 2.02832947e+02,
    3.07873566e+02, 2.18988342e+02, 3.13948853e+02, 2.35523804e+02,
    3.20426422e+02, 2.52568542e+02, 2.87772583e+02, 1.94281067e+02,
    2.92533356e+02, 2.09508011e+02, 2.98053131e+02, 2.25094437e+02,
    3.03565399e+02, 2.41063354e+02, 3.09582367e+02, 2.57646240e+02,
    2.79009216e+02, 2.00766876e+02, 2.83956299e+02, 2.15643295e+02,
    2.88857239e+02, 2.30663239e+02, 2.94209991e+02, 2.46281204e+02,
    2.99848663e+02, 2.62273956e+02 ]
