%YAML:1.0
---
points: [ 1.71743176e+03, 8.60173767e+02, 1.72093262e+03, 8.84548462e+02,
    1.72388843e+03, 9.08475281e+02, 1.72711621e+03, 9.32577087e+02,
    1.73007849e+03, 9.56433838e+02, 1.68990735e+03, 8.60892883e+02,
    1.69324377e+03, 8.85092957e+02, 1.69626929e+03, 9.08866394e+02,
    1.69951428e+03, 9.32742981e+02, 1.70233423e+03, 9.56505676e+02,
    1.66230090e+03, 8.61455627e+02, 1.66554224e+03, 8.85605469e+02,
    1.66875110e+03, 9.09234924e+02, 1.67175269e+03, 9.32946899e+02,
    1.67490601e+03, 9.56467346e+02, 1.63498157e+03, 8.61870850e+02,
    1.63840002e+03, 8.85864746e+02, 1.64169922e+03, 9.09426331e+02,
    1.64467554e+03, 9.33029480e+02, 1.64780359e+03, 9.56434814e+02,
    1.60822876e+03, 8.62461975e+02, 1.61156641e+03, 8.86161682e+02,
    1.61478284e+03, 9.09520142e+02, 1.61781763e+03, 9.32856628e+02,
    1.62103943e+03, 9.56260437e+02, 1.58156006e+03, 8.62858582e+02,
    1.58493945e+03, 8.86302490e+02, 1.58823767e+03, 9.09542664e+02,
    1.59123767e+03, 9.32930969e+02, 1.59442554e+03, 9.56133972e+02,
    1.55573523e+03, 8.63285217e+02, 1.55907739e+03, 8.86411133e+02,
    1.56234021e+03, 9.09491760e+02, 1.56537573e+03, 9.32743103e+02,
    1.56862195e+03, 9.55784058e+02 ]
