%YAML:1.0
---
points: [ 2.48669113e+02, 2.18787537e+02, 2.50991776e+02, 2.33455124e+02,
    2.53383392e+02, 2.48701828e+02, 2.56003448e+02, 2.63814606e+02,
    2.58590698e+02, 2.79473328e+02, 2.35801254e+02, 2.21912231e+02,
    2.37898026e+02, 2.36456131e+02, 2.40132492e+02, 2.51318253e+02,
    2.42536011e+02, 2.66287231e+02, 2.45100449e+02, 2.81690796e+02,
    2.23197266e+02, 2.25039429e+02, 2.25207230e+02, 2.39394547e+02,
    2.27305939e+02, 2.53897156e+02, 2.29536163e+02, 2.68752625e+02,
    2.31868484e+02, 2.83827271e+02, 2.11277496e+02, 2.27932510e+02,
    2.13065094e+02, 2.42084793e+02, 2.14901199e+02, 2.56505981e+02,
    2.17040802e+02, 2.71058929e+02, 2.19339630e+02, 2.86019897e+02,
    1.99633972e+02, 2.30884094e+02, 2.01234879e+02, 2.44771347e+02,
    2.03043991e+02, 2.58950195e+02, 2.04927582e+02, 2.73442474e+02,
    2.07014053e+02, 2.88169586e+02, 1.88378708e+02, 2.33736908e+02,
    1.89650360e+02, 2.47421204e+02, 1.91521545e+02, 2.61446869e+02,
    1.93094070e+02, 2.75692322e+02, 1.95097626e+02, 2.90100037e+02,
    1.77399811e+02, 2.36425079e+02, 1.79043457e+02, 2.49917572e+02,
    1.80512833e+02, 2.63743225e+02, 1.82195847e+02, 2.77785736e+02,
    1.83993668e+02, 2.91926727e+02 ]
