%YAML:1.0
---
points: [ 1.20451836e+02, 2.46667221e+02, 1.18941582e+02, 2.60294556e+02,
    1.17374008e+02, 2.74213562e+02, 1.16077240e+02, 2.88174713e+02,
    1.14385674e+02, 3.02485901e+02, 1.06164780e+02, 2.45899292e+02,
    1.04532791e+02, 2.59685699e+02, 1.02953438e+02, 2.73668640e+02,
    1.01262993e+02, 2.87772675e+02, 9.97785568e+01, 3.02174438e+02,
    9.14888611e+01, 2.45254242e+02, 8.97592316e+01, 2.58925262e+02,
    8.80563049e+01, 2.73101379e+02, 8.64356918e+01, 2.87175903e+02,
    8.49128342e+01, 3.01618866e+02, 7.70641327e+01, 2.44411545e+02,
    7.51093674e+01, 2.58403107e+02, 7.33908844e+01, 2.72429718e+02,
    7.16893082e+01, 2.86568604e+02, 7.00478821e+01, 3.01234283e+02,
    6.22739182e+01, 2.43664642e+02, 6.03811760e+01, 2.57691528e+02,
    5.85791016e+01, 2.71679565e+02, 5.67611160e+01, 2.86007538e+02,
    5.51445999e+01, 3.00562775e+02, 4.76821747e+01, 2.42835434e+02,
    4.55145798e+01, 2.56778778e+02, 4.38059120e+01, 2.70922180e+02,
    4.18253975e+01, 2.85406189e+02, 4.02574768e+01, 2.99968964e+02,
    3.32952156e+01, 2.41914261e+02, 3.12450352e+01, 2.55965744e+02,
    2.93566952e+01, 2.70065674e+02, 2.74481087e+01, 2.84669861e+02,
    2.59054871e+01, 2.98998352e+02 ]
