%YAML:1.0
---
points: [ 1.39503699e+03, 7.59159851e+02, 1.39500256e+03, 7.79495239e+02,
    1.39486047e+03, 7.99410645e+02, 1.39469934e+03, 8.19379089e+02,
    1.39451648e+03, 8.39392639e+02, 1.37316736e+03, 7.58726501e+02,
    1.37328455e+03, 7.79153687e+02, 1.37315540e+03, 7.98929199e+02,
    1.37313721e+03, 8.18699524e+02, 1.37282690e+03, 8.38590210e+02,
    1.35123865e+03, 7.58264526e+02, 1.35120508e+03, 7.78353210e+02,
    1.35127283e+03, 7.98265503e+02, 1.35119360e+03, 8.18097290e+02,
    1.35106348e+03, 8.37853149e+02, 1.32943982e+03, 7.57502869e+02,
    1.32965234e+03, 7.77611633e+02, 1.32974170e+03, 7.97628906e+02,
    1.32971252e+03, 8.17445190e+02, 1.32965222e+03, 8.37024048e+02,
    1.30788391e+03, 7.56941101e+02, 1.30812146e+03, 7.77004944e+02,
    1.30821948e+03, 7.96874268e+02, 1.30827283e+03, 8.16620911e+02,
    1.30833679e+03, 8.36303650e+02, 1.28638220e+03, 7.56389587e+02,
    1.28661377e+03, 7.76328186e+02, 1.28671619e+03, 7.96205750e+02,
    1.28672803e+03, 8.15779419e+02, 1.28683569e+03, 8.35453491e+02,
    1.26542810e+03, 7.55758484e+02, 1.26565503e+03, 7.75662415e+02,
    1.26587378e+03, 7.95451233e+02, 1.26613281e+03, 8.14872498e+02,
    1.26624365e+03, 8.34588318e+02 ]
