%YAML:1.0
---
points: [ 7.77611389e+02, 7.24362366e+02, 7.73451233e+02, 7.42688965e+02,
    7.69232849e+02, 7.60680115e+02, 7.64660339e+02, 7.78812195e+02,
    7.60353210e+02, 7.96630737e+02, 7.59112305e+02, 7.22431519e+02,
    7.54925598e+02, 7.40676208e+02, 7.50506104e+02, 7.59061462e+02,
    7.46224976e+02, 7.77093811e+02, 7.41788025e+02, 7.95241333e+02,
    7.40158203e+02, 7.19997681e+02, 7.35731079e+02, 7.38737671e+02,
    7.31604065e+02, 7.57058472e+02, 7.27236938e+02, 7.75357910e+02,
    7.22710693e+02, 7.93405884e+02, 7.20833008e+02, 7.17831909e+02,
    7.16730652e+02, 7.36611938e+02, 7.12236755e+02, 7.55054810e+02,
    7.07956848e+02, 7.73424561e+02, 7.03516968e+02, 7.91693970e+02,
    7.01436096e+02, 7.15494019e+02, 6.97119934e+02, 7.34336853e+02,
    6.92586487e+02, 7.53031189e+02, 6.88399292e+02, 7.71423584e+02,
    6.84125061e+02, 7.89951904e+02, 6.81497253e+02, 7.13135010e+02,
    6.77130432e+02, 7.32189758e+02, 6.72830505e+02, 7.50675720e+02,
    6.68459595e+02, 7.69626770e+02, 6.64171692e+02, 7.88230103e+02,
    6.61463196e+02, 7.10699707e+02, 6.57249573e+02, 7.29611877e+02,
    6.52939392e+02, 7.48703491e+02, 6.48591003e+02, 7.67445557e+02,
    6.44167847e+02, 7.86450256e+02 ]
