%YAML:1.0
---
points: [ 1.92427963e+02, 2.87167725e+02, 1.92729721e+02, 3.01535583e+02,
    1.93018661e+02, 3.16335327e+02, 1.93364136e+02, 3.31277374e+02,
    1.93854584e+02, 3.46737030e+02, 1.79181320e+02, 2.88528839e+02,
    1.79161179e+02, 3.02790863e+02, 1.79291672e+02, 3.17493011e+02,
    1.79393311e+02, 3.32471527e+02, 1.79784103e+02, 3.47851196e+02,
    1.65758026e+02, 2.89901215e+02, 1.65639862e+02, 3.04198151e+02,
    1.65550140e+02, 3.18716583e+02, 1.65689560e+02, 3.33637115e+02,
    1.65814163e+02, 3.48811981e+02, 1.52723785e+02, 2.91159637e+02,
    1.52419998e+02, 3.05451630e+02, 1.52141617e+02, 3.19839325e+02,
    1.52141327e+02, 3.34651398e+02, 1.52101395e+02, 3.49832520e+02,
    1.39618912e+02, 2.92425568e+02, 1.39196457e+02, 3.06593323e+02,
    1.38794006e+02, 3.21146149e+02, 1.38538239e+02, 3.35782013e+02,
    1.38520325e+02, 3.50793427e+02, 1.26790268e+02, 2.93763153e+02,
    1.26085190e+02, 3.07819519e+02, 1.25792961e+02, 3.22138855e+02,
    1.25269379e+02, 3.36818085e+02, 1.25040604e+02, 3.51650635e+02,
    1.14092850e+02, 2.95026550e+02, 1.13561493e+02, 3.08920227e+02,
    1.12948654e+02, 3.23085999e+02, 1.12441643e+02, 3.37737183e+02,
    1.12173897e+02, 3.52657074e+02 ]
