%YAML:1.0
---
points: [ 7.66301880e+02, 7.27662231e+02, 7.62184753e+02, 7.46589661e+02,
    7.57840820e+02, 7.65468262e+02, 7.53634094e+02, 7.84145569e+02,
    7.49379272e+02, 8.02690613e+02, 7.47050049e+02, 7.25390137e+02,
    7.42859009e+02, 7.44586182e+02, 7.38542603e+02, 7.63549133e+02,
    7.34165833e+02, 7.82246460e+02, 7.29842712e+02, 8.01067078e+02,
    7.27391296e+02, 7.23224731e+02, 7.22853210e+02, 7.42435791e+02,
    7.18569336e+02, 7.61404175e+02, 7.14297913e+02, 7.80454590e+02,
    7.10072937e+02, 7.99187927e+02, 7.07210266e+02, 7.20681519e+02,
    7.02826416e+02, 7.40217529e+02, 6.98499878e+02, 7.59449097e+02,
    6.94317871e+02, 7.78458435e+02, 6.90058167e+02, 7.97540344e+02,
    6.86660095e+02, 7.18320129e+02, 6.82425476e+02, 7.37936157e+02,
    6.78331848e+02, 7.57212646e+02, 6.73984863e+02, 7.76449280e+02,
    6.69614868e+02, 7.95627625e+02, 6.65964355e+02, 7.15894409e+02,
    6.61768372e+02, 7.35399170e+02, 6.57561707e+02, 7.54945923e+02,
    6.53310608e+02, 7.74443909e+02, 6.48789062e+02, 7.93691345e+02,
    6.45208252e+02, 7.13416687e+02, 6.40939514e+02, 7.33225220e+02,
    6.36823242e+02, 7.52711243e+02, 6.32504028e+02, 7.72207031e+02,
    6.28152771e+02, 7.91663635e+02 ]
