%YAML:1.0
---
points: [ 2.74446106e+02, 2.57359955e+02, 2.78023987e+02, 2.72627869e+02,
    2.81782776e+02, 2.88646637e+02, 2.85826385e+02, 3.04826691e+02,
    2.90003082e+02, 3.21858490e+02, 2.61869385e+02, 2.61706085e+02,
    2.65091461e+02, 2.76819061e+02, 2.68587982e+02, 2.92516357e+02,
    2.72168945e+02, 3.08578766e+02, 2.76225861e+02, 3.25249908e+02,
    2.49688583e+02, 2.65859772e+02, 2.52564377e+02, 2.80895966e+02,
    2.55832672e+02, 2.96170502e+02, 2.59177216e+02, 3.12048676e+02,
    2.62846497e+02, 3.28331116e+02, 2.38120117e+02, 2.69979950e+02,
    2.40742630e+02, 2.84757019e+02, 2.43621078e+02, 2.99756927e+02,
    2.46821457e+02, 3.15448486e+02, 2.50255325e+02, 3.31543518e+02,
    2.26805252e+02, 2.74162079e+02, 2.29333939e+02, 2.88431030e+02,
    2.31983780e+02, 3.03474640e+02, 2.34803543e+02, 3.18780548e+02,
    2.37997528e+02, 3.34519165e+02, 2.16251724e+02, 2.77985107e+02,
    2.18319427e+02, 2.92092102e+02, 2.20852402e+02, 3.06841064e+02,
    2.23366776e+02, 3.21828705e+02, 2.26240601e+02, 3.37421265e+02,
    2.05777863e+02, 2.81599060e+02, 2.08078415e+02, 2.95712524e+02,
    2.10164383e+02, 3.09971130e+02, 2.12637177e+02, 3.24837433e+02,
    2.15278564e+02, 3.40157990e+02 ]
