%YAML:1.0
---
points: [ 3.46383911e+02, 1.97867096e+02, 3.54546204e+02, 2.15214127e+02,
    3.63323364e+02, 2.33343369e+02, 3.72567566e+02, 2.52204163e+02,
    3.82556030e+02, 2.72291565e+02, 3.34198547e+02, 2.07807877e+02,
    3.41674866e+02, 2.24722855e+02, 3.49730164e+02, 2.42271072e+02,
    3.58415741e+02, 2.60686646e+02, 3.67809998e+02, 2.80021942e+02,
    3.22917053e+02, 2.17246780e+02, 3.29913422e+02, 2.33606277e+02,
    3.37407227e+02, 2.50646103e+02, 3.45414734e+02, 2.68464142e+02,
    3.54063385e+02, 2.87133301e+02, 3.12803192e+02, 2.25630966e+02,
    3.19239410e+02, 2.41469131e+02, 3.26120483e+02, 2.58243286e+02,
    3.33578461e+02, 2.75583344e+02, 3.41731537e+02, 2.93825012e+02,
    3.03277252e+02, 2.33550156e+02, 3.09277191e+02, 2.49115662e+02,
    3.15731567e+02, 2.65364319e+02, 3.22665253e+02, 2.82301605e+02,
    3.30153381e+02, 2.99937958e+02, 2.94606354e+02, 2.40936172e+02,
    3.00084076e+02, 2.56050629e+02, 3.06251434e+02, 2.71935608e+02,
    3.12512329e+02, 2.88408112e+02, 3.19459961e+02, 3.05666718e+02,
    2.86322784e+02, 2.47749649e+02, 2.91772308e+02, 2.62679291e+02,
    2.97401306e+02, 2.77920593e+02, 3.03503510e+02, 2.93987122e+02,
    3.09797119e+02, 3.10782104e+02 ]
