%YAML:1.0
---
points: [ 1.50617529e+03, 5.67646973e+02, 1.51174744e+03, 6.00274414e+02,
    1.51749072e+03, 6.32763428e+02, 1.52341187e+03, 6.65562561e+02,
    1.52934863e+03, 6.98515076e+02, 1.47093848e+03, 5.72170959e+02,
    1.47643787e+03, 6.04074707e+02, 1.48197571e+03, 6.36000610e+02,
    1.48773352e+03, 6.68262268e+02, 1.49383801e+03, 7.00742920e+02,
    1.43716760e+03, 5.76476379e+02, 1.44236255e+03, 6.07920288e+02,
    1.44765015e+03, 6.39281738e+02, 1.45323096e+03, 6.70765930e+02,
    1.45875781e+03, 7.02682129e+02, 1.40456055e+03, 5.80623596e+02,
    1.40947192e+03, 6.11612427e+02, 1.41464111e+03, 6.42317444e+02,
    1.41994507e+03, 6.73298340e+02, 1.42546411e+03, 7.04634888e+02,
    1.37308667e+03, 5.84615906e+02, 1.37776965e+03, 6.14767761e+02,
    1.38267065e+03, 6.45234985e+02, 1.38780334e+03, 6.75610962e+02,
    1.39322705e+03, 7.06555237e+02, 1.34261450e+03, 5.88361511e+02,
    1.34733020e+03, 6.18228760e+02, 1.35206213e+03, 6.47923523e+02,
    1.35676465e+03, 6.77729187e+02, 1.36187195e+03, 7.08285583e+02,
    1.31341504e+03, 5.92240845e+02, 1.31799182e+03, 6.21361145e+02,
    1.32267163e+03, 6.50498047e+02, 1.32754614e+03, 6.80116028e+02,
    1.33250354e+03, 7.09865295e+02 ]
