%YAML:1.0
---
points: [ 2.46716492e+02, 3.08566303e+01, 2.50817184e+02, 5.31733665e+01,
    2.54621964e+02, 7.53761139e+01, 2.58599640e+02, 9.74245834e+01,
    2.62550049e+02, 1.19126625e+02, 2.30759369e+02, 3.81767960e+01,
    2.34440994e+02, 5.99323425e+01, 2.38246506e+02, 8.14463882e+01,
    2.42395920e+02, 1.02559975e+02, 2.46555786e+02, 1.23466545e+02,
    2.15674927e+02, 4.55073051e+01, 2.19361649e+02, 6.63365707e+01,
    2.23330429e+02, 8.68658295e+01, 2.27207382e+02, 1.07365570e+02,
    2.31401474e+02, 1.27547569e+02, 2.01922867e+02, 5.19239235e+01,
    2.05595093e+02, 7.21229172e+01, 2.09271469e+02, 9.20990829e+01,
    2.13291779e+02, 1.11803131e+02, 2.17510315e+02, 1.31269394e+02,
    1.88897293e+02, 5.82578583e+01, 1.92535828e+02, 7.76536865e+01,
    1.96308533e+02, 9.69769058e+01, 2.00223465e+02, 1.15959938e+02,
    2.04295593e+02, 1.34698975e+02, 1.76934418e+02, 6.40543213e+01,
    1.80418381e+02, 8.28542023e+01, 1.84130035e+02, 1.01441353e+02,
    1.87866699e+02, 1.19784996e+02, 1.91914581e+02, 1.38041885e+02,
    1.65543564e+02, 6.94071579e+01, 1.69221222e+02, 8.76150436e+01,
    1.72960648e+02, 1.05551392e+02, 1.76718170e+02, 1.23474266e+02,
    1.80664642e+02, 1.40972382e+02 ]
