%YAML:1.0
---
points: [ 1.23433557e+03, 5.85682190e+02, 1.23610339e+03, 6.14897095e+02,
    1.23791748e+03, 6.44290955e+02, 1.23969067e+03, 6.73593628e+02,
    1.24188049e+03, 7.03260559e+02, 1.20478931e+03, 5.86882996e+02,
    1.20649792e+03, 6.15900024e+02, 1.20817712e+03, 6.44806763e+02,
    1.21021008e+03, 6.74078186e+02, 1.21213953e+03, 7.03289978e+02,
    1.17570361e+03, 5.88165344e+02, 1.17717102e+03, 6.16963013e+02,
    1.17909253e+03, 6.45477356e+02, 1.18071985e+03, 6.74317139e+02,
    1.18251038e+03, 7.03251465e+02, 1.14762512e+03, 5.89400574e+02,
    1.14898865e+03, 6.17904907e+02, 1.15048633e+03, 6.46126648e+02,
    1.15237207e+03, 6.74690308e+02, 1.15414722e+03, 7.03332214e+02,
    1.11991797e+03, 5.90772705e+02, 1.12139307e+03, 6.18650513e+02,
    1.12278296e+03, 6.46695801e+02, 1.12441638e+03, 6.74843445e+02,
    1.12635254e+03, 7.03332886e+02, 1.09289551e+03, 5.91845215e+02,
    1.09431165e+03, 6.19580139e+02, 1.09563330e+03, 6.47334473e+02,
    1.09710828e+03, 6.75284790e+02, 1.09870068e+03, 7.03345764e+02,
    1.06664294e+03, 5.93052063e+02, 1.06819592e+03, 6.20432007e+02,
    1.06949097e+03, 6.47968384e+02, 1.07081189e+03, 6.75557800e+02,
    1.07242676e+03, 7.03410583e+02 ]
