%YAML:1.0
---
points: [ 1.04354712e+03, 5.83856445e+02, 1.04315344e+03, 6.11941162e+02,
    1.04270642e+03, 6.39722290e+02, 1.04234546e+03, 6.67560486e+02,
    1.04204736e+03, 6.95845764e+02, 1.01622308e+03, 5.83319031e+02,
    1.01570947e+03, 6.11291260e+02, 1.01526624e+03, 6.38856079e+02,
    1.01484680e+03, 6.66638184e+02, 1.01454340e+03, 6.94632385e+02,
    9.89067871e+02, 5.82831787e+02, 9.88374451e+02, 6.10545044e+02,
    9.87760315e+02, 6.38090210e+02, 9.87362854e+02, 6.65662170e+02,
    9.86989563e+02, 6.93391296e+02, 9.62344055e+02, 5.82294800e+02,
    9.61621643e+02, 6.09778564e+02, 9.61180969e+02, 6.37218323e+02,
    9.60552795e+02, 6.64784546e+02, 9.60279541e+02, 6.92346375e+02,
    9.35859924e+02, 5.81805725e+02, 9.35096191e+02, 6.09078613e+02,
    9.34517029e+02, 6.36384033e+02, 9.34040222e+02, 6.63754883e+02,
    9.33576721e+02, 6.91293762e+02, 9.09673157e+02, 5.81384827e+02,
    9.08866943e+02, 6.08463562e+02, 9.08267151e+02, 6.35466064e+02,
    9.07557739e+02, 6.62588257e+02, 9.07182678e+02, 6.90207214e+02,
    8.83976257e+02, 5.80832397e+02, 8.83440125e+02, 6.07722107e+02,
    8.82616455e+02, 6.34710999e+02, 8.82076477e+02, 6.61688110e+02,
    8.81472412e+02, 6.89109802e+02 ]
