%YAML:1.0
---
points: [ 1.34771088e+02, 8.44429626e+01, 1.35908234e+02, 1.01991943e+02,
    1.37131927e+02, 1.19601868e+02, 1.38580856e+02, 1.36437195e+02,
    1.40082397e+02, 1.53447159e+02, 1.18587936e+02, 8.51683426e+01,
    1.19825882e+02, 1.02537682e+02, 1.21135506e+02, 1.19707855e+02,
    1.22668274e+02, 1.36835297e+02, 1.24213402e+02, 1.53640915e+02,
    1.02652443e+02, 8.60311050e+01, 1.03855629e+02, 1.03367500e+02,
    1.05394348e+02, 1.20512772e+02, 1.06951248e+02, 1.37318390e+02,
    1.08658035e+02, 1.53788315e+02, 8.73390656e+01, 8.67643127e+01,
    8.86060715e+01, 1.04032654e+02, 8.98768234e+01, 1.20728226e+02,
    9.15327225e+01, 1.37607315e+02, 9.34352188e+01, 1.54226868e+02,
    7.22263641e+01, 8.76932220e+01, 7.33723602e+01, 1.04734627e+02,
    7.48310852e+01, 1.21547203e+02, 7.63209991e+01, 1.38005463e+02,
    7.83328552e+01, 1.54492798e+02, 5.76326141e+01, 8.88493118e+01,
    5.88200531e+01, 1.05415611e+02, 6.02065582e+01, 1.22169060e+02,
    6.16213722e+01, 1.38611191e+02, 6.33504906e+01, 1.54925369e+02,
    4.33698463e+01, 8.98201675e+01, 4.46514931e+01, 1.06527740e+02,
    4.58888702e+01, 1.22695618e+02, 4.75251160e+01, 1.39107742e+02,
    4.93312340e+01, 1.55260513e+02 ]
