%YAML:1.0
---
points: [ 2.29249329e+02, 9.82175064e+01, 2.26952545e+02, 1.13624519e+02,
    2.24651718e+02, 1.28660187e+02, 2.22497879e+02, 1.43448502e+02,
    2.20261078e+02, 1.57960266e+02, 2.14401291e+02, 9.55827866e+01,
    2.12179214e+02, 1.10927406e+02, 2.10099335e+02, 1.25928802e+02,
    2.07877182e+02, 1.40781982e+02, 2.05782227e+02, 1.55488052e+02,
    1.99508652e+02, 9.27920151e+01, 1.97166946e+02, 1.08064926e+02,
    1.95230423e+02, 1.23260094e+02, 1.93161942e+02, 1.38085464e+02,
    1.91268646e+02, 1.52767883e+02, 1.84659790e+02, 8.97667160e+01,
    1.82530914e+02, 1.05345184e+02, 1.80471970e+02, 1.20429459e+02,
    1.78540176e+02, 1.35535248e+02, 1.76637589e+02, 1.50203201e+02,
    1.69353577e+02, 8.70598297e+01, 1.67378174e+02, 1.02451508e+02,
    1.65537094e+02, 1.17818039e+02, 1.63603149e+02, 1.32745453e+02,
    1.61941483e+02, 1.47728958e+02, 1.54374695e+02, 8.41443405e+01,
    1.52250244e+02, 9.98292694e+01, 1.50586395e+02, 1.15023193e+02,
    1.48735245e+02, 1.30239151e+02, 1.47061737e+02, 1.44935272e+02,
    1.39286591e+02, 8.16650162e+01, 1.37553101e+02, 9.70049973e+01,
    1.36014786e+02, 1.12289062e+02, 1.34143677e+02, 1.27497086e+02,
    1.32642227e+02, 1.42449280e+02 ]
