%YAML:1.0
---
points: [ 7.90282898e+02, 5.75753601e+02, 7.86612366e+02, 6.02437500e+02,
    7.83172791e+02, 6.29073364e+02, 7.79837219e+02, 6.55665710e+02,
    7.76249939e+02, 6.82537781e+02, 7.63379700e+02, 5.72467590e+02,
    7.59738159e+02, 5.99266479e+02, 7.56267334e+02, 6.25859802e+02,
    7.52836487e+02, 6.52709290e+02, 7.49258057e+02, 6.79714722e+02,
    7.36154480e+02, 5.69374878e+02, 7.32576965e+02, 5.96256897e+02,
    7.28792664e+02, 6.22820984e+02, 7.25356201e+02, 6.49603149e+02,
    7.21794861e+02, 6.76532654e+02, 7.08906311e+02, 5.65864929e+02,
    7.05368347e+02, 5.92846069e+02, 7.01677429e+02, 6.19547424e+02,
    6.97890320e+02, 6.46503845e+02, 6.94495667e+02, 6.73592529e+02,
    6.81527344e+02, 5.62628723e+02, 6.77725220e+02, 5.89569092e+02,
    6.74223877e+02, 6.16571045e+02, 6.70477173e+02, 6.43470215e+02,
    6.66818909e+02, 6.70538208e+02, 6.54078003e+02, 5.59405090e+02,
    6.50091309e+02, 5.86351135e+02, 6.46459656e+02, 6.13254761e+02,
    6.42784180e+02, 6.40252197e+02, 6.39059692e+02, 6.67452576e+02,
    6.26734253e+02, 5.55899963e+02, 6.22902832e+02, 5.82897400e+02,
    6.19114990e+02, 6.09947449e+02, 6.15500732e+02, 6.37161133e+02,
    6.11711365e+02, 6.64533630e+02 ]
