%YAML:1.0
---
points: [ 3.29675232e+02, 8.27484818e+01, 3.27519928e+02, 1.00521408e+02,
    3.25447479e+02, 1.18031151e+02, 3.23341461e+02, 1.34994446e+02,
    3.21398163e+02, 1.52112961e+02, 3.12511749e+02, 8.17906342e+01,
    3.10589966e+02, 9.93658905e+01, 3.08425262e+02, 1.16753098e+02,
    3.06633820e+02, 1.33851959e+02, 3.04806396e+02, 1.50681076e+02,
    2.95570648e+02, 8.09113693e+01, 2.93657104e+02, 9.84491119e+01,
    2.92059052e+02, 1.15577026e+02, 2.90169525e+02, 1.32515839e+02,
    2.88423676e+02, 1.49153732e+02, 2.79121796e+02, 8.01679993e+01,
    2.77377319e+02, 9.73282394e+01, 2.75531860e+02, 1.14289711e+02,
    2.74131195e+02, 1.31238281e+02, 2.72608978e+02, 1.47775162e+02,
    2.62636322e+02, 7.92158203e+01, 2.61163452e+02, 9.63498993e+01,
    2.59640564e+02, 1.13426094e+02, 2.58149963e+02, 1.29967010e+02,
    2.56852844e+02, 1.46349701e+02, 2.46662537e+02, 7.80925140e+01,
    2.45213348e+02, 9.54233856e+01, 2.43938431e+02, 1.12222664e+02,
    2.42615494e+02, 1.28873749e+02, 2.41357986e+02, 1.44800964e+02,
    2.31114029e+02, 7.74852524e+01, 2.29828369e+02, 9.42530136e+01,
    2.28768280e+02, 1.11067467e+02, 2.27567581e+02, 1.27551094e+02,
    2.26691498e+02, 1.43532928e+02 ]
