%YAML:1.0
---
points: [ 4.45830688e+02, 5.28838440e+02, 4.37744934e+02, 5.56409790e+02,
    4.29448669e+02, 5.83997009e+02, 4.21262390e+02, 6.11711853e+02,
    4.12835236e+02, 6.39492859e+02, 4.14898102e+02, 5.21501404e+02,
    4.06607788e+02, 5.49508179e+02, 3.98312256e+02, 5.77135315e+02,
    3.89947388e+02, 6.05138855e+02, 3.81424896e+02, 6.33397827e+02,
    3.83019012e+02, 5.13716614e+02, 3.74464935e+02, 5.42089111e+02,
    3.65893951e+02, 5.70172607e+02, 3.57508179e+02, 5.98275146e+02,
    3.48930359e+02, 6.26735596e+02, 3.50718079e+02, 5.05887665e+02,
    3.41999908e+02, 5.34469849e+02, 3.33405304e+02, 5.62753418e+02,
    3.24637939e+02, 5.91490906e+02, 3.16134583e+02, 6.20199890e+02,
    3.17660980e+02, 4.97911835e+02, 3.08686493e+02, 5.26688416e+02,
    3.00034821e+02, 5.55468689e+02, 2.91331635e+02, 5.84312073e+02,
    2.82453491e+02, 6.13347656e+02, 2.83877228e+02, 4.89678864e+02,
    2.74930023e+02, 5.18709473e+02, 2.65924652e+02, 5.47787781e+02,
    2.57025940e+02, 5.76852356e+02, 2.48058685e+02, 6.06572266e+02,
    2.49937851e+02, 4.81379150e+02, 2.40917892e+02, 5.10684418e+02,
    2.31884201e+02, 5.40083069e+02, 2.22812958e+02, 5.69582397e+02,
    2.13752899e+02, 5.99384827e+02 ]
