%YAML:1.0
---
points: [ 2.96223877e+02, 1.64494232e+02, 2.94965240e+02, 1.72729782e+02,
    2.93786469e+02, 1.80669846e+02, 2.92592621e+02, 1.88531555e+02,
    2.91433197e+02, 1.96307861e+02, 2.88155457e+02, 1.63630997e+02,
    2.87032196e+02, 1.71602829e+02, 2.85873749e+02, 1.79632416e+02,
    2.84709930e+02, 1.87445541e+02, 2.83477264e+02, 1.95263443e+02,
    2.80090942e+02, 1.62644470e+02, 2.78939423e+02, 1.70705505e+02,
    2.77863800e+02, 1.78667206e+02, 2.76757446e+02, 1.86549301e+02,
    2.75691193e+02, 1.94358780e+02, 2.72163208e+02, 1.61571228e+02,
    2.71136963e+02, 1.69523819e+02, 2.69838318e+02, 1.77508408e+02,
    2.68868652e+02, 1.85448013e+02, 2.67815155e+02, 1.93346191e+02,
    2.64202850e+02, 1.60334641e+02, 2.62989197e+02, 1.68522781e+02,
    2.61822235e+02, 1.76573425e+02, 2.60920410e+02, 1.84548050e+02,
    2.59921753e+02, 1.92334702e+02, 2.55980652e+02, 1.59460068e+02,
    2.54900024e+02, 1.67564438e+02, 2.54042618e+02, 1.75468918e+02,
    2.52779099e+02, 1.83471497e+02, 2.51843445e+02, 1.91312256e+02,
    2.48024292e+02, 1.58362442e+02, 2.47150986e+02, 1.66572968e+02,
    2.46093689e+02, 1.74436157e+02, 2.45144852e+02, 1.82466843e+02,
    2.44246262e+02, 1.90217102e+02 ]
