%YAML:1.0
---
points: [ 4.71350250e+02, 3.38289337e+02, 4.66436737e+02, 3.66804077e+02,
    4.61409119e+02, 3.95325897e+02, 4.56468292e+02, 4.23475861e+02,
    4.51429749e+02, 4.51490021e+02, 4.39460754e+02, 3.31116516e+02,
    4.34481445e+02, 3.60257263e+02, 4.29491302e+02, 3.88721405e+02,
    4.24434448e+02, 4.17465912e+02, 4.19646851e+02, 4.45760773e+02,
    4.06659454e+02, 3.23877319e+02, 4.01538239e+02, 3.53422852e+02,
    3.96600677e+02, 3.82360413e+02, 3.91640381e+02, 4.11295502e+02,
    3.86649658e+02, 4.39855377e+02, 3.73263885e+02, 3.16499634e+02,
    3.68273560e+02, 3.46260834e+02, 3.63353882e+02, 3.75672943e+02,
    3.58421112e+02, 4.04850098e+02, 3.53626099e+02, 4.34013580e+02,
    3.39072906e+02, 3.08812164e+02, 3.33880829e+02, 3.39059052e+02,
    3.29016785e+02, 3.68678955e+02, 3.24342133e+02, 3.98291534e+02,
    3.19502594e+02, 4.27884460e+02, 3.04231232e+02, 3.01294891e+02,
    2.99227448e+02, 3.31584412e+02, 2.94455048e+02, 3.61603821e+02,
    2.89502350e+02, 3.91662415e+02, 2.84698944e+02, 4.21713348e+02,
    2.69245056e+02, 2.93462708e+02, 2.64402252e+02, 3.24262878e+02,
    2.59449585e+02, 3.54752502e+02, 2.54664398e+02, 3.85040741e+02,
    2.49969009e+02, 4.15313965e+02 ]
