%YAML:1.0
---
points: [ 7.12883972e+02, 3.65436737e+02, 7.10236816e+02, 3.92985107e+02,
    7.07337891e+02, 4.20380829e+02, 7.04576660e+02, 4.47503357e+02,
    7.01779480e+02, 4.74493652e+02, 6.84709656e+02, 3.61276215e+02,
    6.81838440e+02, 3.89183624e+02, 6.79289795e+02, 4.16703339e+02,
    6.76429504e+02, 4.43995575e+02, 6.73893982e+02, 4.71023682e+02,
    6.55671082e+02, 3.57106171e+02, 6.53153442e+02, 3.85308868e+02,
    6.50284302e+02, 4.12697510e+02, 6.47927734e+02, 4.40140564e+02,
    6.45127380e+02, 4.67338898e+02, 6.26862122e+02, 3.52867615e+02,
    6.24123962e+02, 3.81264557e+02, 6.21706238e+02, 4.08740784e+02,
    6.19110962e+02, 4.36441772e+02, 6.16674866e+02, 4.63904205e+02,
    5.97460876e+02, 3.48746490e+02, 5.94986206e+02, 3.76908386e+02,
    5.92426331e+02, 4.04874329e+02, 5.90194092e+02, 4.32688721e+02,
    5.87712036e+02, 4.60269897e+02, 5.67839294e+02, 3.44398926e+02,
    5.65437561e+02, 3.72677460e+02, 5.63045532e+02, 4.00985565e+02,
    5.60637451e+02, 4.28779449e+02, 5.58468262e+02, 4.56570862e+02,
    5.38377197e+02, 3.39931671e+02, 5.35980042e+02, 3.68617157e+02,
    5.33724426e+02, 3.96954773e+02, 5.31575806e+02, 4.24825745e+02,
    5.29192261e+02, 4.52924805e+02 ]
