%YAML:1.0
---
points: [ 2.34417587e+02, 1.65375717e+02, 2.33764481e+02, 1.73278839e+02,
    2.33366119e+02, 1.80899704e+02, 2.32927414e+02, 1.88484055e+02,
    2.32474762e+02, 1.96189392e+02, 2.26346161e+02, 1.64768738e+02,
    2.26090469e+02, 1.72527924e+02, 2.25624069e+02, 1.80316605e+02,
    2.25212128e+02, 1.88045395e+02, 2.24731644e+02, 1.95552689e+02,
    2.18523773e+02, 1.64309402e+02, 2.18231613e+02, 1.72194092e+02,
    2.17763992e+02, 1.79824127e+02, 2.17473022e+02, 1.87598679e+02,
    2.17099075e+02, 1.95152817e+02, 2.10798386e+02, 1.63682953e+02,
    2.10383743e+02, 1.71496674e+02, 2.10038162e+02, 1.79356171e+02,
    2.09747971e+02, 1.87018738e+02, 2.09485046e+02, 1.94582504e+02,
    2.03039902e+02, 1.63097763e+02, 2.02461304e+02, 1.70967133e+02,
    2.02264099e+02, 1.78606796e+02, 2.01895401e+02, 1.86360992e+02,
    2.01583817e+02, 1.94039062e+02, 1.95052948e+02, 1.62390427e+02,
    1.94573257e+02, 1.70381271e+02, 1.94321106e+02, 1.78165665e+02,
    1.94052597e+02, 1.85818924e+02, 1.93710297e+02, 1.93470703e+02,
    1.87233612e+02, 1.61971375e+02, 1.86988708e+02, 1.69865982e+02,
    1.86536255e+02, 1.77566757e+02, 1.86404312e+02, 1.85345291e+02,
    1.86236481e+02, 1.92907623e+02 ]
