%YAML:1.0
---
points: [ 9.31562378e+02, 3.80293060e+02, 9.30092163e+02, 4.08130798e+02,
    9.28899109e+02, 4.35616180e+02, 9.27616394e+02, 4.63041321e+02,
    9.26464355e+02, 4.90422943e+02, 9.04028259e+02, 3.78657410e+02,
    9.02893799e+02, 4.06637543e+02, 9.01731323e+02, 4.34144012e+02,
    9.00695801e+02, 4.61412689e+02, 8.99658142e+02, 4.88561279e+02,
    8.76680969e+02, 3.77183990e+02, 8.75533020e+02, 4.05083771e+02,
    8.74578613e+02, 4.32619659e+02, 8.73551880e+02, 4.59807770e+02,
    8.72514343e+02, 4.86869934e+02, 8.49556885e+02, 3.75673553e+02,
    8.48515625e+02, 4.03510071e+02, 8.47639404e+02, 4.30837433e+02,
    8.46610352e+02, 4.58293060e+02, 8.45761292e+02, 4.85339996e+02,
    8.22469666e+02, 3.74282166e+02, 8.21516235e+02, 4.01885590e+02,
    8.20644470e+02, 4.29348907e+02, 8.19738708e+02, 4.56363708e+02,
    8.19124695e+02, 4.83518463e+02, 7.95362976e+02, 3.72430969e+02,
    7.94502808e+02, 4.00289490e+02, 7.93762390e+02, 4.27760315e+02,
    7.92803650e+02, 4.54746368e+02, 7.92266418e+02, 4.81916656e+02,
    7.68651001e+02, 3.70915924e+02, 7.67955933e+02, 3.98577545e+02,
    7.67318787e+02, 4.25961365e+02, 7.66647400e+02, 4.53189117e+02,
    7.66099792e+02, 4.80335907e+02 ]
