%YAML:1.0
---
points: [ 4.52687897e+02, 1.48283264e+02, 4.53166168e+02, 1.58658554e+02,
    4.53728149e+02, 1.68868332e+02, 4.54246918e+02, 1.78978439e+02,
    4.54707458e+02, 1.89324875e+02, 4.41637817e+02, 1.49154282e+02,
    4.41971069e+02, 1.59654297e+02, 4.42630554e+02, 1.69566635e+02,
    4.43039551e+02, 1.79768799e+02, 4.39248444e+02, 1.88772247e+02,
    4.30648071e+02, 1.50348419e+02, 4.30913879e+02, 1.60414261e+02,
    4.31695374e+02, 1.70396896e+02, 4.32063995e+02, 1.80279907e+02,
    4.37219574e+02, 1.88833679e+02, 4.19761292e+02, 1.51274307e+02,
    4.20518219e+02, 1.61277908e+02, 4.20883698e+02, 1.70983826e+02,
    4.21651367e+02, 1.80846008e+02, 4.22108887e+02, 1.90570786e+02,
    4.09620911e+02, 1.52394348e+02, 4.09852448e+02, 1.61985291e+02,
    4.10644836e+02, 1.71776703e+02, 4.11071503e+02, 1.81444565e+02,
    4.11695587e+02, 1.90948868e+02, 3.99293182e+02, 1.53389084e+02,
    3.99774933e+02, 1.62861572e+02, 4.00568146e+02, 1.72562485e+02,
    4.00934052e+02, 1.81784775e+02, 4.01716370e+02, 1.91376068e+02,
    3.89631012e+02, 1.54292374e+02, 3.90172272e+02, 1.63668640e+02,
    3.90769623e+02, 1.73093445e+02, 3.91379059e+02, 1.82490326e+02,
    3.92146454e+02, 1.91678650e+02 ]
