%YAML:1.0
---
points: [ 1.79267349e+02, 1.66255264e+02, 1.78473129e+02, 1.73902451e+02,
    1.77780502e+02, 1.81520142e+02, 1.76902512e+02, 1.89017273e+02,
    1.76170059e+02, 1.96539337e+02, 1.71295532e+02, 1.65116577e+02,
    1.70543823e+02, 1.72926025e+02, 1.69842285e+02, 1.80428864e+02,
    1.69148911e+02, 1.88161255e+02, 1.68375626e+02, 1.95636841e+02,
    1.63167633e+02, 1.64181671e+02, 1.62545456e+02, 1.72027847e+02,
    1.61832947e+02, 1.79727005e+02, 1.61126465e+02, 1.87351120e+02,
    1.60432541e+02, 1.94869461e+02, 1.55216736e+02, 1.63162918e+02,
    1.54495377e+02, 1.71032669e+02, 1.53780869e+02, 1.78742081e+02,
    1.53170868e+02, 1.86410065e+02, 1.52381836e+02, 1.94135422e+02,
    1.47156387e+02, 1.62032867e+02, 1.46272079e+02, 1.70107803e+02,
    1.45577942e+02, 1.77860123e+02, 1.45016541e+02, 1.85553604e+02,
    1.44289825e+02, 1.93313095e+02, 1.38606812e+02, 1.61168213e+02,
    1.37877899e+02, 1.69060547e+02, 1.37304932e+02, 1.76825150e+02,
    1.36558212e+02, 1.84566879e+02, 1.35928619e+02, 1.92229965e+02,
    1.30397171e+02, 1.60077682e+02, 1.29847107e+02, 1.68065323e+02,
    1.29119766e+02, 1.75887955e+02, 1.28567764e+02, 1.83674194e+02,
    1.27959373e+02, 1.91419403e+02 ]
