%YAML:1.0
---
points: [ 1.20220129e+03, 3.86410767e+02, 1.20263916e+03, 4.15666565e+02,
    1.20316370e+03, 4.44596771e+02, 1.20377686e+03, 4.73313660e+02,
    1.20445215e+03, 5.01977448e+02, 1.17321570e+03, 3.87850281e+02,
    1.17379102e+03, 4.16983978e+02, 1.17439001e+03, 4.45501129e+02,
    1.17505505e+03, 4.73935699e+02, 1.17581421e+03, 5.02291412e+02,
    1.14463635e+03, 3.89518402e+02, 1.14524939e+03, 4.18270691e+02,
    1.14588782e+03, 4.46389526e+02, 1.14680383e+03, 4.74604370e+02,
    1.14764246e+03, 5.02462708e+02, 1.11703235e+03, 3.91025513e+02,
    1.11761328e+03, 4.19374878e+02, 1.11839197e+03, 4.47287201e+02,
    1.11930408e+03, 4.75146729e+02, 1.12040735e+03, 5.02685669e+02,
    1.08991760e+03, 3.92427734e+02, 1.09063586e+03, 4.20427155e+02,
    1.09151001e+03, 4.48228790e+02, 1.09244836e+03, 4.75642487e+02,
    1.09351685e+03, 5.02864929e+02, 1.06346436e+03, 3.93718323e+02,
    1.06432324e+03, 4.21564880e+02, 1.06517285e+03, 4.48894379e+02,
    1.06602295e+03, 4.76076813e+02, 1.06714880e+03, 5.03222412e+02,
    1.03775684e+03, 3.95193176e+02, 1.03867834e+03, 4.22647552e+02,
    1.03962781e+03, 4.49656677e+02, 1.04079224e+03, 4.76569153e+02,
    1.04205322e+03, 5.03393005e+02 ]
