%YAML:1.0
---
points: [ 2.11641968e+02, 1.88277618e+02, 2.11073486e+02, 1.95800781e+02,
    2.10292953e+02, 2.03289764e+02, 2.09642120e+02, 2.10794800e+02,
    2.08989761e+02, 2.18349319e+02, 2.04127563e+02, 1.87570984e+02,
    2.03380966e+02, 1.95148285e+02, 2.02761169e+02, 2.02650375e+02,
    2.02024780e+02, 2.10083191e+02, 2.01301788e+02, 2.17487274e+02,
    1.96257370e+02, 1.86653442e+02, 1.95567398e+02, 1.94318192e+02,
    1.95031433e+02, 2.01878525e+02, 1.94317734e+02, 2.09397812e+02,
    1.93598785e+02, 2.17021545e+02, 1.88528870e+02, 1.85983566e+02,
    1.87885361e+02, 1.93539658e+02, 1.87129959e+02, 2.01216980e+02,
    1.86587799e+02, 2.08624924e+02, 1.86092270e+02, 2.16304108e+02,
    1.80753662e+02, 1.85062225e+02, 1.80091034e+02, 1.92854889e+02,
    1.79369400e+02, 2.00358414e+02, 1.78805389e+02, 2.07891281e+02,
    1.78113113e+02, 2.15612534e+02, 1.72653702e+02, 1.84219757e+02,
    1.72024277e+02, 1.92044464e+02, 1.71486374e+02, 1.99680710e+02,
    1.70792572e+02, 2.07237488e+02, 1.70155579e+02, 2.14799057e+02,
    1.64998413e+02, 1.83623260e+02, 1.64290222e+02, 1.91267731e+02,
    1.63635757e+02, 1.99000244e+02, 1.63226501e+02, 2.06553574e+02,
    1.62628326e+02, 2.14081055e+02 ]
