%YAML:1.0
---
points: [ 1.50397705e+03, 3.59598267e+02, 1.50706116e+03, 3.92698700e+02,
    1.51048669e+03, 4.25489868e+02, 1.51362000e+03, 4.58319519e+02,
    1.51723035e+03, 4.90958435e+02, 1.46858923e+03, 3.65104858e+02,
    1.47163806e+03, 3.97529205e+02, 1.47493384e+03, 4.29598206e+02,
    1.47842529e+03, 4.61591339e+02, 1.48171838e+03, 4.93563873e+02,
    1.43435168e+03, 3.70352570e+02, 1.43743445e+03, 4.02263458e+02,
    1.44056812e+03, 4.33619934e+02, 1.44387646e+03, 4.65053131e+02,
    1.44750061e+03, 4.96283417e+02, 1.40162488e+03, 3.75359863e+02,
    1.40469983e+03, 4.06592590e+02, 1.40776794e+03, 4.37422150e+02,
    1.41129016e+03, 4.68049988e+02, 1.41474109e+03, 4.98700867e+02,
    1.37021423e+03, 3.80241699e+02, 1.37326331e+03, 4.10594574e+02,
    1.37631323e+03, 4.40855164e+02, 1.37968921e+03, 4.71060211e+02,
    1.38316370e+03, 5.01257416e+02, 1.33966235e+03, 3.84692596e+02,
    1.34276709e+03, 4.14568634e+02, 1.34583044e+03, 4.44453583e+02,
    1.34916809e+03, 4.73964661e+02, 1.35264368e+03, 5.03481018e+02,
    1.31080371e+03, 3.89104065e+02, 1.31392883e+03, 4.18554138e+02,
    1.31715015e+03, 4.47661835e+02, 1.32050720e+03, 4.76623077e+02,
    1.32368835e+03, 5.05724518e+02 ]
