%YAML:1.0
---
points: [ 3.37633728e+02, 1.82607071e+02, 3.37545197e+02, 1.91360016e+02,
    3.37488403e+02, 1.99620560e+02, 3.37551117e+02, 2.07834839e+02,
    3.37578156e+02, 2.16190552e+02, 3.28786377e+02, 1.82786850e+02,
    3.28823914e+02, 1.91335083e+02, 3.28857422e+02, 1.99573196e+02,
    3.28872192e+02, 2.07710693e+02, 3.28909637e+02, 2.15943115e+02,
    3.20364838e+02, 1.82897034e+02, 3.20385040e+02, 1.91344254e+02,
    3.20463959e+02, 1.99552917e+02, 3.20559448e+02, 2.07763596e+02,
    3.20650513e+02, 2.15757141e+02, 3.11903748e+02, 1.83006958e+02,
    3.11990509e+02, 1.91146835e+02, 3.12020996e+02, 1.99572021e+02,
    3.12189087e+02, 2.07548248e+02, 3.12327972e+02, 2.15748245e+02,
    3.03956543e+02, 1.82933350e+02, 3.03825958e+02, 1.91396332e+02,
    3.03817535e+02, 1.99445847e+02, 3.03945282e+02, 2.07574982e+02,
    3.04106598e+02, 2.15536789e+02, 2.95658356e+02, 1.83081268e+02,
    2.95701111e+02, 1.91338730e+02, 2.95816620e+02, 1.99365799e+02,
    2.95777893e+02, 2.07357300e+02, 2.95935638e+02, 2.15420715e+02,
    2.87844574e+02, 1.83142838e+02, 2.87919769e+02, 1.91362350e+02,
    2.87969543e+02, 1.99269775e+02, 2.88147034e+02, 2.07344238e+02,
    2.88431549e+02, 2.15115143e+02 ]
