%YAML:1.0
---
points: [ 9.89255249e+02, 2.61258118e+02, 9.86796021e+02, 2.88050079e+02,
    9.84529602e+02, 3.14663300e+02, 9.81934753e+02, 3.41191345e+02,
    9.79479370e+02, 3.67707947e+02, 9.63823669e+02, 2.57750305e+02,
    9.61501038e+02, 2.84904816e+02, 9.59218018e+02, 3.11607483e+02,
    9.56740601e+02, 3.38370544e+02, 9.54274719e+02, 3.65053497e+02,
    9.37821533e+02, 2.54411697e+02, 9.35582825e+02, 2.81538757e+02,
    9.33336914e+02, 3.08412994e+02, 9.30970215e+02, 3.35159912e+02,
    9.28457397e+02, 3.61941193e+02, 9.11712402e+02, 2.50647125e+02,
    9.09521057e+02, 2.78001617e+02, 9.07291199e+02, 3.05171143e+02,
    9.05090698e+02, 3.32288574e+02, 9.02515198e+02, 3.59268494e+02,
    8.85190918e+02, 2.47200348e+02, 8.83012573e+02, 2.74625488e+02,
    8.80779663e+02, 3.01938934e+02, 8.78577820e+02, 3.29097839e+02,
    8.76313904e+02, 3.56228729e+02, 8.58386963e+02, 2.43555679e+02,
    8.56096497e+02, 2.71112122e+02, 8.53984619e+02, 2.98433441e+02,
    8.51746765e+02, 3.25751221e+02, 8.49549255e+02, 3.53308899e+02,
    8.31420837e+02, 2.39719635e+02, 8.29283081e+02, 2.67466431e+02,
    8.27274048e+02, 2.95250214e+02, 8.25063965e+02, 3.22695801e+02,
    8.23017334e+02, 3.50228546e+02 ]
