%YAML:1.0
---
points: [ 3.99988251e+02, 1.78921448e+02, 4.00450104e+02, 1.88231918e+02,
    4.00656799e+02, 1.97696060e+02, 4.00986084e+02, 2.06730865e+02,
    4.01528137e+02, 2.15803589e+02, 3.90340820e+02, 1.79582275e+02,
    3.90716217e+02, 1.88612335e+02, 3.90906464e+02, 1.97759933e+02,
    3.91305115e+02, 2.06898819e+02, 3.91652527e+02, 2.15756927e+02,
    3.80632690e+02, 1.80082443e+02, 3.80924225e+02, 1.88995193e+02,
    3.81367371e+02, 1.98112091e+02, 3.81833099e+02, 2.07084747e+02,
    3.81982178e+02, 2.15782364e+02, 3.71246918e+02, 1.80603378e+02,
    3.71708344e+02, 1.89375717e+02, 3.71822876e+02, 1.98346100e+02,
    3.72285767e+02, 2.07138107e+02, 3.72760620e+02, 2.15922501e+02,
    3.61954681e+02, 1.80794189e+02, 3.62366760e+02, 1.89720581e+02,
    3.62641449e+02, 1.98681122e+02, 3.63027496e+02, 2.07336411e+02,
    3.63579163e+02, 2.15901428e+02, 3.52890167e+02, 1.81416046e+02,
    3.53355164e+02, 1.90057938e+02, 3.53728943e+02, 1.98805893e+02,
    3.53878754e+02, 2.07477646e+02, 3.54581329e+02, 2.15937897e+02,
    3.44279602e+02, 1.81725784e+02, 3.44673767e+02, 1.90557190e+02,
    3.44978333e+02, 1.98961761e+02, 3.45582092e+02, 2.07638611e+02,
    3.46057037e+02, 2.15964249e+02 ]
