%YAML:1.0
---
points: [ 1.19473413e+03, 2.35551117e+02, 1.19346533e+03, 2.64325287e+02,
    1.19208240e+03, 2.92594910e+02, 1.19071716e+03, 3.20858398e+02,
    1.18926770e+03, 3.49229187e+02, 1.16685974e+03, 2.35003128e+02,
    1.16563354e+03, 2.63723053e+02, 1.16444934e+03, 2.92029602e+02,
    1.16313977e+03, 3.20343048e+02, 1.16168237e+03, 3.48769165e+02,
    1.13877075e+03, 2.34658813e+02, 1.13765430e+03, 2.63223785e+02,
    1.13654688e+03, 2.91618958e+02, 1.13516907e+03, 3.19750183e+02,
    1.13376440e+03, 3.48086578e+02, 1.11100562e+03, 2.34104172e+02,
    1.10990222e+03, 2.62671234e+02, 1.10863306e+03, 2.91073303e+02,
    1.10749536e+03, 3.19267578e+02, 1.10640222e+03, 3.47530396e+02,
    1.08296155e+03, 2.33658722e+02, 1.08190869e+03, 2.62044342e+02,
    1.08093018e+03, 2.90585724e+02, 1.07984851e+03, 3.18694366e+02,
    1.07876208e+03, 3.46876160e+02, 1.05496021e+03, 2.33175430e+02,
    1.05409534e+03, 2.61632843e+02, 1.05317310e+03, 2.90002350e+02,
    1.05212842e+03, 3.18183502e+02, 1.05106177e+03, 3.46289581e+02,
    1.02755933e+03, 2.32638321e+02, 1.02661682e+03, 2.61206726e+02,
    1.02586169e+03, 2.89348633e+02, 1.02475476e+03, 3.17560333e+02,
    1.02399146e+03, 3.45796387e+02 ]
