%YAML:1.0
---
points: [ 4.36364075e+02, 1.65541931e+02, 4.36717651e+02, 1.77093735e+02,
    4.37818787e+02, 1.88725830e+02, 4.37510132e+02, 1.99698715e+02,
    4.37885834e+02, 2.11027985e+02, 4.23831299e+02, 1.66422638e+02,
    4.24533081e+02, 1.77676117e+02, 4.24792877e+02, 1.88838684e+02,
    4.25244568e+02, 2.00078735e+02, 4.25659882e+02, 2.11216827e+02,
    4.11764221e+02, 1.67464035e+02, 4.12307587e+02, 1.78630722e+02,
    4.12785004e+02, 1.89522339e+02, 4.13071930e+02, 2.00460205e+02,
    4.13722443e+02, 2.11256943e+02, 4.00113007e+02, 1.68146744e+02,
    4.00655731e+02, 1.79096313e+02, 4.00883423e+02, 1.89862091e+02,
    4.01556610e+02, 2.00707657e+02, 4.01829224e+02, 2.11512543e+02,
    3.88822113e+02, 1.68812149e+02, 3.89107788e+02, 1.79721710e+02,
    3.89628204e+02, 1.90444260e+02, 3.89985046e+02, 2.00946152e+02,
    3.90669525e+02, 2.11628540e+02, 3.77679596e+02, 1.69761078e+02,
    3.77917847e+02, 1.80387451e+02, 3.78673706e+02, 1.90734344e+02,
    3.78842834e+02, 2.01311951e+02, 3.79457825e+02, 2.11651260e+02,
    3.66909271e+02, 1.70490417e+02, 3.67582550e+02, 1.80847946e+02,
    3.67868469e+02, 1.91315353e+02, 3.68471619e+02, 2.01636276e+02,
    3.69072083e+02, 2.11796432e+02 ]
