%YAML:1.0
---
points: [ 1.40430347e+03, 1.97691223e+02, 1.40440771e+03, 2.28801468e+02,
    1.40434802e+03, 2.59885712e+02, 1.40424927e+03, 2.90535156e+02,
    1.40415259e+03, 3.21454132e+02, 1.37193018e+03, 2.00498337e+02,
    1.37212708e+03, 2.31473648e+02, 1.37216028e+03, 2.61996246e+02,
    1.37205920e+03, 2.92727631e+02, 1.37195105e+03, 3.23575836e+02,
    1.33973938e+03, 2.03324600e+02, 1.33979712e+03, 2.34249283e+02,
    1.33989893e+03, 2.64749786e+02, 1.33984363e+03, 2.95130524e+02,
    1.33974219e+03, 3.25400543e+02, 1.30813208e+03, 2.06343292e+02,
    1.30832520e+03, 2.36762894e+02, 1.30841479e+03, 2.66923737e+02,
    1.30845911e+03, 2.97307922e+02, 1.30849524e+03, 3.27548401e+02,
    1.27677209e+03, 2.09153244e+02, 1.27704871e+03, 2.39479675e+02,
    1.27720239e+03, 2.69632996e+02, 1.27738794e+03, 2.99452423e+02,
    1.27749280e+03, 3.29461365e+02, 1.24602808e+03, 2.12091049e+02,
    1.24622937e+03, 2.41970657e+02, 1.24649158e+03, 2.71796234e+02,
    1.24660291e+03, 3.01739319e+02, 1.24679248e+03, 3.31520264e+02,
    1.21601379e+03, 2.14725662e+02, 1.21629236e+03, 2.44659515e+02,
    1.21660657e+03, 2.74353180e+02, 1.21681055e+03, 3.03763062e+02,
    1.21722778e+03, 3.33593719e+02 ]
