%YAML:1.0
---
points: [ 1.99176605e+02, 8.71792755e+01, 1.98411377e+02, 9.71743011e+01,
    1.98039169e+02, 1.06796631e+02, 1.97511017e+02, 1.16372276e+02,
    1.97055664e+02, 1.25813332e+02, 1.89541473e+02, 8.62217407e+01,
    1.89101456e+02, 9.60491943e+01, 1.88547546e+02, 1.05772736e+02,
    1.88371841e+02, 1.15213036e+02, 1.87826630e+02, 1.24873001e+02,
    1.79701599e+02, 8.50873108e+01, 1.79458832e+02, 9.50117188e+01,
    1.79198502e+02, 1.04703918e+02, 1.78712708e+02, 1.14327614e+02,
    1.78457794e+02, 1.23584663e+02, 1.70361786e+02, 8.37327194e+01,
    1.70036682e+02, 9.37649002e+01, 1.69610489e+02, 1.03468910e+02,
    1.69462143e+02, 1.13158279e+02, 1.69246323e+02, 1.22667267e+02,
    1.60658539e+02, 8.27212906e+01, 1.60269547e+02, 9.24576035e+01,
    1.60205750e+02, 1.02590363e+02, 1.59929932e+02, 1.12050522e+02,
    1.59730423e+02, 1.21499603e+02, 1.50825546e+02, 8.14362030e+01,
    1.50602066e+02, 9.13036957e+01, 1.50419632e+02, 1.01282082e+02,
    1.50276352e+02, 1.10963684e+02, 1.50234512e+02, 1.20462997e+02,
    1.41307495e+02, 8.02898178e+01, 1.41231979e+02, 9.05641632e+01,
    1.41223557e+02, 1.00148209e+02, 1.41216446e+02, 1.10090630e+02,
    1.41262817e+02, 1.19323586e+02 ]
