%YAML:1.0
---
points: [ 1.71420129e+03, 1.06803711e+02, 1.71725427e+03, 1.42877182e+02,
    1.72028796e+03, 1.78784241e+02, 1.72305334e+03, 2.14761383e+02,
    1.72582593e+03, 2.51056656e+02, 1.67254211e+03, 1.15431984e+02,
    1.67551575e+03, 1.50963455e+02, 1.67851550e+03, 1.86580765e+02,
    1.68127686e+03, 2.22289398e+02, 1.68420007e+03, 2.57801819e+02,
    1.63150513e+03, 1.24167084e+02, 1.63435120e+03, 1.59464172e+02,
    1.63738794e+03, 1.94294067e+02, 1.64004517e+03, 2.29337830e+02,
    1.64276501e+03, 2.64564362e+02, 1.59175562e+03, 1.32822342e+02,
    1.59465161e+03, 1.67345291e+02, 1.59733887e+03, 2.01990829e+02,
    1.60028748e+03, 2.36285873e+02, 1.60285303e+03, 2.71110321e+02,
    1.55291870e+03, 1.41219666e+02, 1.55562573e+03, 1.75462601e+02,
    1.55850024e+03, 2.09304504e+02, 1.56117773e+03, 2.43407913e+02,
    1.56378625e+03, 2.77426941e+02, 1.51518042e+03, 1.49571457e+02,
    1.51764490e+03, 1.83171280e+02, 1.52053247e+03, 2.16721466e+02,
    1.52300586e+03, 2.50207367e+02, 1.52575781e+03, 2.83775238e+02,
    1.47853931e+03, 1.57645432e+02, 1.48118787e+03, 1.91015305e+02,
    1.48398486e+03, 2.23856628e+02, 1.48647375e+03, 2.56770599e+02,
    1.48940503e+03, 2.90096466e+02 ]
