%YAML:1.0
---
points: [ 3.51197021e+02, 8.23645782e+01, 3.50483337e+02, 9.37702408e+01,
    3.49666260e+02, 1.04854836e+02, 3.48825592e+02, 1.15765266e+02,
    3.48053070e+02, 1.26459991e+02, 3.40295654e+02, 8.28265076e+01,
    3.39669312e+02, 9.36365967e+01, 3.38804932e+02, 1.04715088e+02,
    3.38260315e+02, 1.15575630e+02, 3.37657043e+02, 1.26160843e+02,
    3.29575409e+02, 8.26361771e+01, 3.28828094e+02, 9.37837296e+01,
    3.28335510e+02, 1.04716827e+02, 3.27711670e+02, 1.15560081e+02,
    3.27178864e+02, 1.25966499e+02, 3.18921082e+02, 8.28186111e+01,
    3.18601593e+02, 9.38847580e+01, 3.17863190e+02, 1.04731262e+02,
    3.17553162e+02, 1.15399811e+02, 3.16987762e+02, 1.25740509e+02,
    3.08714966e+02, 8.31098022e+01, 3.08174011e+02, 9.39507751e+01,
    3.07772064e+02, 1.04602615e+02, 3.07480164e+02, 1.15261955e+02,
    3.07040558e+02, 1.25517456e+02, 2.98608765e+02, 8.31495895e+01,
    2.98081116e+02, 9.38850327e+01, 2.97778473e+02, 1.04715591e+02,
    2.97457703e+02, 1.15088097e+02, 2.97236725e+02, 1.25345970e+02,
    2.88734161e+02, 8.31352768e+01, 2.88509064e+02, 9.40101624e+01,
    2.88301849e+02, 1.04523827e+02, 2.88094391e+02, 1.15022675e+02,
    2.88145569e+02, 1.24984688e+02 ]
