%YAML:1.0
---
points: [ 9.48824585e+02, 2.56724945e+02, 9.46251099e+02, 2.83512665e+02,
    9.43559326e+02, 3.10063995e+02, 9.40736328e+02, 3.36432709e+02,
    9.38020874e+02, 3.62830200e+02, 9.23531250e+02, 2.52633575e+02,
    9.21155518e+02, 2.79739807e+02, 9.18385925e+02, 3.06447784e+02,
    9.15734131e+02, 3.33154907e+02, 9.12882263e+02, 3.59618958e+02,
    8.97580933e+02, 2.48650238e+02, 8.95269897e+02, 2.75809479e+02,
    8.92496216e+02, 3.02614655e+02, 8.90019287e+02, 3.29397522e+02,
    8.87079407e+02, 3.56131683e+02, 8.71471313e+02, 2.44329575e+02,
    8.69212769e+02, 2.71644470e+02, 8.66519470e+02, 2.98661652e+02,
    8.64061707e+02, 3.25707031e+02, 8.61292664e+02, 3.52767975e+02,
    8.44850342e+02, 2.40051117e+02, 8.42606445e+02, 2.67464081e+02,
    8.39967712e+02, 2.94809753e+02, 8.37559387e+02, 3.22148224e+02,
    8.34837524e+02, 3.49344543e+02, 8.17822632e+02, 2.35657120e+02,
    8.15523499e+02, 2.63425629e+02, 8.12965698e+02, 2.90986420e+02,
    8.10632141e+02, 3.18307861e+02, 8.07944092e+02, 3.45660767e+02,
    7.90806519e+02, 2.31329086e+02, 7.88375793e+02, 2.59348389e+02,
    7.86042053e+02, 2.86873077e+02, 7.83639954e+02, 3.14393127e+02,
    7.81209351e+02, 3.42186035e+02 ]
