%YAML:1.0
---
points: [ 3.65833923e+02, 8.92129974e+01, 3.63156219e+02, 9.94687500e+01,
    3.60352417e+02, 1.09888779e+02, 3.57600861e+02, 1.19816902e+02,
    3.54861450e+02, 1.29836197e+02, 3.58091339e+02, 8.71752014e+01,
    3.55370697e+02, 9.79074326e+01, 3.52743561e+02, 1.08224503e+02,
    3.49990631e+02, 1.18429901e+02, 3.47114197e+02, 1.28498520e+02,
    3.50059906e+02, 8.55029373e+01, 3.47386108e+02, 9.61383514e+01,
    3.44815857e+02, 1.06688553e+02, 3.42031219e+02, 1.16950050e+02,
    3.39234222e+02, 1.27146187e+02, 3.41788544e+02, 8.35990601e+01,
    3.39229004e+02, 9.43156738e+01, 3.36514435e+02, 1.04990005e+02,
    3.33880035e+02, 1.15462044e+02, 3.31156372e+02, 1.25803879e+02,
    3.33290558e+02, 8.16804962e+01, 3.30732208e+02, 9.24317398e+01,
    3.28110077e+02, 1.03424728e+02, 3.25465942e+02, 1.13870399e+02,
    3.22771912e+02, 1.24407166e+02, 3.24527802e+02, 7.93682098e+01,
    3.21964081e+02, 9.05811234e+01, 3.19377502e+02, 1.01595619e+02,
    3.16740753e+02, 1.12340080e+02, 3.14260742e+02, 1.22991516e+02,
    3.15664948e+02, 7.74185715e+01, 3.13212799e+02, 8.88069000e+01,
    3.10741028e+02, 9.98706436e+01, 3.08296814e+02, 1.10764084e+02,
    3.05670441e+02, 1.21560295e+02 ]
