%YAML:1.0
---
points: [ 6.29407959e+02, 2.47379105e+02, 6.24664795e+02, 2.73479584e+02,
    6.19764954e+02, 2.99477722e+02, 6.14851868e+02, 3.25259552e+02,
    6.09707153e+02, 3.51260162e+02, 6.03416748e+02, 2.39114609e+02,
    5.98599182e+02, 2.65616913e+02, 5.93671082e+02, 2.91853699e+02,
    5.88639343e+02, 3.18331787e+02, 5.83522278e+02, 3.44602966e+02,
    5.76343811e+02, 2.30533249e+02, 5.71446716e+02, 2.57462463e+02,
    5.66365723e+02, 2.84263123e+02, 5.61296997e+02, 3.10784943e+02,
    5.55947021e+02, 3.37561676e+02, 5.48544128e+02, 2.21600708e+02,
    5.43590027e+02, 2.49163040e+02, 5.38566223e+02, 2.76280151e+02,
    5.33380859e+02, 3.03394836e+02, 5.28061951e+02, 3.30543457e+02,
    5.19634705e+02, 2.12633667e+02, 5.14707642e+02, 2.40324692e+02,
    5.09506500e+02, 2.67987640e+02, 5.04370911e+02, 2.95565704e+02,
    4.98946442e+02, 3.23298462e+02, 4.90198242e+02, 2.03376022e+02,
    4.84936615e+02, 2.31524109e+02, 4.79722839e+02, 2.59592743e+02,
    4.74412628e+02, 2.87523254e+02, 4.68998688e+02, 3.15622925e+02,
    4.59811035e+02, 1.93770126e+02, 4.54449707e+02, 2.22486694e+02,
    4.49261261e+02, 2.50893845e+02, 4.43883698e+02, 2.79424072e+02,
    4.38566406e+02, 3.08131226e+02 ]
