%YAML:1.0
---
points: [ 3.31913513e+02, 9.57050323e+01, 3.28961731e+02, 1.04686668e+02,
    3.26253296e+02, 1.13621910e+02, 3.22352295e+02, 1.22058456e+02,
    3.19691223e+02, 1.30622971e+02, 3.31913452e+02, 9.57050247e+01,
    3.28961670e+02, 1.04686653e+02, 3.26253235e+02, 1.13621902e+02,
    3.22352203e+02, 1.22058426e+02, 3.19691162e+02, 1.30622955e+02,
    3.23141449e+02, 9.27523727e+01, 3.22790131e+02, 1.02662346e+02,
    3.20207245e+02, 1.11760246e+02, 3.17534882e+02, 1.20625328e+02,
    3.14045380e+02, 1.29208069e+02, 3.17222168e+02, 9.05226212e+01,
    3.17059662e+02, 1.00862938e+02, 3.13965393e+02, 1.09893478e+02,
    3.12274384e+02, 1.19145668e+02, 3.07851166e+02, 1.27613281e+02,
    3.10483429e+02, 8.79731903e+01, 3.07487793e+02, 9.74848328e+01,
    3.04502899e+02, 1.06933937e+02, 3.01718628e+02, 1.16175987e+02,
    2.99431427e+02, 1.25402679e+02, 3.03513306e+02, 8.55821304e+01,
    3.00270416e+02, 9.52500458e+01, 2.97351562e+02, 1.04761009e+02,
    2.94235565e+02, 1.14140381e+02, 2.92181335e+02, 1.23545662e+02,
    2.96411591e+02, 8.31097107e+01, 2.93572632e+02, 9.29055939e+01,
    2.90743683e+02, 1.02661438e+02, 2.87894989e+02, 1.12130371e+02,
    2.85455078e+02, 1.21689369e+02 ]
