%YAML:1.0
---
points: [ 9.77596069e+02, 1.15446571e+02, 9.75943176e+02, 1.83282394e+02,
    9.74524841e+02, 2.50456512e+02, 9.73189331e+02, 3.16931030e+02,
    9.71660706e+02, 3.83385956e+02, 9.12995056e+02, 1.17715157e+02,
    9.11534607e+02, 1.84691376e+02, 9.10335449e+02, 2.51100433e+02,
    9.09334717e+02, 3.17327942e+02, 9.08302246e+02, 3.83154633e+02,
    8.49206299e+02, 1.19807571e+02, 8.47856812e+02, 1.86362518e+02,
    8.46725342e+02, 2.51870010e+02, 8.45856567e+02, 3.17485321e+02,
    8.45335022e+02, 3.82576538e+02, 7.86936890e+02, 1.22331314e+02,
    7.85679626e+02, 1.87665848e+02, 7.84921021e+02, 2.52816788e+02,
    7.84369690e+02, 3.17604706e+02, 7.83903503e+02, 3.82338928e+02,
    7.26046875e+02, 1.24330032e+02, 7.24788635e+02, 1.89191147e+02,
    7.24099731e+02, 2.53533279e+02, 7.23626465e+02, 3.17648071e+02,
    7.23417786e+02, 3.81661438e+02, 6.66056396e+02, 1.26436066e+02,
    6.65042236e+02, 1.90542221e+02, 6.64349182e+02, 2.54301895e+02,
    6.63842041e+02, 3.17696899e+02, 6.63657471e+02, 3.81337036e+02,
    6.07638550e+02, 1.28470352e+02, 6.07222107e+02, 1.92062561e+02,
    6.06495117e+02, 2.55023529e+02, 6.06367065e+02, 3.17867584e+02,
    6.06249939e+02, 3.80796356e+02 ]
