%YAML:1.0
---
points: [ 4.80915436e+02, 9.25867004e+01, 4.77586426e+02, 1.02795311e+02,
    4.74125183e+02, 1.13044250e+02, 4.70608704e+02, 1.22918762e+02,
    4.67102905e+02, 1.33019333e+02, 4.73981049e+02, 9.01736832e+01,
    4.70664886e+02, 1.00915192e+02, 4.67313507e+02, 1.11035797e+02,
    4.63531616e+02, 1.21292450e+02, 4.60032166e+02, 1.31295532e+02,
    4.66287109e+02, 8.83545990e+01, 4.63270508e+02, 9.87528458e+01,
    4.59659210e+02, 1.09315033e+02, 4.56128754e+02, 1.19550850e+02,
    4.52306274e+02, 1.29913620e+02, 4.58801880e+02, 8.59540710e+01,
    4.55415222e+02, 9.68505936e+01, 4.52081512e+02, 1.07461792e+02,
    4.48428894e+02, 1.17817062e+02, 4.44687073e+02, 1.28172501e+02,
    4.50830933e+02, 8.37662125e+01, 4.47507477e+02, 9.46967392e+01,
    4.44052765e+02, 1.05531837e+02, 4.40416565e+02, 1.15984734e+02,
    4.36677887e+02, 1.26666321e+02, 4.42688568e+02, 8.14037476e+01,
    4.39209625e+02, 9.26075592e+01, 4.35891327e+02, 1.03348625e+02,
    4.32190308e+02, 1.14207947e+02, 4.28490021e+02, 1.24858414e+02,
    4.34390289e+02, 7.92824097e+01, 4.30947784e+02, 9.03372955e+01,
    4.27277008e+02, 1.01576645e+02, 4.23969452e+02, 1.12308357e+02,
    4.20203094e+02, 1.23382904e+02 ]
