%YAML:1.0
---
points: [ 1.06524585e+03, 6.03002548e+01, 1.06726062e+03, 1.33457443e+02,
    1.06936328e+03, 2.06107162e+02, 1.07144788e+03, 2.78168152e+02,
    1.07401025e+03, 3.50247589e+02, 9.97635376e+02, 7.28635406e+01,
    9.99741882e+02, 1.44516281e+02, 1.00185736e+03, 2.15436203e+02,
    1.00458405e+03, 2.86108368e+02, 1.00740576e+03, 3.56416840e+02,
    9.33052979e+02, 8.56955643e+01, 9.35040344e+02, 1.55403473e+02,
    9.37530457e+02, 2.24478897e+02, 9.40161194e+02, 2.93390198e+02,
    9.43349060e+02, 3.61980927e+02, 8.72094543e+02, 9.76623001e+01,
    8.74153687e+02, 1.65726303e+02, 8.76472656e+02, 2.33396225e+02,
    8.79439880e+02, 3.00538788e+02, 8.82622437e+02, 3.67611237e+02,
    8.13396667e+02, 1.08940140e+02, 8.15677673e+02, 1.75552811e+02,
    8.18227356e+02, 2.41293549e+02, 8.21266663e+02, 3.07203949e+02,
    8.24401001e+02, 3.72612335e+02, 7.57596802e+02, 1.19763947e+02,
    7.59770447e+02, 1.84813736e+02, 7.62403381e+02, 2.49289932e+02,
    7.65324280e+02, 3.13385254e+02, 7.68581482e+02, 3.77568115e+02,
    7.04359985e+02, 1.29952423e+02, 7.07185425e+02, 1.93567902e+02,
    7.09698792e+02, 2.56522400e+02, 7.12766907e+02, 3.19396057e+02,
    7.16145264e+02, 3.82273956e+02 ]
