%YAML:1.0
---
points: [ 7.92549515e+01, 7.70008011e+01, 7.50292358e+01, 8.50908661e+01,
    7.34038010e+01, 9.36867828e+01, 6.89617691e+01, 1.01575966e+02,
    6.75705109e+01, 1.10191162e+02, 7.35941620e+01, 7.47347794e+01,
    7.16850128e+01, 8.36577606e+01, 6.96735382e+01, 9.23771133e+01,
    6.46307755e+01, 1.00150261e+02, 6.15815544e+01, 1.08548164e+02,
    6.59051666e+01, 7.13555069e+01, 6.36872406e+01, 8.04671783e+01,
    6.08549538e+01, 8.91755753e+01, 5.76372032e+01, 9.78279037e+01,
    5.37500000e+01, 1.06250000e+02, 5.93419113e+01, 6.84476929e+01,
    5.64403877e+01, 7.73956223e+01, 5.34127846e+01, 8.63645020e+01,
    5.04346390e+01, 9.51856995e+01, 4.74084854e+01, 1.04255234e+02,
    5.21643066e+01, 6.52411652e+01, 4.90532455e+01, 7.45160828e+01,
    4.60073624e+01, 8.36223221e+01, 4.30182610e+01, 9.27757416e+01,
    3.99829559e+01, 1.01768448e+02, 4.48066406e+01, 6.22274094e+01,
    4.16884232e+01, 7.14873428e+01, 3.86224861e+01, 8.09388657e+01,
    3.53660507e+01, 9.00961990e+01, 3.21740417e+01, 9.94326248e+01,
    3.73034821e+01, 5.88183250e+01, 3.42018242e+01, 6.87006226e+01,
    3.08467903e+01, 7.80386581e+01, 2.77384357e+01, 8.75813370e+01,
    2.47215366e+01, 9.70927124e+01 ]
