%YAML:1.0
---
points: [ 8.25658142e+02, 1.73960419e+02, 8.18587036e+02, 2.34871094e+02,
    8.11556702e+02, 2.95454407e+02, 8.04523987e+02, 3.55483063e+02,
    7.97261597e+02, 4.15554840e+02, 7.64701782e+02, 1.62363800e+02,
    7.57632629e+02, 2.24049850e+02, 7.50498596e+02, 2.85282135e+02,
    7.43643372e+02, 3.45956848e+02, 7.36581726e+02, 4.07023254e+02,
    7.01688049e+02, 1.50611023e+02, 6.94515137e+02, 2.13057236e+02,
    6.87407471e+02, 2.74650116e+02, 6.80575623e+02, 3.36319672e+02,
    6.73659607e+02, 3.97868774e+02, 6.37755859e+02, 1.39159012e+02,
    6.30449341e+02, 2.01727524e+02, 6.23375000e+02, 2.64284088e+02,
    6.16485413e+02, 3.26486053e+02, 6.09554504e+02, 3.88775177e+02,
    5.72334778e+02, 1.26972740e+02, 5.64972534e+02, 1.90444351e+02,
    5.57892334e+02, 2.53398026e+02, 5.50703369e+02, 3.16409760e+02,
    5.43862183e+02, 3.79442078e+02, 5.05827240e+02, 1.14881691e+02,
    4.98155853e+02, 1.78742279e+02, 4.90836365e+02, 2.42451279e+02,
    4.83680023e+02, 3.06216522e+02, 4.76588928e+02, 3.69971436e+02,
    4.38490173e+02, 1.02961441e+02, 4.31116394e+02, 1.67559433e+02,
    4.23490509e+02, 2.31583435e+02, 4.16479858e+02, 2.96162140e+02,
    4.09435822e+02, 3.60477478e+02 ]
