%YAML:1.0
---
points: [ 9.08334778e+02, 4.40697083e+02, 9.02424194e+02, 4.94451447e+02,
    8.96420715e+02, 5.49231812e+02, 8.90144043e+02, 6.04830933e+02,
    8.83504700e+02, 6.62365356e+02, 8.53416748e+02, 4.33993866e+02,
    8.46873352e+02, 4.87732147e+02, 8.39960449e+02, 5.42619934e+02,
    8.33143250e+02, 5.98619202e+02, 8.26138245e+02, 6.56385193e+02,
    7.97103760e+02, 4.27340393e+02, 7.89973450e+02, 4.81254395e+02,
    7.82414856e+02, 5.36044006e+02, 7.75058533e+02, 5.92399597e+02,
    7.67173279e+02, 6.50336548e+02, 7.40740784e+02, 4.20397339e+02,
    7.32943420e+02, 4.74638824e+02, 7.24776550e+02, 5.29619263e+02,
    7.16654236e+02, 5.86325806e+02, 7.08192749e+02, 6.44500000e+02,
    6.83827576e+02, 4.13515045e+02, 6.75268250e+02, 4.67819977e+02,
    6.66365540e+02, 5.23259521e+02, 6.57568665e+02, 5.79955933e+02,
    6.48505615e+02, 6.38316040e+02, 6.26187195e+02, 4.06706909e+02,
    6.16851501e+02, 4.61140228e+02, 6.07356934e+02, 5.16664307e+02,
    5.97589600e+02, 5.73511230e+02, 5.87754028e+02, 6.32223328e+02,
    5.68497375e+02, 3.99615692e+02, 5.58666687e+02, 4.54569550e+02,
    5.48602661e+02, 5.10145844e+02, 5.38429016e+02, 5.67307983e+02,
    5.27924194e+02, 6.26205322e+02 ]
