%YAML:1.0
---
points: [ 1.98367599e+02, 8.57801743e+01, 1.96078156e+02, 9.43479843e+01,
    1.93386932e+02, 1.02578423e+02, 1.90530853e+02, 1.10682411e+02,
    1.88412582e+02, 1.19037819e+02, 1.98367569e+02, 8.57801666e+01,
    1.96078140e+02, 9.43479843e+01, 1.93386902e+02, 1.02578415e+02,
    1.85538406e+02, 1.09107811e+02, 1.88412552e+02, 1.19037811e+02,
    1.91685455e+02, 8.30713959e+01, 1.90036850e+02, 9.20320969e+01,
    1.87747391e+02, 1.00601311e+02, 1.85538376e+02, 1.09107803e+02,
    1.82464844e+02, 1.17181465e+02, 1.86662201e+02, 8.10176620e+01,
    1.84421722e+02, 8.98236771e+01, 1.81786316e+02, 9.84161453e+01,
    1.78876724e+02, 1.06888672e+02, 1.76477478e+02, 1.15344910e+02,
    1.77568756e+02, 7.69892502e+01, 1.75002975e+02, 8.60300293e+01,
    1.72279617e+02, 9.50240250e+01, 1.70216690e+02, 1.03867020e+02,
    1.67824203e+02, 1.12736267e+02, 1.70592117e+02, 7.40957260e+01,
    1.67896484e+02, 8.32872925e+01, 1.65532547e+02, 9.24295349e+01,
    1.62574783e+02, 1.01460243e+02, 1.60140076e+02, 1.10350365e+02,
    1.63527023e+02, 7.11327057e+01, 1.61227036e+02, 8.06221924e+01,
    1.58470337e+02, 9.00318604e+01, 1.56056183e+02, 9.91238785e+01,
    1.53519714e+02, 1.08469566e+02 ]
