%YAML:1.0
---
points: [ 1.06631079e+03, 3.67732422e+02, 1.06858350e+03, 4.27499786e+02,
    1.07073096e+03, 4.87979462e+02, 1.07344568e+03, 5.50170410e+02,
    1.07610437e+03, 6.14008606e+02, 1.00718359e+03, 3.75524811e+02,
    1.00851166e+03, 4.33978271e+02, 1.01029535e+03, 4.93572662e+02,
    1.01212128e+03, 5.54755981e+02, 1.01438031e+03, 6.17597229e+02,
    9.49617981e+02, 3.82867889e+02, 9.50297974e+02, 4.40599640e+02,
    9.51297302e+02, 4.99222321e+02, 9.52636230e+02, 5.59365906e+02,
    9.54115295e+02, 6.20906494e+02, 8.94827820e+02, 3.90480408e+02,
    8.94755188e+02, 4.46950867e+02, 8.95180481e+02, 5.04573700e+02,
    8.95746460e+02, 5.63630005e+02, 8.96628174e+02, 6.24456604e+02,
    8.41504211e+02, 3.97420593e+02, 8.40974426e+02, 4.53278656e+02,
    8.40646240e+02, 5.09665680e+02, 8.40636414e+02, 5.67867737e+02,
    8.40882141e+02, 6.27630981e+02, 7.89969360e+02, 4.04182495e+02,
    7.88840698e+02, 4.59163452e+02, 7.87922424e+02, 5.14860535e+02,
    7.87281555e+02, 5.71965027e+02, 7.86763062e+02, 6.30780823e+02,
    7.40122314e+02, 4.10739624e+02, 7.39143799e+02, 4.65125153e+02,
    7.37703369e+02, 5.19777832e+02, 7.36686340e+02, 5.76260193e+02,
    7.35532532e+02, 6.34024902e+02 ]
