%YAML:1.0
---
points: [ 1.72141708e+02, 1.52836243e+02, 1.69495529e+02, 1.60440460e+02,
    1.66780090e+02, 1.67951294e+02, 1.63928558e+02, 1.75459763e+02,
    1.61155029e+02, 1.83073685e+02, 1.72141693e+02, 1.52836227e+02,
    1.69495499e+02, 1.60440445e+02, 1.66780075e+02, 1.67951279e+02,
    1.63928528e+02, 1.75459747e+02, 1.61154999e+02, 1.83073669e+02,
    1.66876099e+02, 1.50608688e+02, 1.64371094e+02, 1.58429611e+02,
    1.61136261e+02, 1.66062149e+02, 1.58486633e+02, 1.73793472e+02,
    1.55676926e+02, 1.81432144e+02, 1.60589066e+02, 1.47766113e+02,
    1.58380783e+02, 1.55976471e+02, 1.55550766e+02, 1.63898590e+02,
    1.50558060e+02, 1.70952835e+02, 1.49943130e+02, 1.79594055e+02,
    1.54506241e+02, 1.45164581e+02, 1.49750000e+02, 1.52500000e+02,
    1.46770081e+02, 1.60531662e+02, 1.47763474e+02, 1.70075897e+02,
    1.40500000e+02, 1.76500000e+02, 1.46142044e+02, 1.41540787e+02,
    1.43196259e+02, 1.50044037e+02, 1.40722427e+02, 1.58327438e+02,
    1.34201080e+02, 1.65497375e+02, 1.34084045e+02, 1.74695404e+02,
    1.40002563e+02, 1.38870834e+02, 1.36918213e+02, 1.47252594e+02,
    1.33728241e+02, 1.55827805e+02, 1.30948822e+02, 1.64322662e+02,
    1.27472252e+02, 1.72657364e+02 ]
