%YAML:1.0
---
points: [ 1.00455005e+03, 2.79030457e+02, 1.01876324e+03, 3.40328857e+02,
    1.03419275e+03, 4.03074677e+02, 1.05019604e+03, 4.67792999e+02,
    1.06755371e+03, 5.34936279e+02, 9.59460449e+02, 3.10423096e+02,
    9.72384766e+02, 3.69545807e+02, 9.86261475e+02, 4.30208252e+02,
    1.00124213e+03, 4.92569458e+02, 1.01742700e+03, 5.57330200e+02,
    9.18103638e+02, 3.39852234e+02, 9.29590759e+02, 3.97062439e+02,
    9.42420715e+02, 4.55381042e+02, 9.56000183e+02, 5.15579224e+02,
    9.70748352e+02, 5.77839905e+02, 8.80485901e+02, 3.66670624e+02,
    8.91065430e+02, 4.22017792e+02, 9.02457947e+02, 4.78540314e+02,
    9.15177612e+02, 5.36622559e+02, 9.28560852e+02, 5.96878174e+02,
    8.45425354e+02, 3.91636993e+02, 8.55245728e+02, 4.45266663e+02,
    8.65673401e+02, 4.99931915e+02, 8.77254395e+02, 5.56094910e+02,
    8.89573181e+02, 6.14257751e+02, 8.12961975e+02, 4.14832031e+02,
    8.22202087e+02, 4.66582825e+02, 8.31650330e+02, 5.19706726e+02,
    8.42222168e+02, 5.74165100e+02, 8.53289917e+02, 6.30586914e+02,
    7.82690002e+02, 4.36327911e+02, 7.91733521e+02, 4.86661682e+02,
    8.00630371e+02, 5.37969788e+02, 8.10375610e+02, 5.90765869e+02,
    8.20419922e+02, 6.45544373e+02 ]
