%YAML:1.0
---
points: [ 2.67851654e+02, 1.59971359e+02, 2.61739532e+02, 1.67261307e+02,
    2.63531769e+02, 1.76666931e+02, 2.56678711e+02, 1.83966446e+02,
    2.55064865e+02, 1.92370316e+02, 2.64452423e+02, 1.58957077e+02,
    2.61739441e+02, 1.67261292e+02, 2.59613495e+02, 1.75580048e+02,
    2.56669067e+02, 1.83962830e+02, 2.55064804e+02, 1.92370300e+02,
    2.54608368e+02, 1.56011429e+02, 2.52736984e+02, 1.64723785e+02,
    2.50057327e+02, 1.73121017e+02, 2.48032791e+02, 1.81730652e+02,
    2.45493851e+02, 1.90086990e+02, 2.47982101e+02, 1.53677338e+02,
    2.45441406e+02, 1.62512527e+02, 2.43090897e+02, 1.71081360e+02,
    2.40726959e+02, 1.79821793e+02, 2.38562241e+02, 1.88552917e+02,
    2.40680283e+02, 1.51458282e+02, 2.38313065e+02, 1.60374191e+02,
    2.35867935e+02, 1.69221664e+02, 2.33416412e+02, 1.77940186e+02,
    2.30861282e+02, 1.86677048e+02, 2.33177048e+02, 1.49056610e+02,
    2.30695969e+02, 1.58108459e+02, 2.28457336e+02, 1.67120102e+02,
    2.25743759e+02, 1.76056381e+02, 2.23430191e+02, 1.84933029e+02,
    2.25736267e+02, 1.46681335e+02, 2.23315567e+02, 1.55815109e+02,
    2.20804993e+02, 1.65055756e+02, 2.18557968e+02, 1.74117538e+02,
    2.16150528e+02, 1.83187439e+02 ]
