%YAML:1.0
---
points: [ 6.03590881e+02, 2.87442871e+02, 6.13177368e+02, 3.49684937e+02,
    6.23507996e+02, 4.13475586e+02, 6.34523560e+02, 4.78867310e+02,
    6.46386536e+02, 5.46531067e+02, 5.64598816e+02, 3.14933258e+02,
    5.72903442e+02, 3.75574677e+02, 5.82293640e+02, 4.37489014e+02,
    5.92524109e+02, 5.01216888e+02, 6.03973633e+02, 5.66765381e+02,
    5.28451416e+02, 3.41404144e+02, 5.35657593e+02, 4.00347595e+02,
    5.44134766e+02, 4.60416138e+02, 5.53579224e+02, 5.22077148e+02,
    5.63925903e+02, 5.85663818e+02, 4.95261078e+02, 3.65703613e+02,
    5.01541443e+02, 4.23211243e+02, 5.09156067e+02, 4.81567017e+02,
    5.17589539e+02, 5.41687378e+02, 5.27318298e+02, 6.03504822e+02,
    4.63760040e+02, 3.88830170e+02, 4.69680176e+02, 4.44692108e+02,
    4.76395874e+02, 5.01613251e+02, 4.84190277e+02, 5.59886658e+02,
    4.92624146e+02, 6.20125916e+02, 4.34403931e+02, 4.10693817e+02,
    4.39703125e+02, 4.65159515e+02, 4.45757812e+02, 5.20540771e+02,
    4.52764954e+02, 5.77242737e+02, 4.60165771e+02, 6.35847412e+02,
    4.06704346e+02, 4.31041626e+02, 4.12563263e+02, 4.83987671e+02,
    4.17828033e+02, 5.37945984e+02, 4.24211853e+02, 5.93382690e+02,
    4.30939880e+02, 6.50389343e+02 ]
