%YAML:1.0
---
points: [ 6.75905304e+01, 1.54053253e+02, 6.44006348e+01, 1.62424362e+02,
    6.24090118e+01, 1.70909256e+02, 5.91007385e+01, 1.79320450e+02,
    5.65747108e+01, 1.87690933e+02, 6.02532005e+01, 1.51736053e+02,
    5.76016502e+01, 1.60312988e+02, 5.50907707e+01, 1.69033936e+02,
    5.19820938e+01, 1.77520081e+02, 4.92818260e+01, 1.86209106e+02,
    5.26924171e+01, 1.49182236e+02, 4.99558907e+01, 1.58186935e+02,
    4.72053261e+01, 1.66920975e+02, 4.43590927e+01, 1.75822418e+02,
    4.15259361e+01, 1.84424179e+02, 4.48939857e+01, 1.46692261e+02,
    4.22390099e+01, 1.55655930e+02, 3.93122292e+01, 1.64783859e+02,
    3.65527115e+01, 1.73718216e+02, 3.33631172e+01, 1.82837997e+02,
    3.69942474e+01, 1.43988876e+02, 3.39603806e+01, 1.53224716e+02,
    3.10561638e+01, 1.62476547e+02, 2.81398335e+01, 1.71698288e+02,
    2.52430115e+01, 1.80931595e+02, 2.82532005e+01, 1.41200119e+02,
    2.54572144e+01, 1.50683380e+02, 2.25297451e+01, 1.60158676e+02,
    1.94275208e+01, 1.69392670e+02, 1.64152145e+01, 1.79039261e+02,
    1.98511181e+01, 1.38383392e+02, 1.67709084e+01, 1.48106750e+02,
    1.38020582e+01, 1.57608627e+02, 1.06992750e+01, 1.67433472e+02,
    7.82252407e+00, 1.77086319e+02 ]
