%YAML:1.0
---
points: [ 3.93603333e+02, 1.45821136e+02, 3.91860535e+02, 1.56077087e+02,
    3.89921631e+02, 1.66556152e+02, 3.88127197e+02, 1.76459045e+02,
    3.86130219e+02, 1.86710602e+02, 3.85296417e+02, 1.44331726e+02,
    3.83496063e+02, 1.54947830e+02, 3.81715759e+02, 1.65241379e+02,
    3.79730621e+02, 1.75623566e+02, 3.77709045e+02, 1.85841187e+02,
    3.76534790e+02, 1.43040024e+02, 3.74870911e+02, 1.53651703e+02,
    3.73049103e+02, 1.64178802e+02, 3.71117188e+02, 1.74400192e+02,
    3.69059052e+02, 1.84778000e+02, 3.67822388e+02, 1.41706100e+02,
    3.66147705e+02, 1.52347168e+02, 3.64213593e+02, 1.62895172e+02,
    3.62309784e+02, 1.73338120e+02, 3.60361206e+02, 1.83835678e+02,
    3.58754181e+02, 1.40216705e+02, 3.57086334e+02, 1.51092987e+02,
    3.55214874e+02, 1.61835220e+02, 3.53336456e+02, 1.72372360e+02,
    3.51431732e+02, 1.82875656e+02, 3.49465485e+02, 1.38816391e+02,
    3.47708099e+02, 1.49753616e+02, 3.45953705e+02, 1.60588684e+02,
    3.44107025e+02, 1.71230499e+02, 3.42251526e+02, 1.81813934e+02,
    3.40229553e+02, 1.37425446e+02, 3.38490082e+02, 1.48396072e+02,
    3.36782196e+02, 1.59305603e+02, 3.35042206e+02, 1.70097427e+02,
    3.33331116e+02, 1.80827301e+02 ]
