%YAML:1.0
---
points: [ 1.00216895e+03, 3.41903046e+02, 9.98449463e+02, 4.03478394e+02,
    9.94828491e+02, 4.65878021e+02, 9.90954956e+02, 5.29539856e+02,
    9.87002380e+02, 5.95357239e+02, 9.39649048e+02, 3.41282867e+02,
    9.35296265e+02, 4.02157532e+02, 9.31001099e+02, 4.64008881e+02,
    9.26711304e+02, 5.27326355e+02, 9.22506287e+02, 5.92359070e+02,
    8.77724976e+02, 3.40591431e+02, 8.72706970e+02, 4.00956665e+02,
    8.67833679e+02, 4.62127533e+02, 8.62895630e+02, 5.24859802e+02,
    8.57988953e+02, 5.89388184e+02, 8.17433594e+02, 3.40293610e+02,
    8.11738342e+02, 3.99820465e+02, 8.06177368e+02, 4.60606903e+02,
    8.00676392e+02, 5.22842773e+02, 7.95262207e+02, 5.86778748e+02,
    7.57761292e+02, 3.39640228e+02, 7.51552307e+02, 3.98717957e+02,
    7.45307861e+02, 4.58968689e+02, 7.39248657e+02, 5.20610657e+02,
    7.33145996e+02, 5.83830627e+02, 6.99156921e+02, 3.39168732e+02,
    6.92184143e+02, 3.97674988e+02, 6.85472290e+02, 4.57383118e+02,
    6.78694153e+02, 5.18485657e+02, 6.71655945e+02, 5.81418579e+02,
    6.41676758e+02, 3.38504303e+02, 6.34614990e+02, 3.96864990e+02,
    6.27413391e+02, 4.55962494e+02, 6.20007019e+02, 5.16685425e+02,
    6.12658997e+02, 5.78920410e+02 ]
