%YAML:1.0
---
points: [ 6.11426819e+02, 4.32190552e+02, 5.92304443e+02, 4.81811676e+02,
    5.72366211e+02, 5.32584961e+02, 5.51838318e+02, 5.84585449e+02,
    5.30453430e+02, 6.38404724e+02, 5.58058289e+02, 4.09669739e+02,
    5.37718018e+02, 4.60453186e+02, 5.16578674e+02, 5.12345276e+02,
    4.94945007e+02, 5.65535706e+02, 4.72429352e+02, 6.20422485e+02,
    5.01211395e+02, 3.85904114e+02, 4.79484650e+02, 4.37706970e+02,
    4.57361053e+02, 4.90558746e+02, 4.34336090e+02, 5.45096375e+02,
    4.10383484e+02, 6.01183533e+02, 4.41829987e+02, 3.61198578e+02,
    4.18891663e+02, 4.14064148e+02, 3.95273773e+02, 4.68125916e+02,
    3.70829895e+02, 5.23608704e+02, 3.45609802e+02, 5.81239075e+02,
    3.79441864e+02, 3.35320404e+02, 3.55021149e+02, 3.88995880e+02,
    3.29898529e+02, 4.44169983e+02, 3.04203064e+02, 5.01068787e+02,
    2.77653778e+02, 5.59543701e+02, 3.14148773e+02, 3.08041260e+02,
    2.88133789e+02, 3.62771362e+02, 2.61557251e+02, 4.19093781e+02,
    2.34356003e+02, 4.77100830e+02, 2.06358154e+02, 5.36935852e+02,
    2.46581390e+02, 2.79663055e+02, 2.19259064e+02, 3.35811554e+02,
    1.91116913e+02, 3.93198029e+02, 1.62524185e+02, 4.52373779e+02,
    1.33330231e+02, 5.13570618e+02 ]
