%YAML:1.0
---
points: [ 2.17249786e+02, 2.00032806e+02, 2.16939682e+02, 2.05022522e+02,
    2.16939682e+02, 2.05022522e+02, 2.16647934e+02, 2.09759842e+02,
    2.16084625e+02, 2.15053513e+02, 2.17249771e+02, 2.00032791e+02,
    2.16939667e+02, 2.05022522e+02, 2.16939667e+02, 2.05022537e+02,
    2.16647919e+02, 2.09759842e+02, 2.10839981e+02, 2.14674316e+02,
    2.06747849e+02, 1.99382324e+02, 2.06219116e+02, 2.04196640e+02,
    2.11416611e+02, 2.04657028e+02, 2.11163879e+02, 2.09611954e+02,
    2.10839966e+02, 2.14674332e+02, 2.06747833e+02, 1.99382309e+02,
    2.06219101e+02, 2.04196640e+02, 2.06219101e+02, 2.04196655e+02,
    2.06105087e+02, 2.09241776e+02, 2.06031433e+02, 2.14248047e+02,
    2.01906387e+02, 1.99066086e+02, 2.01085266e+02, 2.03966095e+02,
    2.00796173e+02, 2.08517593e+02, 2.00796188e+02, 2.08517609e+02,
    1.95137848e+02, 2.13309143e+02, 1.90656281e+02, 1.97882935e+02,
    1.90830353e+02, 2.03140793e+02, 1.95905075e+02, 2.08182510e+02,
    1.95905075e+02, 2.08182510e+02, 1.90133072e+02, 2.13240341e+02,
    1.90656281e+02, 1.97882950e+02, 1.90830353e+02, 2.03140793e+02,
    1.90725159e+02, 2.07902328e+02, 1.90725159e+02, 2.07902344e+02,
    1.90133057e+02, 2.13240326e+02 ]
