%YAML:1.0
---
points: [ 9.53341858e+02, 5.53804382e+02, 9.47260315e+02, 6.09934937e+02,
    9.40699219e+02, 6.68256653e+02, 9.33961426e+02, 7.29064453e+02,
    9.27246277e+02, 7.92927979e+02, 8.95904602e+02, 5.49409180e+02,
    8.88570557e+02, 6.05078735e+02, 8.80909485e+02, 6.62830444e+02,
    8.73320618e+02, 7.23476013e+02, 8.65188965e+02, 7.87145264e+02,
    8.38384033e+02, 5.45042358e+02, 8.29714417e+02, 6.00447021e+02,
    8.21278137e+02, 6.57868103e+02, 8.12207947e+02, 7.18088806e+02,
    8.02808777e+02, 7.81278503e+02, 7.81706116e+02, 5.40892029e+02,
    7.72102966e+02, 5.95985596e+02, 7.62320923e+02, 6.53206238e+02,
    7.52192505e+02, 7.12917542e+02, 7.41650024e+02, 7.75783142e+02,
    7.25490845e+02, 5.36812073e+02, 7.14662354e+02, 5.91667725e+02,
    7.03674438e+02, 6.48426819e+02, 6.92452576e+02, 7.07794556e+02,
    6.80782227e+02, 7.70174500e+02, 6.69526245e+02, 5.32951965e+02,
    6.57816650e+02, 5.87317871e+02, 6.45525940e+02, 6.43837402e+02,
    6.33295715e+02, 7.02687195e+02, 6.20360596e+02, 7.64773071e+02,
    6.14348694e+02, 5.28807373e+02, 6.01866760e+02, 5.83191956e+02,
    5.88901428e+02, 6.39400574e+02, 5.75483276e+02, 6.97935669e+02,
    5.61502380e+02, 7.59515015e+02 ]
