%YAML:1.0
---
points: [ 1.54696350e+02, 2.00107224e+02, 1.54457581e+02, 2.05108246e+02,
    1.54457581e+02, 2.05108261e+02, 1.53980377e+02, 2.10006790e+02,
    1.53591461e+02, 2.15136124e+02, 1.49437134e+02, 1.99691391e+02,
    1.54696335e+02, 2.00107224e+02, 1.53980362e+02, 2.10006805e+02,
    1.53980377e+02, 2.10006805e+02, 1.53591461e+02, 2.15136124e+02,
    1.43952133e+02, 1.99166382e+02, 1.43512955e+02, 2.03849075e+02,
    1.48905792e+02, 2.04396439e+02, 1.43152161e+02, 2.09081451e+02,
    1.48031113e+02, 2.14587662e+02, 1.43952118e+02, 1.99166367e+02,
    1.43512939e+02, 2.03849060e+02, 1.37964035e+02, 2.03551346e+02,
    1.42696762e+02, 2.14197617e+02, 1.42696762e+02, 2.14197617e+02,
    1.38647720e+02, 1.98418121e+02, 1.37964035e+02, 2.03551331e+02,
    1.37964035e+02, 2.03551346e+02, 1.31872421e+02, 2.07800690e+02,
    1.37225830e+02, 2.13823486e+02, 1.27007217e+02, 1.97348679e+02,
    1.26781624e+02, 2.02529800e+02, 1.26781631e+02, 2.02529816e+02,
    1.31872391e+02, 2.07800690e+02, 1.31380432e+02, 2.12861328e+02,
    1.27007210e+02, 1.97348679e+02, 1.26781624e+02, 2.02529816e+02,
    1.26533714e+02, 2.07445297e+02, 1.26533707e+02, 2.07445312e+02,
    1.25903831e+02, 2.12350479e+02 ]
