%YAML:1.0
---
points: [ 1.11603748e+03, 4.51865967e+02, 1.11794080e+03, 5.14674988e+02,
    1.12061194e+03, 5.80253906e+02, 1.12334119e+03, 6.48961853e+02,
    1.12651746e+03, 7.21623474e+02, 1.05123865e+03, 4.60588654e+02,
    1.05197290e+03, 5.22158447e+02, 1.05265942e+03, 5.86368347e+02,
    1.05407153e+03, 6.53809875e+02, 1.05568188e+03, 7.24831238e+02,
    9.88794128e+02, 4.69329620e+02, 9.87996094e+02, 5.29511292e+02,
    9.87471008e+02, 5.92387695e+02, 9.87262146e+02, 6.58546753e+02,
    9.87345093e+02, 7.28139160e+02, 9.29631470e+02, 4.77547272e+02,
    9.27555664e+02, 5.36655151e+02, 9.25717285e+02, 5.98410828e+02,
    9.24191406e+02, 6.63202576e+02, 9.22805115e+02, 7.31607239e+02,
    8.72734192e+02, 4.85590424e+02, 8.69438171e+02, 5.43847473e+02,
    8.66247803e+02, 6.04190247e+02, 8.63511230e+02, 6.67671692e+02,
    8.60542908e+02, 7.34627563e+02, 8.17821716e+02, 4.93252686e+02,
    8.13434326e+02, 5.50446472e+02, 8.09224731e+02, 6.09898865e+02,
    8.05124817e+02, 6.72227356e+02, 8.00899719e+02, 7.38195496e+02,
    7.65217285e+02, 5.00602234e+02, 7.60396118e+02, 5.57162842e+02,
    7.55058350e+02, 6.15506226e+02, 7.49825439e+02, 6.76758972e+02,
    7.44619263e+02, 7.41272156e+02 ]
