%YAML:1.0
---
points: [ 4.24283356e+02, 1.88935547e+02, 4.24849121e+02, 1.94867249e+02,
    4.24800018e+02, 2.00690506e+02, 4.24800018e+02, 2.00690506e+02,
    4.23589935e+02, 2.05942154e+02, 4.21181976e+02, 1.88906631e+02,
    4.24283295e+02, 1.88935516e+02, 4.24799957e+02, 2.00690521e+02,
    4.23589874e+02, 2.05942169e+02, 4.23589874e+02, 2.05942169e+02,
    4.12561890e+02, 1.89371292e+02, 4.12500214e+02, 1.94600922e+02,
    4.12616730e+02, 2.00632324e+02, 4.12419281e+02, 2.06277924e+02,
    4.12419281e+02, 2.06277924e+02, 4.04455292e+02, 1.88553635e+02,
    4.12561890e+02, 1.89371262e+02, 4.12616699e+02, 2.00632309e+02,
    4.12419189e+02, 2.06277954e+02, 4.12419189e+02, 2.06277954e+02,
    3.98872162e+02, 1.88874664e+02, 3.98872040e+02, 1.88874710e+02,
    3.98320251e+02, 2.00382065e+02, 3.98320282e+02, 2.00382080e+02,
    3.97993683e+02, 2.05693741e+02, 3.98872040e+02, 1.88874710e+02,
    3.93133423e+02, 1.95623535e+02, 3.93133423e+02, 1.95623535e+02,
    3.92754761e+02, 2.05951736e+02, 3.92754761e+02, 2.05951752e+02,
    3.93133179e+02, 1.89237793e+02, 3.93133392e+02, 1.95623550e+02,
    3.93133392e+02, 1.95623550e+02, 3.92754730e+02, 2.05951736e+02,
    3.92754730e+02, 2.05951736e+02 ]
