%YAML:1.0
---
points: [ 3.39435944e+02, 2.80982300e+02, 3.35501709e+02, 2.80620026e+02,
    3.35019531e+02, 2.91218750e+02, 3.40740295e+02, 2.91333374e+02,
    3.35786224e+02, 2.96816528e+02, 3.29096405e+02, 2.80540771e+02,
    3.29096375e+02, 2.80540802e+02, 3.35019379e+02, 2.91218781e+02,
    3.35019379e+02, 2.91218781e+02, 3.30269867e+02, 2.96627594e+02,
    3.23237823e+02, 2.80156708e+02, 3.29096375e+02, 2.80540802e+02,
    3.24347748e+02, 2.90969208e+02, 3.24347717e+02, 2.90969269e+02,
    3.30269867e+02, 2.96627594e+02, 3.23237793e+02, 2.80156677e+02,
    3.18323151e+02, 2.85558624e+02, 3.18323120e+02, 2.85558655e+02,
    3.24347717e+02, 2.90969269e+02, 3.24223907e+02, 2.96575348e+02,
    3.18651550e+02, 2.80059296e+02, 3.18323151e+02, 2.85558624e+02,
    3.18323120e+02, 2.85558655e+02, 3.13641235e+02, 2.90457916e+02,
    3.19164185e+02, 2.96383209e+02, 3.12476685e+02, 2.79496643e+02,
    3.07126007e+02, 2.85331879e+02, 3.13641266e+02, 2.90457886e+02,
    3.13055969e+02, 2.96207367e+02, 3.08145844e+02, 2.96274719e+02,
    3.07473022e+02, 2.79779236e+02, 3.07126007e+02, 2.85331879e+02,
    3.07125977e+02, 2.85331879e+02, 3.08145813e+02, 2.96274719e+02,
    3.08145844e+02, 2.96274719e+02 ]
