%YAML:1.0
---
points: [ 1.24002283e+03, 3.37132050e+02, 1.25413623e+03, 4.04782623e+02,
    1.26947852e+03, 4.76370667e+02, 1.28617505e+03, 5.52351196e+02,
    1.30474060e+03, 6.33819885e+02, 1.17387952e+03, 3.69398254e+02,
    1.18533179e+03, 4.34777466e+02, 1.19776172e+03, 5.04090302e+02,
    1.21203711e+03, 5.77246216e+02, 1.22801233e+03, 6.55770935e+02,
    1.11327417e+03, 3.99700867e+02, 1.12233899e+03, 4.63108307e+02,
    1.13262708e+03, 5.29591675e+02, 1.14428333e+03, 6.00416992e+02,
    1.15747925e+03, 6.75785706e+02, 1.05841772e+03, 4.27283600e+02,
    1.06540869e+03, 4.88669769e+02, 1.07386304e+03, 5.53109375e+02,
    1.08338428e+03, 6.21502380e+02, 1.09431104e+03, 6.94320007e+02,
    1.00744427e+03, 4.52742432e+02, 1.01325903e+03, 5.12365906e+02,
    1.01975214e+03, 5.74807800e+02, 1.02746411e+03, 6.40832703e+02,
    1.03626160e+03, 7.10931946e+02, 9.60425720e+02, 4.76496155e+02,
    9.64926636e+02, 5.34309875e+02, 9.70033264e+02, 5.94915283e+02,
    9.75856201e+02, 6.58904480e+02, 9.82624146e+02, 7.26779480e+02,
    9.16999878e+02, 4.98260773e+02, 9.21130615e+02, 5.54549194e+02,
    9.24637756e+02, 6.13506531e+02, 9.29395264e+02, 6.75450439e+02,
    9.34526978e+02, 7.41125427e+02 ]
