%YAML:1.0
---
points: [ 1.27012497e+02, 2.88337250e+02, 1.26238495e+02, 2.93080688e+02,
    1.26238495e+02, 2.93080688e+02, 1.24501266e+02, 3.03242462e+02,
    1.24501266e+02, 3.03242462e+02, 1.21587196e+02, 2.88030731e+02,
    1.26238487e+02, 2.93080658e+02, 1.20096458e+02, 2.98091431e+02,
    1.20096458e+02, 2.98091431e+02, 1.24501259e+02, 3.03242432e+02,
    1.21587181e+02, 2.88030701e+02, 1.20922989e+02, 2.92476227e+02,
    1.15336555e+02, 2.91921844e+02, 1.19080444e+02, 3.02790009e+02,
    1.13544922e+02, 3.02655365e+02, 1.16052948e+02, 2.86775513e+02,
    1.15336548e+02, 2.91921814e+02, 1.14521278e+02, 2.97183655e+02,
    1.08593987e+02, 2.96703430e+02, 1.13544907e+02, 3.02655396e+02,
    1.10983475e+02, 2.86460358e+02, 1.09485992e+02, 2.91870361e+02,
    1.09485992e+02, 2.91870392e+02, 1.08593979e+02, 2.96703461e+02,
    1.07865334e+02, 3.02027679e+02, 9.92391968e+01, 2.85270233e+02,
    1.05239342e+02, 2.85654724e+02, 1.03144104e+02, 2.95836487e+02,
    1.03144104e+02, 2.95836487e+02, 1.02194702e+02, 3.01779999e+02,
    9.92391891e+01, 2.85270264e+02, 9.83169022e+01, 2.90732941e+02,
    9.83169174e+01, 2.90732971e+02, 9.61927032e+01, 3.01391174e+02,
    9.61927032e+01, 3.01391174e+02 ]
