%YAML:1.0
---
points: [ 1.31088794e+03, 1.66991531e+02, 1.33892444e+03, 2.35443298e+02,
    1.37034973e+03, 3.09526123e+02, 1.40499768e+03, 3.90123718e+02,
    1.44455078e+03, 4.78885925e+02, 1.25575171e+03, 2.32504776e+02,
    1.27950977e+03, 2.98896179e+02, 1.30618225e+03, 3.70304291e+02,
    1.33622510e+03, 4.47609467e+02, 1.37059363e+03, 5.32211670e+02,
    1.20776367e+03, 2.90878357e+02, 1.22788037e+03, 3.55154449e+02,
    1.25078613e+03, 4.23784088e+02, 1.27666675e+03, 4.97861542e+02,
    1.30616772e+03, 5.78357849e+02, 1.16593018e+03, 3.42084869e+02,
    1.18342798e+03, 4.04217590e+02, 1.20321008e+03, 4.70369324e+02,
    1.22569592e+03, 5.41365051e+02, 1.25140332e+03, 6.18372864e+02,
    1.12869287e+03, 3.87816742e+02, 1.14418604e+03, 4.47784485e+02,
    1.16153418e+03, 5.11446411e+02, 1.18106628e+03, 5.79535706e+02,
    1.20328552e+03, 6.53220337e+02, 1.09564502e+03, 4.28580566e+02,
    1.10934802e+03, 4.86700775e+02, 1.12445386e+03, 5.48291687e+02,
    1.14157166e+03, 6.13817688e+02, 1.16060388e+03, 6.84551025e+02,
    1.06567102e+03, 4.65556213e+02, 1.07878162e+03, 5.21393982e+02,
    1.09221265e+03, 5.80751587e+02, 1.10737244e+03, 6.43929260e+02,
    1.12418115e+03, 7.11819275e+02 ]
