%YAML:1.0
---
points: [ 2.37200485e+02, 2.84864563e+02, 2.37200470e+02, 2.84864563e+02,
    2.36364899e+02, 2.90192871e+02, 2.36408386e+02, 2.95431976e+02,
    2.36238770e+02, 3.00510132e+02, 2.37200470e+02, 2.84864563e+02,
    2.31342316e+02, 2.90204773e+02, 2.31313065e+02, 2.95166107e+02,
    2.36408386e+02, 2.95431976e+02, 2.36238770e+02, 3.00510132e+02,
    2.26319824e+02, 2.84604248e+02, 2.26212982e+02, 2.89590302e+02,
    2.31342300e+02, 2.90204773e+02, 2.31057144e+02, 3.00240479e+02,
    2.25710144e+02, 2.99997040e+02, 2.21346542e+02, 2.84026642e+02,
    2.26212982e+02, 2.89590302e+02, 2.26212967e+02, 2.89590302e+02,
    2.26164993e+02, 2.94709991e+02, 2.20310043e+02, 2.99901794e+02,
    2.21346527e+02, 2.84026611e+02, 2.21346527e+02, 2.84026611e+02,
    2.20986694e+02, 2.94509125e+02, 2.15619003e+02, 2.94101624e+02,
    2.20310043e+02, 2.99901794e+02, 2.16261459e+02, 2.83889221e+02,
    2.10641418e+02, 2.88844757e+02, 2.10641418e+02, 2.88844757e+02,
    2.09877090e+02, 2.99379089e+02, 2.15229874e+02, 2.99511993e+02,
    2.11169006e+02, 2.84111359e+02, 2.10641403e+02, 2.88844757e+02,
    2.10641403e+02, 2.88844788e+02, 2.10546463e+02, 2.93864990e+02,
    2.09877075e+02, 2.99379120e+02 ]
