%YAML:1.0
---
points: [ 2.60751587e+02, 2.68661560e+02, 2.61961792e+02, 2.79525696e+02,
    2.62942566e+02, 2.85127625e+02, 2.62942596e+02, 2.85127655e+02,
    2.63633118e+02, 2.90718719e+02, 2.56163788e+02, 2.75063110e+02,
    2.56757538e+02, 2.80306183e+02, 2.57891266e+02, 2.86259552e+02,
    2.57891235e+02, 2.86259613e+02, 2.63633118e+02, 2.90718719e+02,
    2.56163788e+02, 2.75063110e+02, 2.51273407e+02, 2.75114868e+02,
    2.51774078e+02, 2.80143494e+02, 2.57891235e+02, 2.86259613e+02,
    2.53680740e+02, 2.91690613e+02, 2.51273392e+02, 2.75114838e+02,
    2.51774078e+02, 2.80143433e+02, 2.47521042e+02, 2.86574280e+02,
    2.52696075e+02, 2.86006714e+02, 2.53680740e+02, 2.91690613e+02,
    2.46321854e+02, 2.75564117e+02, 2.41901733e+02, 2.81669800e+02,
    2.41901733e+02, 2.81669800e+02, 2.42582642e+02, 2.86625549e+02,
    2.43195526e+02, 2.92311462e+02, 2.41567001e+02, 2.75916199e+02,
    2.41901718e+02, 2.81669739e+02, 2.41901718e+02, 2.81669739e+02,
    2.37991547e+02, 2.87628479e+02, 2.38649231e+02, 2.93022400e+02,
    2.36691086e+02, 2.76326050e+02, 2.36691086e+02, 2.76326050e+02,
    2.37991547e+02, 2.87628448e+02, 2.38649231e+02, 2.93022400e+02,
    2.38649231e+02, 2.93022400e+02 ]
