%YAML:1.0
---
points: [ 2.02811935e+02, 2.76855194e+02, 2.02811935e+02, 2.76855255e+02,
    2.02865051e+02, 2.81959167e+02, 2.03430435e+02, 2.87751495e+02,
    2.03713394e+02, 2.93530853e+02, 1.97434433e+02, 2.77225372e+02,
    2.02811920e+02, 2.76855255e+02, 2.02865051e+02, 2.81959167e+02,
    1.98154358e+02, 2.88466858e+02, 2.03713394e+02, 2.93530853e+02,
    1.92039627e+02, 2.77093903e+02, 1.92464600e+02, 2.82548035e+02,
    1.92464600e+02, 2.82548035e+02, 1.93028946e+02, 2.88358978e+02,
    1.98495682e+02, 2.93939728e+02, 1.87253555e+02, 2.77277527e+02,
    1.87637344e+02, 2.82929016e+02, 1.87637344e+02, 2.82929016e+02,
    1.87666748e+02, 2.88578339e+02, 1.93588196e+02, 2.93961060e+02,
    1.87253540e+02, 2.77277496e+02, 1.87253555e+02, 2.77277527e+02,
    1.87637344e+02, 2.82929047e+02, 1.87666748e+02, 2.88578278e+02,
    1.86296570e+02, 2.98167908e+02, 1.82334106e+02, 2.77636475e+02,
    1.77492294e+02, 2.83871613e+02, 1.77492294e+02, 2.83871613e+02,
    1.82919449e+02, 2.88512848e+02, 1.78147018e+02, 2.94823975e+02,
    1.77260376e+02, 2.77967377e+02, 1.77492264e+02, 2.83871582e+02,
    1.77951889e+02, 2.89239258e+02, 1.77951889e+02, 2.89239288e+02,
    1.78147003e+02, 2.94823975e+02 ]
