%YAML:1.0
---
points: [ 3.42933685e+02, 2.63651154e+02, 3.45307404e+02, 2.75336182e+02,
    3.45307434e+02, 2.75336212e+02, 3.46722443e+02, 2.81343109e+02,
    3.48047241e+02, 2.87699005e+02, 3.38367401e+02, 2.70446777e+02,
    3.39406128e+02, 2.75626770e+02, 3.39406158e+02, 2.75626862e+02,
    3.42226715e+02, 2.87800079e+02, 3.42226685e+02, 2.87800140e+02,
    3.32987671e+02, 2.70771637e+02, 3.34137024e+02, 2.76395050e+02,
    3.34137054e+02, 2.76395111e+02, 3.35418488e+02, 2.82418854e+02,
    3.37004791e+02, 2.88167816e+02, 3.27560944e+02, 2.70786591e+02,
    3.29086304e+02, 2.77020020e+02, 3.29086365e+02, 2.77020081e+02,
    3.35418488e+02, 2.82418854e+02, 3.37004791e+02, 2.88167816e+02,
    3.27560883e+02, 2.70786560e+02, 3.29086304e+02, 2.77020020e+02,
    3.23814575e+02, 2.78249664e+02, 3.24937103e+02, 2.82967804e+02,
    3.26098877e+02, 2.89386658e+02, 3.22649414e+02, 2.71399994e+02,
    3.18862457e+02, 2.78537354e+02, 3.24937103e+02, 2.82967804e+02,
    3.20146790e+02, 2.83960236e+02, 3.21337799e+02, 2.89934143e+02,
    3.17527985e+02, 2.72510559e+02, 3.18862457e+02, 2.78537354e+02,
    3.18862427e+02, 2.78537415e+02, 3.21337769e+02, 2.89934082e+02,
    3.22790100e+02, 2.95452057e+02 ]
