%YAML:1.0
---
points: [ 5.40468872e+02, 1.77157959e+02, 5.36691345e+02, 2.19741394e+02,
    5.32574585e+02, 2.62414612e+02, 5.28580811e+02, 3.04584656e+02,
    5.24472046e+02, 3.47235687e+02, 4.95349243e+02, 1.65428452e+02,
    4.91102936e+02, 2.09337723e+02, 4.86789307e+02, 2.52582199e+02,
    4.82700775e+02, 2.96038177e+02, 4.78708710e+02, 3.39379852e+02,
    4.47502411e+02, 1.53298935e+02, 4.43290039e+02, 1.98023895e+02,
    4.38858612e+02, 2.42553238e+02, 4.34621216e+02, 2.86781525e+02,
    4.30346893e+02, 3.31335785e+02, 3.97776093e+02, 1.40814789e+02,
    3.93443085e+02, 1.86535324e+02, 3.89117798e+02, 2.32213638e+02,
    3.84779114e+02, 2.77392609e+02, 3.80526184e+02, 3.22927246e+02,
    3.45831238e+02, 1.28140808e+02, 3.41420593e+02, 1.74612076e+02,
    3.36751434e+02, 2.21180206e+02, 3.32331543e+02, 2.67420471e+02,
    3.27718445e+02, 3.13914368e+02, 2.91922607e+02, 1.14566856e+02,
    2.87251221e+02, 1.62361481e+02, 2.82594238e+02, 2.09636871e+02,
    2.77826355e+02, 2.57332275e+02, 2.73427979e+02, 3.04992065e+02,
    2.36063629e+02, 1.00893631e+02, 2.31242767e+02, 1.49660965e+02,
    2.26497314e+02, 1.98153824e+02, 2.21709335e+02, 2.46628204e+02,
    2.16926376e+02, 2.95586609e+02 ]
