%YAML:1.0
---
points: [ 1.47200671e+03, 8.42675476e+02, 1.47592175e+03, 8.86904724e+02,
    1.47930957e+03, 9.30431152e+02, 1.48296216e+03, 9.74439270e+02,
    1.48633838e+03, 1.01797198e+03, 1.42678162e+03, 8.46212952e+02,
    1.43028674e+03, 8.90236023e+02, 1.43378210e+03, 9.33561218e+02,
    1.43743787e+03, 9.77130371e+02, 1.44102332e+03, 1.02068176e+03,
    1.38066736e+03, 8.49461975e+02, 1.38455920e+03, 8.93288940e+02,
    1.38808923e+03, 9.36668762e+02, 1.39192993e+03, 9.80461365e+02,
    1.39549426e+03, 1.02368414e+03, 1.33529749e+03, 8.52480774e+02,
    1.33933801e+03, 8.96428772e+02, 1.34304028e+03, 9.39450928e+02,
    1.34674915e+03, 9.82867615e+02, 1.35067395e+03, 1.02667285e+03,
    1.29000903e+03, 8.55413635e+02, 1.29430615e+03, 8.99454712e+02,
    1.29771484e+03, 9.42638611e+02, 1.30166187e+03, 9.85667358e+02,
    1.30557751e+03, 1.02922034e+03, 1.24503210e+03, 8.58467224e+02,
    1.24933569e+03, 9.02334045e+02, 1.25339441e+03, 9.45611816e+02,
    1.25724792e+03, 9.88707642e+02, 1.26115393e+03, 1.03239990e+03,
    1.20079382e+03, 8.61388977e+02, 1.20520312e+03, 9.05386780e+02,
    1.20925793e+03, 9.48713684e+02, 1.21313684e+03, 9.91890015e+02,
    1.21721680e+03, 1.03510266e+03 ]
