%YAML:1.0
---
points: [ 4.54957123e+02, 3.08810791e+02, 4.55883698e+02, 3.23286621e+02,
    4.56757294e+02, 3.37578278e+02, 4.57341248e+02, 3.51586914e+02,
    4.57969116e+02, 3.65834839e+02, 4.40353241e+02, 3.10391602e+02,
    4.41311218e+02, 3.25102356e+02, 4.42026764e+02, 3.39209778e+02,
    4.42976898e+02, 3.53500061e+02, 4.43508179e+02, 3.67359680e+02,
    4.25162964e+02, 3.12076996e+02, 4.26234589e+02, 3.26429260e+02,
    4.27269897e+02, 3.40882477e+02, 4.28144409e+02, 3.55150970e+02,
    4.29104431e+02, 3.69156921e+02, 4.10018860e+02, 3.13228699e+02,
    4.11383636e+02, 3.28082611e+02, 4.12354889e+02, 3.42280273e+02,
    4.13657623e+02, 3.56649780e+02, 4.14341949e+02, 3.70808807e+02,
    3.94819733e+02, 3.14711517e+02, 3.96210724e+02, 3.29445404e+02,
    3.97521027e+02, 3.43742523e+02, 3.98375488e+02, 3.58026367e+02,
    3.99782379e+02, 3.72297241e+02, 3.79560699e+02, 3.15909760e+02,
    3.81027008e+02, 3.30710236e+02, 3.82386749e+02, 3.45261627e+02,
    3.83793304e+02, 3.59472046e+02, 3.84601166e+02, 3.73680908e+02,
    3.64513794e+02, 3.17270416e+02, 3.65965118e+02, 3.32017365e+02,
    3.67653748e+02, 3.46458405e+02, 3.68788879e+02, 3.60953339e+02,
    3.70189301e+02, 3.75142883e+02 ]
