%YAML:1.0
---
points: [ 2.23435928e+02, 2.31037491e+02, 2.21853226e+02, 2.51786728e+02,
    2.19787720e+02, 2.72668793e+02, 2.18078339e+02, 2.93657898e+02,
    2.16137924e+02, 3.15140594e+02, 2.03614334e+02, 2.29591110e+02,
    2.01635254e+02, 2.51160324e+02, 1.99637589e+02, 2.72154602e+02,
    1.97556412e+02, 2.93922333e+02, 1.95592941e+02, 3.15631012e+02,
    1.82407516e+02, 2.28185791e+02, 1.80327271e+02, 2.50060379e+02,
    1.78073624e+02, 2.71959351e+02, 1.76054993e+02, 2.93938599e+02,
    1.73772171e+02, 3.16444519e+02, 1.60059967e+02, 2.26708435e+02,
    1.57999237e+02, 2.49136536e+02, 1.55688141e+02, 2.71416626e+02,
    1.53404663e+02, 2.94064056e+02, 1.51421143e+02, 3.16985382e+02,
    1.36838867e+02, 2.25343826e+02, 1.34479462e+02, 2.47934036e+02,
    1.32017136e+02, 2.71316681e+02, 1.29629623e+02, 2.94144897e+02,
    1.27224030e+02, 3.17682678e+02, 1.11866676e+02, 2.23161133e+02,
    1.09574371e+02, 2.47397263e+02, 1.07187836e+02, 2.70668488e+02,
    1.04702644e+02, 2.94391754e+02, 1.02487999e+02, 3.18236267e+02,
    8.60517883e+01, 2.21639008e+02, 8.35941696e+01, 2.45595749e+02,
    8.11222992e+01, 2.70280182e+02, 7.89281616e+01, 2.94220306e+02,
    7.63889999e+01, 3.19085754e+02 ]
