%YAML:1.0
---
points: [ 3.68239899e+02, 3.15912323e+02, 3.68722168e+02, 3.30303558e+02,
    3.68959076e+02, 3.44479431e+02, 3.69437256e+02, 3.58530334e+02,
    3.69882477e+02, 3.72560394e+02, 3.54243164e+02, 3.17040344e+02,
    3.54795593e+02, 3.31377838e+02, 3.55046295e+02, 3.45464966e+02,
    3.55744751e+02, 3.59694336e+02, 3.55693756e+02, 3.73667206e+02,
    3.39907745e+02, 3.18135071e+02, 3.40499481e+02, 3.32428802e+02,
    3.40903259e+02, 3.46667267e+02, 3.41274261e+02, 3.60925934e+02,
    3.41848480e+02, 3.75110260e+02, 3.25705627e+02, 3.18970184e+02,
    3.26268005e+02, 3.33469482e+02, 3.26654816e+02, 3.47793671e+02,
    3.27249298e+02, 3.62141327e+02, 3.27623505e+02, 3.76392120e+02,
    3.11180267e+02, 3.19910461e+02, 3.11830200e+02, 3.34606812e+02,
    3.12335144e+02, 3.49052521e+02, 3.12759094e+02, 3.63358704e+02,
    3.13344879e+02, 3.77663544e+02, 2.96772369e+02, 3.20799683e+02,
    2.97400391e+02, 3.35681061e+02, 2.97807129e+02, 3.50235077e+02,
    2.98562195e+02, 3.64528290e+02, 2.98838654e+02, 3.78911469e+02,
    2.82196533e+02, 3.21843689e+02, 2.82843750e+02, 3.36738281e+02,
    2.83576141e+02, 3.51356140e+02, 2.84023163e+02, 3.65857574e+02,
    2.84797699e+02, 3.80151245e+02 ]
