%YAML:1.0
---
points: [ 2.28322388e+02, 2.40525391e+02, 2.24445770e+02, 2.59788605e+02,
    2.20246948e+02, 2.78878113e+02, 2.16226151e+02, 2.98574646e+02,
    2.11890900e+02, 3.18616333e+02, 2.13413132e+02, 2.37438080e+02,
    2.08900177e+02, 2.57399506e+02, 2.04475861e+02, 2.77091064e+02,
    2.00090363e+02, 2.97638458e+02, 1.95582306e+02, 3.18250427e+02,
    1.96972641e+02, 2.34119919e+02, 1.92244080e+02, 2.54649292e+02,
    1.87326187e+02, 2.75463989e+02, 1.82752594e+02, 2.96631622e+02,
    1.77579712e+02, 3.18002899e+02, 1.79066864e+02, 2.30479568e+02,
    1.74109833e+02, 2.51920914e+02, 1.68984116e+02, 2.73255707e+02,
    1.63832962e+02, 2.95317566e+02, 1.58987610e+02, 3.17596405e+02,
    1.59550873e+02, 2.26853867e+02, 1.54638123e+02, 2.48838226e+02,
    1.49039230e+02, 2.71349518e+02, 1.43610626e+02, 2.93955994e+02,
    1.37991272e+02, 3.17306335e+02, 1.38684189e+02, 2.22330353e+02,
    1.33084229e+02, 2.45705368e+02, 1.27525635e+02, 2.68961426e+02,
    1.21571815e+02, 2.92703735e+02, 1.15838516e+02, 3.16843689e+02,
    1.15802223e+02, 2.17878098e+02, 1.09962387e+02, 2.42088760e+02,
    1.04011543e+02, 2.66556335e+02, 9.81304626e+01, 2.90889496e+02,
    9.17963486e+01, 3.16191315e+02 ]
