%YAML:1.0
---
points: [ 8.59505310e+02, 1.23278481e+02, 8.60496704e+02, 1.68822525e+02,
    8.61495239e+02, 2.14061279e+02, 8.62620972e+02, 2.58786591e+02,
    8.63671265e+02, 3.03323242e+02, 8.15474731e+02, 1.19576645e+02,
    8.16643555e+02, 1.66129974e+02, 8.17728149e+02, 2.11808823e+02,
    8.18900269e+02, 2.56911926e+02, 8.20192322e+02, 3.02042084e+02,
    7.69941162e+02, 1.16357162e+02, 7.71293579e+02, 1.63178604e+02,
    7.72679810e+02, 2.09438354e+02, 7.74143188e+02, 2.55180756e+02,
    7.75375610e+02, 3.00848785e+02, 7.23677124e+02, 1.13059090e+02,
    7.25371033e+02, 1.60315338e+02, 7.26871460e+02, 2.07054382e+02,
    7.28437927e+02, 2.53285934e+02, 7.29943787e+02, 2.99247009e+02,
    6.76218018e+02, 1.09633301e+02, 6.77898071e+02, 1.56982880e+02,
    6.79730042e+02, 2.04410156e+02, 6.81329590e+02, 2.51142471e+02,
    6.82922974e+02, 2.97812500e+02, 6.27892578e+02, 1.06142410e+02,
    6.29670898e+02, 1.54201202e+02, 6.31658325e+02, 2.01718765e+02,
    6.33416016e+02, 2.49192154e+02, 6.35306824e+02, 2.96311890e+02,
    5.78548218e+02, 1.02420807e+02, 5.80593689e+02, 1.50863846e+02,
    5.82497803e+02, 1.98762772e+02, 5.84652405e+02, 2.46708221e+02,
    5.86504517e+02, 2.94441101e+02 ]
