%YAML:1.0
---
points: [ 1.21386047e+03, 8.57879822e+02, 1.21537195e+03, 9.00621338e+02,
    1.21616431e+03, 9.42626892e+02, 1.21738623e+03, 9.84944824e+02,
    1.21833459e+03, 1.02732788e+03, 1.17264856e+03, 8.60529785e+02,
    1.17366772e+03, 9.03016541e+02, 1.17461572e+03, 9.45139099e+02,
    1.17566284e+03, 9.87459717e+02, 1.17669934e+03, 1.02978528e+03,
    1.13037146e+03, 8.62787659e+02, 1.13150745e+03, 9.05534058e+02,
    1.13250146e+03, 9.47849915e+02, 1.13364868e+03, 9.90517029e+02,
    1.13459167e+03, 1.03279150e+03, 1.08810547e+03, 8.65097107e+02,
    1.08947888e+03, 9.07976929e+02, 1.09046594e+03, 9.50330444e+02,
    1.09150354e+03, 9.92931030e+02, 1.09275598e+03, 1.03589282e+03,
    1.04543604e+03, 8.67298279e+02, 1.04678552e+03, 9.10679443e+02,
    1.04780481e+03, 9.53226501e+02, 1.04881409e+03, 9.95866760e+02,
    1.04991687e+03, 1.03888037e+03, 1.00256866e+03, 8.69696655e+02,
    1.00392822e+03, 9.13198792e+02, 1.00533209e+03, 9.56262085e+02,
    1.00630798e+03, 9.98855408e+02, 1.00750781e+03, 1.04236108e+03,
    9.59813782e+02, 8.72212830e+02, 9.61189941e+02, 9.16152466e+02,
    9.62405334e+02, 9.59260193e+02, 9.63640198e+02, 1.00243842e+03,
    9.64802795e+02, 1.04555066e+03 ]
