%YAML:1.0
---
points: [ 1.81913803e+02, 2.14846756e+02, 1.85522446e+02, 2.38138931e+02,
    1.89202072e+02, 2.61276642e+02, 1.92826309e+02, 2.84819458e+02,
    1.96514587e+02, 3.08726868e+02, 1.59822159e+02, 2.18506195e+02,
    1.63639084e+02, 2.41743896e+02, 1.67338959e+02, 2.64457001e+02,
    1.70856232e+02, 2.88180359e+02, 1.74370758e+02, 3.11357635e+02,
    1.38021729e+02, 2.22326202e+02, 1.41765686e+02, 2.45182068e+02,
    1.45422943e+02, 2.68059387e+02, 1.48862701e+02, 2.91064270e+02,
    1.52305573e+02, 3.14335205e+02, 1.16953865e+02, 2.25920334e+02,
    1.20452026e+02, 2.48658005e+02, 1.24206429e+02, 2.71083923e+02,
    1.27663902e+02, 2.94032196e+02, 1.31089417e+02, 3.17024841e+02,
    9.64592743e+01, 2.29463303e+02, 9.94935760e+01, 2.51866913e+02,
    1.03296028e+02, 2.74378845e+02, 1.06796768e+02, 2.96764404e+02,
    1.10337723e+02, 3.19611542e+02, 7.62872086e+01, 2.32937057e+02,
    7.94024734e+01, 2.55204758e+02, 8.27523727e+01, 2.77339783e+02,
    8.64018936e+01, 2.99580933e+02, 9.00054779e+01, 3.21962708e+02,
    5.67593765e+01, 2.35971283e+02, 6.00167694e+01, 2.58216431e+02,
    6.30480881e+01, 2.80221802e+02, 6.66947708e+01, 3.02266083e+02,
    7.02049255e+01, 3.24220947e+02 ]
