%YAML:1.0
---
points: [ 1.22839099e+03, 8.62508118e+02, 1.22455066e+03, 9.03549744e+02,
    1.22026440e+03, 9.43832703e+02, 1.21637720e+03, 9.84604980e+02,
    1.21225366e+03, 1.02542566e+03, 1.19441333e+03, 8.63715576e+02,
    1.18988257e+03, 9.04895569e+02, 1.18561633e+03, 9.45683838e+02,
    1.18135999e+03, 9.86987549e+02, 1.17720996e+03, 1.02836169e+03,
    1.15853809e+03, 8.64489319e+02, 1.15397351e+03, 9.06456421e+02,
    1.14949097e+03, 9.47821594e+02, 1.14551001e+03, 9.89656372e+02,
    1.14105066e+03, 1.03142615e+03, 1.12167944e+03, 8.65284302e+02,
    1.11753638e+03, 9.07811646e+02, 1.11272876e+03, 9.49701294e+02,
    1.10851428e+03, 9.92137817e+02, 1.10458643e+03, 1.03486633e+03,
    1.08397559e+03, 8.65948181e+02, 1.07991284e+03, 9.09431274e+02,
    1.07500281e+03, 9.51957642e+02, 1.07046863e+03, 9.94831970e+02,
    1.06612354e+03, 1.03823047e+03, 1.04504553e+03, 8.66767822e+02,
    1.04079382e+03, 9.10901123e+02, 1.03657178e+03, 9.54584473e+02,
    1.03186877e+03, 9.97944641e+02, 1.02749133e+03, 1.04200232e+03,
    1.00551959e+03, 8.67791077e+02, 1.00123975e+03, 9.12705872e+02,
    9.96809509e+02, 9.56956665e+02, 9.92211060e+02, 1.00152991e+03,
    9.87542908e+02, 1.04579150e+03 ]
