%YAML:1.0
---
points: [ 3.71995270e+02, 3.17588837e+02, 3.70784180e+02, 3.31270752e+02,
    3.69431946e+02, 3.44875641e+02, 3.67936768e+02, 3.58462158e+02,
    3.66798798e+02, 3.72108917e+02, 3.60867279e+02, 3.18071838e+02,
    3.59443939e+02, 3.31990509e+02, 3.57915161e+02, 3.45665924e+02,
    3.56764679e+02, 3.59583466e+02, 3.55169250e+02, 3.73149384e+02,
    3.48983246e+02, 3.18468018e+02, 3.47597870e+02, 3.32673737e+02,
    3.46203003e+02, 3.46608856e+02, 3.44766541e+02, 3.60695953e+02,
    3.43506927e+02, 3.74595642e+02, 3.36790375e+02, 3.18889526e+02,
    3.35586426e+02, 3.33430450e+02, 3.33994751e+02, 3.47483887e+02,
    3.32832581e+02, 3.61667358e+02, 3.31309998e+02, 3.75990326e+02,
    3.24229156e+02, 3.19280426e+02, 3.23121033e+02, 3.34067474e+02,
    3.21574402e+02, 3.48596863e+02, 3.20133820e+02, 3.62904144e+02,
    3.18881805e+02, 3.77244049e+02, 3.11406738e+02, 3.19712128e+02,
    3.10134155e+02, 3.34713135e+02, 3.08872528e+02, 3.49444733e+02,
    3.07444336e+02, 3.64034271e+02, 3.05932495e+02, 3.78727631e+02,
    2.98294250e+02, 3.20237366e+02, 2.97070892e+02, 3.35442932e+02,
    2.95815430e+02, 3.50442078e+02, 2.94457153e+02, 3.65380859e+02,
    2.93081116e+02, 3.80246094e+02 ]
