%YAML:1.0
---
points: [ 1.02327222e+03, 8.75910187e+01, 1.02559119e+03, 1.34720810e+02,
    1.02757214e+03, 1.81614975e+02, 1.02973047e+03, 2.27840363e+02,
    1.03194470e+03, 2.74057983e+02, 9.78716553e+02, 8.75392838e+01,
    9.80982605e+02, 1.35425278e+02, 9.83276794e+02, 1.82456406e+02,
    9.85586121e+02, 2.29006927e+02, 9.87856567e+02, 2.75402985e+02,
    9.33093323e+02, 8.77144089e+01, 9.35695984e+02, 1.35919556e+02,
    9.38201965e+02, 1.83370636e+02, 9.40654114e+02, 2.30148178e+02,
    9.43222351e+02, 2.76703430e+02, 8.87119690e+02, 8.82631683e+01,
    8.90234253e+02, 1.36323273e+02, 8.92720947e+02, 1.84103073e+02,
    8.95552246e+02, 2.31160248e+02, 8.98224060e+02, 2.77902466e+02,
    8.40496826e+02, 8.85915070e+01, 8.43648376e+02, 1.36629395e+02,
    8.46505188e+02, 1.84720352e+02, 8.49435974e+02, 2.32166489e+02,
    8.52464417e+02, 2.79316711e+02, 7.93373535e+02, 8.85755463e+01,
    7.96654053e+02, 1.37196594e+02, 7.99983032e+02, 1.85224884e+02,
    8.03065308e+02, 2.33061096e+02, 8.06326355e+02, 2.80539246e+02,
    7.45716125e+02, 8.85326157e+01, 7.49338013e+02, 1.37418976e+02,
    7.52786621e+02, 1.85602631e+02, 7.56185913e+02, 2.33635880e+02,
    7.59541565e+02, 2.81437805e+02 ]
