%YAML:1.0
---
points: [ 4.02791321e+02, 1.80608261e+02, 4.11289337e+02, 2.06265457e+02,
    4.20250000e+02, 2.32049438e+02, 4.29007812e+02, 2.58147461e+02,
    4.37958679e+02, 2.85079773e+02, 3.75797699e+02, 1.88980377e+02,
    3.84523712e+02, 2.14014297e+02, 3.92784637e+02, 2.38755356e+02,
    4.01430328e+02, 2.64350372e+02, 4.09941681e+02, 2.89971893e+02,
    3.50745850e+02, 1.96869461e+02, 3.58891815e+02, 2.21183701e+02,
    3.67051331e+02, 2.45172012e+02, 3.75059387e+02, 2.69801392e+02,
    3.83462555e+02, 2.94748627e+02, 3.27686432e+02, 2.04665680e+02,
    3.35325104e+02, 2.27673355e+02, 3.43072174e+02, 2.51016739e+02,
    3.50859344e+02, 2.74842865e+02, 3.58768829e+02, 2.99039185e+02,
    3.06372833e+02, 2.11525162e+02, 3.13169006e+02, 2.33674576e+02,
    3.20598419e+02, 2.56486359e+02, 3.27934937e+02, 2.79179321e+02,
    3.35679108e+02, 3.03325134e+02, 2.85849945e+02, 2.17727600e+02,
    2.92493866e+02, 2.39729004e+02, 2.99302826e+02, 2.61710236e+02,
    3.06484009e+02, 2.84123138e+02, 3.13606354e+02, 3.06987885e+02,
    2.66800110e+02, 2.23821640e+02, 2.73127289e+02, 2.45165741e+02,
    2.79641449e+02, 2.66623718e+02, 2.86273773e+02, 2.88294739e+02,
    2.93071625e+02, 3.10685303e+02 ]
