%YAML:1.0
---
points: [ 1.32935840e+03, 7.39812012e+01, 1.33117346e+03, 1.20383766e+02,
    1.33213782e+03, 1.66600342e+02, 1.33350525e+03, 2.12427872e+02,
    1.33480823e+03, 2.58019104e+02, 1.28610022e+03, 7.49236603e+01,
    1.28741296e+03, 1.22101860e+02, 1.28871082e+03, 1.68393585e+02,
    1.29014832e+03, 2.14387390e+02, 1.29144214e+03, 2.60319031e+02,
    1.24199500e+03, 7.63881683e+01, 1.24340869e+03, 1.23714546e+02,
    1.24459985e+03, 1.70404144e+02, 1.24631250e+03, 2.16475082e+02,
    1.24769458e+03, 2.62489746e+02, 1.19731763e+03, 7.79841156e+01,
    1.19942371e+03, 1.25199852e+02, 1.20068518e+03, 1.72169495e+02,
    1.20232776e+03, 2.18509552e+02, 1.20417358e+03, 2.64703674e+02,
    1.15267456e+03, 7.96547089e+01, 1.15471399e+03, 1.26835854e+02,
    1.15628162e+03, 1.74067871e+02, 1.15807349e+03, 2.20495636e+02,
    1.15981543e+03, 2.66885925e+02, 1.10761316e+03, 8.10259094e+01,
    1.10999402e+03, 1.28533798e+02, 1.11198999e+03, 1.75620331e+02,
    1.11372485e+03, 2.22536285e+02, 1.11592529e+03, 2.69170044e+02,
    1.06260193e+03, 8.23206177e+01, 1.06512683e+03, 1.29922897e+02,
    1.06741113e+03, 1.77249756e+02, 1.06952197e+03, 2.24201523e+02,
    1.07159839e+03, 2.70919189e+02 ]
