%YAML:1.0
---
points: [ 1.15043689e+03, 8.53486084e+02, 1.16233728e+03, 8.97757263e+02,
    1.17430200e+03, 9.41611694e+02, 1.18610876e+03, 9.86172302e+02,
    1.19778296e+03, 1.03069360e+03, 1.10813770e+03, 8.58774597e+02,
    1.11994165e+03, 9.02150452e+02, 1.13175854e+03, 9.45184998e+02,
    1.14329626e+03, 9.88703186e+02, 1.15494922e+03, 1.03252161e+03,
    1.06740686e+03, 8.63593140e+02, 1.07903528e+03, 9.06309387e+02,
    1.09047498e+03, 9.48622925e+02, 1.10164709e+03, 9.91574707e+02,
    1.11318848e+03, 1.03437817e+03, 1.02828015e+03, 8.68134094e+02,
    1.03942395e+03, 9.10298645e+02, 1.05067261e+03, 9.51677856e+02,
    1.06175793e+03, 9.93790833e+02, 1.07306592e+03, 1.03658203e+03,
    9.90453918e+02, 8.72532471e+02, 1.00092889e+03, 9.14283386e+02,
    1.01206128e+03, 9.55256592e+02, 1.02289984e+03, 9.96496521e+02,
    1.03381396e+03, 1.03833008e+03, 9.53615234e+02, 8.76947998e+02,
    9.64151611e+02, 9.18089539e+02, 9.74583618e+02, 9.58715027e+02,
    9.85418091e+02, 9.99170166e+02, 9.96181519e+02, 1.04042578e+03,
    9.17952271e+02, 8.81531006e+02, 9.28207214e+02, 9.21938660e+02,
    9.38460999e+02, 9.61854126e+02, 9.48936462e+02, 1.00227216e+03,
    9.59455933e+02, 1.04259583e+03 ]
