%YAML:1.0
---
points: [ 3.47971252e+02, 3.14791260e+02, 3.52169769e+02, 3.29737732e+02,
    3.56408447e+02, 3.44383942e+02, 3.60227386e+02, 3.59091278e+02,
    3.64601807e+02, 3.73830780e+02, 3.33174133e+02, 3.16751892e+02,
    3.37368195e+02, 3.31307892e+02, 3.41413788e+02, 3.45808167e+02,
    3.45650208e+02, 3.60408600e+02, 3.49406830e+02, 3.74756836e+02,
    3.18746368e+02, 3.18652191e+02, 3.22959167e+02, 3.32897491e+02,
    3.27134796e+02, 3.47177277e+02, 3.30955170e+02, 3.61581543e+02,
    3.35164032e+02, 3.75643005e+02, 3.05115662e+02, 3.20222290e+02,
    3.09152161e+02, 3.34475311e+02, 3.13156097e+02, 3.48511810e+02,
    3.17203613e+02, 3.62555054e+02, 3.20851013e+02, 3.76737518e+02,
    2.91809448e+02, 3.21831573e+02, 2.95554138e+02, 3.35977539e+02,
    2.99670929e+02, 3.49795563e+02, 3.03410492e+02, 3.63602203e+02,
    3.07412506e+02, 3.77535583e+02, 2.78900604e+02, 3.23533661e+02,
    2.82695190e+02, 3.37397705e+02, 2.86446533e+02, 3.51162720e+02,
    2.90381134e+02, 3.64683624e+02, 2.94101746e+02, 3.78435120e+02,
    2.66417938e+02, 3.25079834e+02, 2.70153564e+02, 3.38880402e+02,
    2.73839661e+02, 3.52264801e+02, 2.77557922e+02, 3.65796478e+02,
    2.81525909e+02, 3.79235291e+02 ]
