%YAML:1.0
---
points: [ 3.47295563e+02, 2.98843475e+02, 3.49988373e+02, 3.14449005e+02,
    3.52791107e+02, 3.30379364e+02, 3.55398682e+02, 3.46812927e+02,
    3.58435394e+02, 3.63765564e+02, 3.32642517e+02, 3.00784454e+02,
    3.35193665e+02, 3.16210327e+02, 3.37687897e+02, 3.31920685e+02,
    3.40357330e+02, 3.48262939e+02, 3.42753998e+02, 3.64941620e+02,
    3.18476562e+02, 3.02890656e+02, 3.20770416e+02, 3.17983734e+02,
    3.23068878e+02, 3.33520905e+02, 3.25223175e+02, 3.49504089e+02,
    3.27603882e+02, 3.66268799e+02, 3.04936035e+02, 3.04757874e+02,
    3.06795593e+02, 3.19643768e+02, 3.08901947e+02, 3.35013580e+02,
    3.10924042e+02, 3.50891846e+02, 3.12829895e+02, 3.67291809e+02,
    2.91740662e+02, 3.06651123e+02, 2.93239502e+02, 3.21318878e+02,
    2.95143158e+02, 3.36564148e+02, 2.96867920e+02, 3.52078674e+02,
    2.98809814e+02, 3.68258392e+02, 2.78881378e+02, 3.08347137e+02,
    2.80232574e+02, 3.22910522e+02, 2.81696564e+02, 3.37978912e+02,
    2.83340027e+02, 3.53291809e+02, 2.84698151e+02, 3.69353821e+02,
    2.66486389e+02, 3.10007904e+02, 2.67556885e+02, 3.24532196e+02,
    2.68719513e+02, 3.39431885e+02, 2.70077271e+02, 3.54514069e+02,
    2.71606018e+02, 3.70141693e+02 ]
