%YAML:1.0
---
points: [ 4.35155762e+02, 1.88511078e+02, 4.36337830e+02, 2.13613190e+02,
    4.40097198e+02, 2.38927826e+02, 4.43746307e+02, 2.64322479e+02,
    4.47171448e+02, 2.89753937e+02, 4.06611389e+02, 1.91820999e+02,
    4.10179779e+02, 2.17099533e+02, 4.13796509e+02, 2.41941437e+02,
    4.17421875e+02, 2.67405487e+02, 4.20893921e+02, 2.92390808e+02,
    3.80424561e+02, 1.95374832e+02, 3.84025330e+02, 2.20265045e+02,
    3.87533997e+02, 2.45123016e+02, 3.91186829e+02, 2.70101837e+02,
    3.94772552e+02, 2.95300690e+02, 3.54747894e+02, 1.98969238e+02,
    3.58556976e+02, 2.23567551e+02, 3.61745453e+02, 2.48074371e+02,
    3.65760406e+02, 2.72878784e+02, 3.69142334e+02, 2.97577606e+02,
    3.30045227e+02, 2.02451477e+02, 3.33260284e+02, 2.26221771e+02,
    3.36948608e+02, 2.51174301e+02, 3.40079559e+02, 2.75235016e+02,
    3.44134705e+02, 3.00550079e+02, 3.05000336e+02, 2.05557144e+02,
    3.08528351e+02, 2.29597382e+02, 3.11899719e+02, 2.53545868e+02,
    3.15125610e+02, 2.78048645e+02, 3.18632874e+02, 3.02448242e+02,
    2.81175964e+02, 2.08343201e+02, 2.84183929e+02, 2.32781601e+02,
    2.87657104e+02, 2.56204163e+02, 2.90952545e+02, 2.80677612e+02,
    2.94079712e+02, 3.04755524e+02 ]
