%YAML:1.0
---
points: [ 1.15070068e+03, 8.06694519e+02, 1.15687073e+03, 8.52444519e+02,
    1.16348547e+03, 8.99604187e+02, 1.16978369e+03, 9.48665710e+02,
    1.17644714e+03, 9.99759827e+02, 1.10908594e+03, 8.12099243e+02,
    1.11458850e+03, 8.57266541e+02, 1.12027942e+03, 9.03653992e+02,
    1.12582434e+03, 9.51950500e+02, 1.13179321e+03, 1.00231854e+03,
    1.06866724e+03, 8.17289001e+02, 1.07349622e+03, 8.61844666e+02,
    1.07834912e+03, 9.07874939e+02, 1.08293384e+03, 9.55523132e+02,
    1.08814612e+03, 1.00500049e+03, 1.02982178e+03, 8.22577332e+02,
    1.03356824e+03, 8.66414490e+02, 1.03808582e+03, 9.11852478e+02,
    1.04208179e+03, 9.58716125e+02, 1.04600745e+03, 1.00756952e+03,
    9.92107788e+02, 8.27843811e+02, 9.95081970e+02, 8.71074768e+02,
    9.98379761e+02, 9.15790955e+02, 1.00186304e+03, 9.61890991e+02,
    1.00534198e+03, 1.01010431e+03, 9.55328003e+02, 8.32681519e+02,
    9.57675537e+02, 8.75509766e+02, 9.60072571e+02, 9.19507751e+02,
    9.63111938e+02, 9.65174438e+02, 9.65655701e+02, 1.01268677e+03,
    9.19746826e+02, 8.37486389e+02, 9.21497559e+02, 8.79879272e+02,
    9.23198303e+02, 9.23345642e+02, 9.25222351e+02, 9.68377319e+02,
    9.27303894e+02, 1.01497357e+03 ]
