%YAML:1.0
---
points: [ 1.51786865e+03, 1.29191940e+02, 1.51807935e+03, 1.71362534e+02,
    1.51761255e+03, 2.13417511e+02, 1.51770605e+03, 2.55119629e+02,
    1.51756006e+03, 2.96678101e+02, 1.48028430e+03, 1.28570892e+02,
    1.47982727e+03, 1.71417130e+02, 1.47954944e+03, 2.13535690e+02,
    1.47946948e+03, 2.55537369e+02, 1.47937244e+03, 2.97415436e+02,
    1.44132300e+03, 1.28413345e+02, 1.44109680e+03, 1.71421616e+02,
    1.44057776e+03, 2.13883987e+02, 1.44065479e+03, 2.56096985e+02,
    1.44036816e+03, 2.98304504e+02, 1.40175012e+03, 1.28472977e+02,
    1.40214514e+03, 1.71385056e+02, 1.40150964e+03, 2.14331177e+02,
    1.40150671e+03, 2.56585175e+02, 1.40170972e+03, 2.99000031e+02,
    1.36191370e+03, 1.28475891e+02, 1.36248389e+03, 1.71437836e+02,
    1.36192285e+03, 2.14545044e+02, 1.36177502e+03, 2.57240021e+02,
    1.36180225e+03, 2.99771027e+02, 1.32170386e+03, 1.28356201e+02,
    1.32231018e+03, 1.71606537e+02, 1.32247424e+03, 2.14820587e+02,
    1.32230347e+03, 2.57745026e+02, 1.32246375e+03, 3.00703186e+02,
    1.28155469e+03, 1.28241745e+02, 1.28222534e+03, 1.71786362e+02,
    1.28247974e+03, 2.15187332e+02, 1.28256433e+03, 2.58338654e+02,
    1.28273242e+03, 3.01325562e+02 ]
