%YAML:1.0
---
points: [ 3.67324371e+02, 3.01595581e+02, 3.69892731e+02, 3.15645782e+02,
    3.72316742e+02, 3.30176636e+02, 3.74838226e+02, 3.44980865e+02,
    3.77539337e+02, 3.60274628e+02, 3.56228760e+02, 3.01345978e+02,
    3.58442688e+02, 3.16045227e+02, 3.60704559e+02, 3.30541931e+02,
    3.63264160e+02, 3.45789154e+02, 3.65381073e+02, 3.61204163e+02,
    3.44474426e+02, 3.01418884e+02, 3.46621094e+02, 3.16192078e+02,
    3.48736633e+02, 3.31072693e+02, 3.51078430e+02, 3.46462006e+02,
    3.53425598e+02, 3.62174957e+02, 3.32361664e+02, 3.01337006e+02,
    3.34480804e+02, 3.16277405e+02, 3.36433441e+02, 3.31511841e+02,
    3.38731750e+02, 3.47194580e+02, 3.40864471e+02, 3.63290039e+02,
    3.20003632e+02, 3.01398956e+02, 3.22155731e+02, 3.16466583e+02,
    3.23913422e+02, 3.32041809e+02, 3.25772583e+02, 3.47766571e+02,
    3.27845215e+02, 3.64354340e+02, 3.07381592e+02, 3.01426575e+02,
    3.09225800e+02, 3.16682159e+02, 3.11051758e+02, 3.32350952e+02,
    3.12741943e+02, 3.48662018e+02, 3.14510712e+02, 3.65367188e+02,
    2.94456360e+02, 3.01314911e+02, 2.96209320e+02, 3.17106873e+02,
    2.97785431e+02, 3.32968323e+02, 2.99327515e+02, 3.49326660e+02,
    3.01033508e+02, 3.66340942e+02 ]
