%YAML:1.0
---
points: [ 1.72362390e+03, 1.16091927e+02, 1.73061353e+03, 1.57477325e+02,
    1.73693225e+03, 1.98561157e+02, 1.74347131e+03, 2.39742889e+02,
    1.74979211e+03, 2.81155243e+02, 1.67768860e+03, 1.27127319e+02,
    1.68423267e+03, 1.68264313e+02, 1.69055664e+03, 2.08980377e+02,
    1.69678711e+03, 2.49716690e+02, 1.70326025e+03, 2.90415649e+02,
    1.63173389e+03, 1.38341171e+02, 1.63819507e+03, 1.79022202e+02,
    1.64441003e+03, 2.19341019e+02, 1.65095312e+03, 2.59592590e+02,
    1.65716907e+03, 2.99752533e+02, 1.58668787e+03, 1.49459030e+02,
    1.59342505e+03, 1.89488297e+02, 1.59955566e+03, 2.29465179e+02,
    1.60577112e+03, 2.69294189e+02, 1.61229224e+03, 3.08973755e+02,
    1.54256860e+03, 1.60501953e+02, 1.54891028e+03, 1.99955170e+02,
    1.55503503e+03, 2.39588715e+02, 1.56117822e+03, 2.78796326e+02,
    1.56755896e+03, 3.18293976e+02, 1.49910974e+03, 1.71109772e+02,
    1.50552734e+03, 2.10348206e+02, 1.51181140e+03, 2.49393082e+02,
    1.51769727e+03, 2.88136780e+02, 1.52419226e+03, 3.27256409e+02,
    1.45662830e+03, 1.81668793e+02, 1.46320740e+03, 2.20444031e+02,
    1.46945935e+03, 2.59018951e+02, 1.47557080e+03, 2.97365845e+02,
    1.48157556e+03, 3.35603912e+02 ]
