%YAML:1.0
---
points: [ 1.21642371e+03, 8.15136292e+02, 1.22243420e+03, 8.57108215e+02,
    1.22824365e+03, 9.00291077e+02, 1.23457825e+03, 9.44646606e+02,
    1.24120935e+03, 9.90726440e+02, 1.18252856e+03, 8.14482605e+02,
    1.18771790e+03, 8.57385925e+02, 1.19312134e+03, 9.00953430e+02,
    1.19880664e+03, 9.45962341e+02, 1.20481372e+03, 9.92585815e+02,
    1.14733032e+03, 8.13946594e+02, 1.15205005e+03, 8.57422302e+02,
    1.15671326e+03, 9.01720520e+02, 1.16217676e+03, 9.47473389e+02,
    1.16733606e+03, 9.95007935e+02, 1.11114600e+03, 8.13724548e+02,
    1.11568030e+03, 8.57519165e+02, 1.11956763e+03, 9.02579651e+02,
    1.12428894e+03, 9.48947327e+02, 1.12943958e+03, 9.97255798e+02,
    1.07378442e+03, 8.13524902e+02, 1.07804382e+03, 8.57708374e+02,
    1.08146216e+03, 9.03425842e+02, 1.08548645e+03, 9.50496399e+02,
    1.08970630e+03, 9.99467590e+02, 1.03556653e+03, 8.13236450e+02,
    1.03924585e+03, 8.58086426e+02, 1.04269824e+03, 9.04214050e+02,
    1.04569434e+03, 9.52200012e+02, 1.04950171e+03, 1.00211646e+03,
    9.96696472e+02, 8.12715454e+02, 9.99791016e+02, 8.58416931e+02,
    1.00252985e+03, 9.05272644e+02, 1.00539087e+03, 9.53929993e+02,
    1.00824554e+03, 1.00434991e+03 ]
