%YAML:1.0
---
points: [ 4.42888580e+02, 2.04655594e+02, 4.42336395e+02, 2.27357224e+02,
    4.41407135e+02, 2.50612900e+02, 4.40711945e+02, 2.73540497e+02,
    4.39822754e+02, 2.96917267e+02, 4.24872162e+02, 2.03119873e+02,
    4.23937286e+02, 2.26684631e+02, 4.22903870e+02, 2.49922333e+02,
    4.22174774e+02, 2.73626373e+02, 4.21302063e+02, 2.97264557e+02,
    4.05463165e+02, 2.01826050e+02, 4.04329193e+02, 2.25701767e+02,
    4.03375336e+02, 2.49646179e+02, 4.02669617e+02, 2.73606995e+02,
    4.01608673e+02, 2.97867950e+02, 3.85133881e+02, 2.00267899e+02,
    3.84119293e+02, 2.24778503e+02, 3.83021973e+02, 2.49021896e+02,
    3.82212463e+02, 2.73476593e+02, 3.81465942e+02, 2.98319183e+02,
    3.63728851e+02, 1.98927948e+02, 3.63117676e+02, 2.23631607e+02,
    3.61832764e+02, 2.48489975e+02, 3.60769012e+02, 2.73292694e+02,
    3.59931335e+02, 2.98770142e+02, 3.41664124e+02, 1.97186752e+02,
    3.40892303e+02, 2.22655991e+02, 3.39861237e+02, 2.47831848e+02,
    3.38789368e+02, 2.73318390e+02, 3.37859344e+02, 2.99098297e+02,
    3.19035278e+02, 1.95681488e+02, 3.18051910e+02, 2.21582001e+02,
    3.17180939e+02, 2.47325256e+02, 3.16229706e+02, 2.73167175e+02,
    3.15249695e+02, 2.99524841e+02 ]
