%YAML:1.0
---
points: [ 1.48364294e+03, 7.79104187e+02, 1.49500830e+03, 8.25757507e+02,
    1.50569482e+03, 8.74003113e+02, 1.51748108e+03, 9.23584229e+02,
    1.52925098e+03, 9.75367004e+02, 1.44110217e+03, 7.80112732e+02,
    1.45114429e+03, 8.27399170e+02, 1.46133826e+03, 8.75699585e+02,
    1.47227026e+03, 9.25718201e+02, 1.48346130e+03, 9.77539978e+02,
    1.39705676e+03, 7.81294128e+02, 1.40655042e+03, 8.28761597e+02,
    1.41626672e+03, 8.77407959e+02, 1.42669739e+03, 9.27858765e+02,
    1.43686487e+03, 9.80271118e+02, 1.35299927e+03, 7.82448669e+02,
    1.36210059e+03, 8.29987732e+02, 1.37072021e+03, 8.79223450e+02,
    1.38028967e+03, 9.29716614e+02, 1.39050696e+03, 9.82471680e+02,
    1.30812927e+03, 7.83689636e+02, 1.31691382e+03, 8.31382690e+02,
    1.32492786e+03, 8.80736633e+02, 1.33348999e+03, 9.31764404e+02,
    1.34267676e+03, 9.84966187e+02, 1.26341980e+03, 7.84907227e+02,
    1.27124219e+03, 8.32720276e+02, 1.27920776e+03, 8.82257019e+02,
    1.28672449e+03, 9.33673828e+02, 1.29537292e+03, 9.87230652e+02,
    1.21848511e+03, 7.85809692e+02, 1.22575134e+03, 8.34056824e+02,
    1.23283704e+03, 8.83765686e+02, 1.24006079e+03, 9.35481018e+02,
    1.24765039e+03, 9.89379883e+02 ]
