%YAML:1.0
---
points: [ 4.59273529e+02, 2.87464569e+02, 4.63208405e+02, 3.02749207e+02,
    4.66792206e+02, 3.18625000e+02, 4.70336609e+02, 3.34458649e+02,
    4.74140106e+02, 3.51233063e+02, 4.45639008e+02, 2.87922272e+02,
    4.49325470e+02, 3.03879181e+02, 4.52782837e+02, 3.19588928e+02,
    4.56545471e+02, 3.36142212e+02, 4.59609161e+02, 3.52569824e+02,
    4.31320160e+02, 2.88948944e+02, 4.34771332e+02, 3.04665741e+02,
    4.38335510e+02, 3.20959991e+02, 4.41940918e+02, 3.37521576e+02,
    4.45360779e+02, 3.54494904e+02, 4.16720825e+02, 2.89641602e+02,
    4.20328674e+02, 3.05617737e+02, 4.23516479e+02, 3.21714752e+02,
    4.27158905e+02, 3.38688446e+02, 4.30346222e+02, 3.55825317e+02,
    4.01871155e+02, 2.90379608e+02, 4.05316711e+02, 3.06295929e+02,
    4.08561707e+02, 3.22822968e+02, 4.11796906e+02, 3.39688934e+02,
    4.15279541e+02, 3.57185913e+02, 3.86882324e+02, 2.90840118e+02,
    3.90182129e+02, 3.07179352e+02, 3.93388031e+02, 3.23692017e+02,
    3.96458191e+02, 3.40882629e+02, 3.99567078e+02, 3.58543091e+02,
    3.71728821e+02, 2.91547424e+02, 3.74822815e+02, 3.07826050e+02,
    3.77923065e+02, 3.24614746e+02, 3.80894257e+02, 3.41919342e+02,
    3.84118408e+02, 3.59664062e+02 ]
