%YAML:1.0
---
points: [ 1.79643689e+03, 5.44480629e+01, 1.80237109e+03, 9.93639679e+01,
    1.80773389e+03, 1.44342819e+02, 1.81349023e+03, 1.88871109e+02,
    1.81905383e+03, 2.33697098e+02, 1.74742883e+03, 6.45665359e+01,
    1.75289978e+03, 1.09488396e+02, 1.75840283e+03, 1.54035767e+02,
    1.76383813e+03, 1.98279556e+02, 1.76936377e+03, 2.42605377e+02,
    1.69810181e+03, 7.51536102e+01, 1.70367139e+03, 1.19611740e+02,
    1.70901978e+03, 1.63785126e+02, 1.71477942e+03, 2.07675018e+02,
    1.71990527e+03, 2.51546234e+02, 1.64963293e+03, 8.57202377e+01,
    1.65549280e+03, 1.29502686e+02, 1.66072546e+03, 1.73449966e+02,
    1.66633606e+03, 2.16940811e+02, 1.67197180e+03, 2.60552795e+02,
    1.60171912e+03, 9.63504410e+01, 1.60774268e+03, 1.39608673e+02,
    1.61283423e+03, 1.82995590e+02, 1.61835486e+03, 2.26210892e+02,
    1.62366284e+03, 2.69511230e+02, 1.55472253e+03, 1.06504616e+02,
    1.56052661e+03, 1.49636002e+02, 1.56622327e+03, 1.92401566e+02,
    1.57136414e+03, 2.35305649e+02, 1.57687451e+03, 2.78012512e+02,
    1.50859021e+03, 1.16653931e+02, 1.51451648e+03, 1.59482681e+02,
    1.52018274e+03, 2.01807495e+02, 1.52553735e+03, 2.44233780e+02,
    1.53085535e+03, 2.86506653e+02 ]
