%YAML:1.0
---
points: [ 4.19347687e+02, 1.15014473e+02, 4.18696869e+02, 1.34864212e+02,
    4.17506470e+02, 1.54898453e+02, 4.16690765e+02, 1.74949280e+02,
    4.15619812e+02, 1.95474945e+02, 4.04010010e+02, 1.11231552e+02,
    4.02968414e+02, 1.32000244e+02, 4.01748077e+02, 1.52319382e+02,
    4.00559357e+02, 1.72775528e+02, 3.99474609e+02, 1.93582108e+02,
    3.87612152e+02, 1.07697464e+02, 3.86272156e+02, 1.28726135e+02,
    3.84919800e+02, 1.49655731e+02, 3.83903931e+02, 1.70550156e+02,
    3.82470764e+02, 1.91800995e+02, 3.70281006e+02, 1.04056480e+02,
    3.69151031e+02, 1.25467667e+02, 3.67441101e+02, 1.46757645e+02,
    3.66325073e+02, 1.68176437e+02, 3.65248993e+02, 1.89667755e+02,
    3.52239624e+02, 1.00414803e+02, 3.51208588e+02, 1.21960762e+02,
    3.49514648e+02, 1.43981888e+02, 3.48029053e+02, 1.65767441e+02,
    3.46609344e+02, 1.87613113e+02, 3.33474670e+02, 9.62602386e+01,
    3.32269440e+02, 1.18605072e+02, 3.30932251e+02, 1.40796646e+02,
    3.29248444e+02, 1.63212555e+02, 3.27877869e+02, 1.85609467e+02,
    3.14102264e+02, 9.20569611e+01, 3.12840454e+02, 1.14866249e+02,
    3.11399384e+02, 1.37622574e+02, 3.09863678e+02, 1.60486877e+02,
    3.08363159e+02, 1.83437546e+02 ]
