%YAML:1.0
---
points: [ 4.22671570e+02, 2.81530975e+02, 4.26658478e+02, 2.98213165e+02,
    4.30880096e+02, 3.15370789e+02, 4.34861328e+02, 3.32951447e+02,
    4.39016815e+02, 3.51341370e+02, 4.07212463e+02, 2.84671661e+02,
    4.11171661e+02, 3.01185577e+02, 4.15119202e+02, 3.17881653e+02,
    4.18984772e+02, 3.35158295e+02, 4.22642303e+02, 3.52888519e+02,
    3.92653290e+02, 2.87969452e+02, 3.96312103e+02, 3.03938812e+02,
    4.00081787e+02, 3.20194336e+02, 4.03444305e+02, 3.37068329e+02,
    4.07165955e+02, 3.54550629e+02, 3.79199463e+02, 2.90832397e+02,
    3.82363495e+02, 3.06494598e+02, 3.85789185e+02, 3.22374573e+02,
    3.89174286e+02, 3.38939148e+02, 3.92236786e+02, 3.55844269e+02,
    3.66287415e+02, 2.93689575e+02, 3.69067108e+02, 3.08767334e+02,
    3.72287415e+02, 3.24416351e+02, 3.75244568e+02, 3.40373199e+02,
    3.78431213e+02, 3.57092926e+02, 3.54082733e+02, 2.96186432e+02,
    3.56545227e+02, 3.11073975e+02, 3.59292114e+02, 3.26300140e+02,
    3.62286163e+02, 3.41965881e+02, 3.65021088e+02, 3.58119049e+02,
    3.42397461e+02, 2.98563354e+02, 3.44772339e+02, 3.13223297e+02,
    3.47193970e+02, 3.27919861e+02, 3.49814240e+02, 3.43325562e+02,
    3.52411469e+02, 3.59078430e+02 ]
