%YAML:1.0
---
points: [ 1.36572595e+03, 7.58844543e+02, 1.37615796e+03, 8.08640320e+02,
    1.38758081e+03, 8.60309143e+02, 1.39874243e+03, 9.13673706e+02,
    1.41053894e+03, 9.69837830e+02, 1.32224817e+03, 7.67593689e+02,
    1.33230872e+03, 8.16490479e+02, 1.34248730e+03, 8.66383179e+02,
    1.35264819e+03, 9.18384949e+02, 1.36337109e+03, 9.72547974e+02,
    1.28139587e+03, 7.76225769e+02, 1.29050281e+03, 8.23533630e+02,
    1.29976257e+03, 8.72235107e+02, 1.30872705e+03, 9.22974426e+02,
    1.31846606e+03, 9.75723816e+02, 1.24365759e+03, 7.84340515e+02,
    1.25130322e+03, 8.30242188e+02, 1.25992078e+03, 8.77730835e+02,
    1.26834644e+03, 9.26981384e+02, 1.27642517e+03, 9.78444153e+02,
    1.20776917e+03, 7.91912109e+02, 1.21407861e+03, 8.36725647e+02,
    1.22181396e+03, 8.82938660e+02, 1.22943530e+03, 9.30845642e+02,
    1.23715381e+03, 9.80843628e+02, 1.17390979e+03, 7.98875366e+02,
    1.17968555e+03, 8.42857117e+02, 1.18600647e+03, 8.87813538e+02,
    1.19280493e+03, 9.34556152e+02, 1.19977393e+03, 9.83314392e+02,
    1.14169702e+03, 8.05719788e+02, 1.14687732e+03, 8.48617371e+02,
    1.15243359e+03, 8.92464478e+02, 1.15841113e+03, 9.38140076e+02,
    1.16442383e+03, 9.85413818e+02 ]
