%YAML:1.0
---
points: [ 4.11360840e+02, 9.22378311e+01, 4.14382141e+02, 1.13952484e+02,
    4.17220032e+02, 1.35862381e+02, 4.20162628e+02, 1.57620255e+02,
    4.22925537e+02, 1.80030624e+02, 3.89331787e+02, 9.49567566e+01,
    3.92138245e+02, 1.16966072e+02, 3.94723694e+02, 1.38569580e+02,
    3.97608521e+02, 1.60402618e+02, 4.00406891e+02, 1.82309799e+02,
    3.67182526e+02, 9.80312805e+01, 3.69768188e+02, 1.19890755e+02,
    3.72356018e+02, 1.41613831e+02, 3.75131165e+02, 1.63141968e+02,
    3.77695312e+02, 1.85165436e+02, 3.44769165e+02, 1.01261192e+02,
    3.47666107e+02, 1.22827972e+02, 3.50097076e+02, 1.44710953e+02,
    3.52758453e+02, 1.66210007e+02, 3.55457214e+02, 1.87770615e+02,
    3.23148651e+02, 1.04397148e+02, 3.25736755e+02, 1.25710220e+02,
    3.28115143e+02, 1.47399796e+02, 3.30553375e+02, 1.69025848e+02,
    3.33397278e+02, 1.90726822e+02, 3.01359711e+02, 1.07310341e+02,
    3.03889191e+02, 1.28958252e+02, 3.06275330e+02, 1.50158005e+02,
    3.08769379e+02, 1.71687698e+02, 3.11367645e+02, 1.93221237e+02,
    2.79944550e+02, 1.10258324e+02, 2.82386292e+02, 1.31769547e+02,
    2.84930603e+02, 1.53018341e+02, 2.87446899e+02, 1.74466431e+02,
    2.89958160e+02, 1.95641159e+02 ]
