%YAML:1.0
---
points: [ 9.78383362e+02, 1.03782097e+02, 9.89309875e+02, 1.48357407e+02,
    1.00013934e+03, 1.92571579e+02, 1.01071814e+03, 2.36524918e+02,
    1.02145831e+03, 2.80447662e+02, 9.38191772e+02, 1.19725159e+02,
    9.49207336e+02, 1.63787445e+02, 9.60003357e+02, 2.07326889e+02,
    9.70651794e+02, 2.50458435e+02, 9.81347656e+02, 2.93500916e+02,
    8.99095520e+02, 1.35340546e+02, 9.10182251e+02, 1.78664734e+02,
    9.21150940e+02, 2.21474045e+02, 9.31599426e+02, 2.63862091e+02,
    9.42385071e+02, 3.06517059e+02, 8.61596130e+02, 1.50539734e+02,
    8.72414673e+02, 1.92915009e+02, 8.83527344e+02, 2.35292297e+02,
    8.93962402e+02, 2.77027008e+02, 9.04485046e+02, 3.18734497e+02,
    8.25301819e+02, 1.65204422e+02, 8.35422180e+02, 2.06875488e+02,
    8.46515686e+02, 2.48497330e+02, 8.57153564e+02, 2.89581543e+02,
    8.67500305e+02, 3.30805450e+02, 7.89596741e+02, 1.79169571e+02,
    7.99977417e+02, 2.20404266e+02, 8.10571655e+02, 2.61273743e+02,
    8.21366760e+02, 3.01780243e+02, 8.31745605e+02, 3.42466553e+02,
    7.54946106e+02, 1.92711624e+02, 7.65361877e+02, 2.33420242e+02,
    7.75686707e+02, 2.73515656e+02, 7.86295105e+02, 3.13512451e+02,
    7.96652954e+02, 3.53652893e+02 ]
