%YAML:1.0
---
points: [ 3.59987488e+02, 7.44029312e+01, 3.69259674e+02, 9.55789108e+01,
    3.78874817e+02, 1.16698776e+02, 3.88394012e+02, 1.38484619e+02,
    3.98351135e+02, 1.60760986e+02, 3.39983368e+02, 8.75727692e+01,
    3.48973633e+02, 1.08078552e+02, 3.57845764e+02, 1.28511047e+02,
    3.67020813e+02, 1.49674286e+02, 3.76125916e+02, 1.70897537e+02,
    3.21408325e+02, 1.00064423e+02, 3.29870575e+02, 1.19897537e+02,
    3.38358673e+02, 1.39794495e+02, 3.46714539e+02, 1.60038254e+02,
    3.55506439e+02, 1.80537888e+02, 3.04535034e+02, 1.11780914e+02,
    3.12360321e+02, 1.30824081e+02, 3.20447815e+02, 1.50025589e+02,
    3.28458893e+02, 1.69521194e+02, 3.36592468e+02, 1.89345612e+02,
    2.88908173e+02, 1.22482643e+02, 2.95962921e+02, 1.40900665e+02,
    3.03755341e+02, 1.59456940e+02, 3.11344147e+02, 1.78276505e+02,
    3.19142914e+02, 1.97555847e+02, 2.74211121e+02, 1.32456360e+02,
    2.80989014e+02, 1.50303543e+02, 2.88175598e+02, 1.68294617e+02,
    2.95434052e+02, 1.86350967e+02, 3.02790558e+02, 2.05040390e+02,
    2.60510895e+02, 1.41526398e+02, 2.67085052e+02, 1.59069901e+02,
    2.73623871e+02, 1.76319504e+02, 2.80513611e+02, 1.93956009e+02,
    2.87578125e+02, 2.11946777e+02 ]
