%YAML:1.0
---
points: [ 8.67136047e+02, 8.14400269e+02, 8.68296265e+02, 8.56354614e+02,
    8.69509583e+02, 8.99509033e+02, 8.70546326e+02, 9.44222046e+02,
    8.71742310e+02, 9.90625000e+02, 8.27756531e+02, 8.17830688e+02,
    8.28389282e+02, 8.60042297e+02, 8.28943054e+02, 9.02870911e+02,
    8.29398438e+02, 9.47492126e+02, 8.29937500e+02, 9.93570984e+02,
    7.88388672e+02, 8.21562256e+02, 7.88411804e+02, 8.63531311e+02,
    7.88434814e+02, 9.06538879e+02, 7.88219421e+02, 9.50738403e+02,
    7.88182373e+02, 9.97030212e+02, 7.49682922e+02, 8.25235840e+02,
    7.48893799e+02, 8.66857422e+02, 7.48516418e+02, 9.09767944e+02,
    7.47630188e+02, 9.54236206e+02, 7.46789551e+02, 1.00034564e+03,
    7.10986389e+02, 8.29079407e+02, 7.09287781e+02, 8.70509521e+02,
    7.08255798e+02, 9.13366455e+02, 7.06930603e+02, 9.57537781e+02,
    7.05533081e+02, 1.00337402e+03, 6.72405762e+02, 8.32625977e+02,
    6.70224731e+02, 8.74240417e+02, 6.68327332e+02, 9.16795593e+02,
    6.66384888e+02, 9.60847656e+02, 6.64453186e+02, 1.00661023e+03,
    6.34099121e+02, 8.36070679e+02, 6.31504456e+02, 8.77526306e+02,
    6.28747620e+02, 9.20019531e+02, 6.26430237e+02, 9.64229675e+02,
    6.23625122e+02, 1.00953839e+03 ]
