%YAML:1.0
---
points: [ 1.10962976e+03, 2.37857956e+02, 1.10502991e+03, 2.74387848e+02,
    1.09979504e+03, 3.10453125e+02, 1.09524951e+03, 3.46362457e+02,
    1.09039685e+03, 3.82488434e+02, 1.08406873e+03, 2.28072769e+02,
    1.07878979e+03, 2.65333008e+02, 1.07350574e+03, 3.02212799e+02,
    1.06861890e+03, 3.38809204e+02, 1.06357959e+03, 3.75604156e+02,
    1.05646790e+03, 2.17533493e+02, 1.05121130e+03, 2.55721573e+02,
    1.04560291e+03, 2.93422485e+02, 1.04087878e+03, 3.30750183e+02,
    1.03552002e+03, 3.68481781e+02, 1.02765247e+03, 2.07155045e+02,
    1.02260364e+03, 2.45773712e+02, 1.01704376e+03, 2.84400879e+02,
    1.01182275e+03, 3.22614380e+02, 1.00709558e+03, 3.61053986e+02,
    9.97515869e+02, 1.95670486e+02, 9.92722168e+02, 2.35309509e+02,
    9.86888428e+02, 2.74636139e+02, 9.81599976e+02, 3.13766724e+02,
    9.76388367e+02, 3.53338318e+02, 9.66289612e+02, 1.83893951e+02,
    9.61319214e+02, 2.24513245e+02, 9.56083069e+02, 2.64713409e+02,
    9.50395020e+02, 3.04805573e+02, 9.45351685e+02, 3.45102661e+02,
    9.33768250e+02, 1.71500946e+02, 9.28729614e+02, 2.13092300e+02,
    9.23621582e+02, 2.54248260e+02, 9.18262146e+02, 2.95386871e+02,
    9.12738098e+02, 3.36390594e+02 ]
