%YAML:1.0
---
points: [ 2.48438019e+02, 3.02522400e+02, 2.49414551e+02, 3.16744995e+02,
    2.50429153e+02, 3.31312744e+02, 2.51476868e+02, 3.46480377e+02,
    2.52485992e+02, 3.62195740e+02, 2.35177322e+02, 3.03838623e+02,
    2.35855118e+02, 3.18174591e+02, 2.36694824e+02, 3.32684906e+02,
    2.37487000e+02, 3.47749023e+02, 2.38233261e+02, 3.63376465e+02,
    2.21586044e+02, 3.05100189e+02, 2.22238159e+02, 3.19386505e+02,
    2.22728897e+02, 3.33975250e+02, 2.23380676e+02, 3.49039581e+02,
    2.23977859e+02, 3.64462738e+02, 2.08445358e+02, 3.06452606e+02,
    2.08698715e+02, 3.20724670e+02, 2.09249054e+02, 3.35286133e+02,
    2.09548233e+02, 3.50242126e+02, 2.09883942e+02, 3.65778809e+02,
    1.95328995e+02, 3.07858429e+02, 1.95273315e+02, 3.22066589e+02,
    1.95478043e+02, 3.36649658e+02, 1.95654633e+02, 3.51420380e+02,
    1.95887756e+02, 3.67092712e+02, 1.82156647e+02, 3.09212158e+02,
    1.82062561e+02, 3.23433136e+02, 1.82009048e+02, 3.37799835e+02,
    1.81962555e+02, 3.52629059e+02, 1.81803131e+02, 3.68133667e+02,
    1.69185104e+02, 3.10627686e+02, 1.68889938e+02, 3.24646210e+02,
    1.68597229e+02, 3.39080353e+02, 1.68254578e+02, 3.53893524e+02,
    1.68263657e+02, 3.69139069e+02 ]
