%YAML:1.0
---
points: [ 9.22388794e+02, 8.28252869e+02, 9.24021423e+02, 8.66726013e+02,
    9.25162048e+02, 9.06484863e+02, 9.26808777e+02, 9.47171387e+02,
    9.28375427e+02, 9.89265076e+02, 8.91621826e+02, 8.27342102e+02,
    8.92404663e+02, 8.66686707e+02, 8.93296814e+02, 9.07020630e+02,
    8.94309937e+02, 9.48715271e+02, 8.95428589e+02, 9.91508362e+02,
    8.59060059e+02, 8.26492493e+02, 8.59427490e+02, 8.66634277e+02,
    8.59656494e+02, 9.07877319e+02, 8.60367920e+02, 9.50321838e+02,
    8.60559692e+02, 9.94136414e+02, 8.25176025e+02, 8.25679199e+02,
    8.25404297e+02, 8.66586182e+02, 8.24895020e+02, 9.08781067e+02,
    8.24803040e+02, 9.51916565e+02, 8.25202148e+02, 9.96838135e+02,
    7.89695374e+02, 8.25133118e+02, 7.89616516e+02, 8.66611023e+02,
    7.88548645e+02, 9.09578674e+02, 7.87787964e+02, 9.53888428e+02,
    7.87325684e+02, 9.99672852e+02, 7.52883728e+02, 8.24257874e+02,
    7.52234497e+02, 8.66703064e+02, 7.51035522e+02, 9.10590332e+02,
    7.49517090e+02, 9.55708313e+02, 7.48579224e+02, 1.00262805e+03,
    7.14677856e+02, 8.23339355e+02, 7.13334595e+02, 8.66797180e+02,
    7.11686157e+02, 9.11556519e+02, 7.09965515e+02, 9.57710510e+02,
    7.08108765e+02, 1.00560040e+03 ]
