%YAML:1.0
---
points: [ 3.55001770e+02, 5.47226105e+01, 3.59309174e+02, 7.16266403e+01,
    3.63988739e+02, 8.98055954e+01, 3.68645874e+02, 1.08776817e+02,
    3.73740570e+02, 1.29158157e+02, 3.35453918e+02, 6.77940979e+01,
    3.39179871e+02, 8.49860840e+01, 3.43058167e+02, 1.02728256e+02,
    3.46923950e+02, 1.21431015e+02, 3.51305176e+02, 1.41279266e+02,
    3.17188263e+02, 8.05472717e+01, 3.20380310e+02, 9.73134842e+01,
    3.23674866e+02, 1.14828804e+02, 3.26738892e+02, 1.33082550e+02,
    3.30358887e+02, 1.52596603e+02, 3.00559204e+02, 9.24699860e+01,
    3.02945892e+02, 1.08636429e+02, 3.05766754e+02, 1.26036232e+02,
    3.08447388e+02, 1.43899139e+02, 3.11206635e+02, 1.62717255e+02,
    2.85069305e+02, 1.03628494e+02, 2.86689789e+02, 1.19405205e+02,
    2.89077057e+02, 1.36346603e+02, 2.91440918e+02, 1.53753464e+02,
    2.93634796e+02, 1.72136230e+02, 2.70510590e+02, 1.13864990e+02,
    2.71796509e+02, 1.29343063e+02, 2.73515259e+02, 1.45699554e+02,
    2.75463806e+02, 1.62895401e+02, 2.77248169e+02, 1.80669189e+02,
    2.56857086e+02, 1.23213440e+02, 2.57924042e+02, 1.38546799e+02,
    2.59056427e+02, 1.54448212e+02, 2.60560852e+02, 1.71144318e+02,
    2.61946472e+02, 1.88669769e+02 ]
