%YAML:1.0
---
points: [ 1.31175098e+03, 2.27611679e+02, 1.30652783e+03, 2.63668274e+02,
    1.30054102e+03, 2.99496948e+02, 1.29529822e+03, 3.35218170e+02,
    1.28961853e+03, 3.70964844e+02, 1.29189062e+03, 2.16569305e+02,
    1.28570691e+03, 2.53428680e+02, 1.27973779e+03, 2.89943909e+02,
    1.27418396e+03, 3.26556580e+02, 1.26838416e+03, 3.63108978e+02,
    1.27043530e+03, 2.05061386e+02, 1.26421411e+03, 2.42784866e+02,
    1.25783179e+03, 2.80223511e+02, 1.25227417e+03, 3.17486694e+02,
    1.24580701e+03, 3.54821716e+02, 1.24765613e+03, 1.93210434e+02,
    1.24185327e+03, 2.31621033e+02, 1.23502026e+03, 2.69795715e+02,
    1.22884888e+03, 3.07927429e+02, 1.22335034e+03, 3.46323395e+02,
    1.22380225e+03, 1.80530548e+02, 1.21835718e+03, 2.19809662e+02,
    1.21148987e+03, 2.59107208e+02, 1.20509253e+03, 2.98118622e+02,
    1.19881873e+03, 3.37271271e+02, 1.19937231e+03, 1.67422424e+02,
    1.19340039e+03, 2.07562943e+02, 1.18716418e+03, 2.47637192e+02,
    1.18037268e+03, 2.87666199e+02, 1.17429663e+03, 3.27948517e+02,
    1.17380286e+03, 1.53500687e+02, 1.16773047e+03, 1.94745163e+02,
    1.16147595e+03, 2.35735214e+02, 1.15484131e+03, 2.76718079e+02,
    1.14841797e+03, 3.17762238e+02 ]
