%YAML:1.0
---
points: [ 2.65237061e+02, 3.07138336e+02, 2.66351959e+02, 3.20217133e+02,
    2.67221252e+02, 3.33598511e+02, 2.68243530e+02, 3.47267975e+02,
    2.69476868e+02, 3.61563812e+02, 2.55357986e+02, 3.06788147e+02,
    2.56011444e+02, 3.20351227e+02, 2.56813049e+02, 3.33879578e+02,
    2.57686951e+02, 3.48023529e+02, 2.58571228e+02, 3.62427094e+02,
    2.44511917e+02, 3.06583466e+02, 2.45264664e+02, 3.20325073e+02,
    2.45799164e+02, 3.34327850e+02, 2.46570602e+02, 3.48656311e+02,
    2.47284607e+02, 3.63589142e+02, 2.33455246e+02, 3.06355682e+02,
    2.34180984e+02, 3.20465668e+02, 2.34555679e+02, 3.34688324e+02,
    2.35114563e+02, 3.49338135e+02, 2.35671402e+02, 3.64374908e+02,
    2.21931122e+02, 3.06394714e+02, 2.22544434e+02, 3.20421936e+02,
    2.22661499e+02, 3.35170135e+02, 2.22947021e+02, 3.50021118e+02,
    2.23570236e+02, 3.65503418e+02, 2.10047943e+02, 3.06117157e+02,
    2.10333267e+02, 3.20608032e+02, 2.10511841e+02, 3.35497162e+02,
    2.10552811e+02, 3.50767639e+02, 2.10792709e+02, 3.66555420e+02,
    1.97469177e+02, 3.06066376e+02, 1.97696640e+02, 3.20803101e+02,
    1.97696930e+02, 3.35983459e+02, 1.97597824e+02, 3.51418549e+02,
    1.97894409e+02, 3.67551392e+02 ]
