%YAML:1.0
---
points: [ 4.01705750e+02, 6.82722549e+01, 4.07364868e+02, 8.46165543e+01,
    4.13281219e+02, 1.02466202e+02, 4.19504791e+02, 1.21059006e+02,
    4.26005096e+02, 1.41066223e+02, 3.79623932e+02, 7.17561951e+01,
    3.84492859e+02, 8.90354919e+01, 3.89619019e+02, 1.06629883e+02,
    3.95126221e+02, 1.25354660e+02, 4.00761871e+02, 1.45025024e+02,
    3.57214844e+02, 7.60542679e+01, 3.61644531e+02, 9.31001511e+01,
    3.66137817e+02, 1.11037521e+02, 3.70793243e+02, 1.29536316e+02,
    3.75858063e+02, 1.49402969e+02, 3.35485626e+02, 8.03393936e+01,
    3.39247498e+02, 9.73310471e+01, 3.43036011e+02, 1.15284286e+02,
    3.47040619e+02, 1.33905304e+02, 3.51433197e+02, 1.53305725e+02,
    3.13969330e+02, 8.47917099e+01, 3.17104004e+02, 1.01348801e+02,
    3.20339417e+02, 1.19530441e+02, 3.23698364e+02, 1.38046829e+02,
    3.27157288e+02, 1.57439606e+02, 2.92792236e+02, 8.89179001e+01,
    2.95442749e+02, 1.05754150e+02, 2.98001038e+02, 1.23333542e+02,
    3.00785126e+02, 1.42043701e+02, 3.03840424e+02, 1.61366745e+02,
    2.72145966e+02, 9.28841019e+01, 2.74173981e+02, 1.09763786e+02,
    2.76276367e+02, 1.27109032e+02, 2.78593903e+02, 1.45589371e+02,
    2.80934784e+02, 1.64993668e+02 ]
