%YAML:1.0
---
points: [ 7.93723267e+02, 8.14471313e+02, 7.93207336e+02, 8.57695129e+02,
    7.93486267e+02, 9.02157776e+02, 7.93033997e+02, 9.48005859e+02,
    7.92735657e+02, 9.95799744e+02, 7.63055847e+02, 8.20453735e+02,
    7.62767212e+02, 8.62964294e+02, 7.62507324e+02, 9.06558533e+02,
    7.61690613e+02, 9.51472900e+02, 7.61157227e+02, 9.98314331e+02,
    7.33730225e+02, 8.26344727e+02, 7.33198364e+02, 8.68100281e+02,
    7.32522705e+02, 9.10895996e+02, 7.31243164e+02, 9.55202454e+02,
    7.30361267e+02, 1.00112140e+03, 7.06362122e+02, 8.31831299e+02,
    7.04606567e+02, 8.72792786e+02, 7.03885071e+02, 9.15029236e+02,
    7.02409729e+02, 9.58541992e+02, 7.00592346e+02, 1.00349896e+03,
    6.79565735e+02, 8.37464478e+02, 6.76782349e+02, 8.77599121e+02,
    6.75639160e+02, 9.19000305e+02, 6.74141296e+02, 9.61646912e+02,
    6.72100220e+02, 1.00599158e+03, 6.53430603e+02, 8.42454834e+02,
    6.50616028e+02, 8.82225586e+02, 6.48370239e+02, 9.22925659e+02,
    6.46684143e+02, 9.64906738e+02, 6.44418335e+02, 1.00834161e+03,
    6.28095154e+02, 8.47461853e+02, 6.25143982e+02, 8.86553345e+02,
    6.22487610e+02, 9.26613892e+02, 6.20087952e+02, 9.67758850e+02,
    6.17582886e+02, 1.01048169e+03 ]
