%YAML:1.0
---
points: [ 2.24209320e+02, 3.02779999e+02, 2.24689499e+02, 3.17463654e+02,
    2.25352753e+02, 3.32471832e+02, 2.25806091e+02, 3.48032288e+02,
    2.26549850e+02, 3.64061829e+02, 2.13352859e+02, 3.04885651e+02,
    2.13878601e+02, 3.19359711e+02, 2.14397964e+02, 3.34049988e+02,
    2.14785492e+02, 3.49394318e+02, 2.15213882e+02, 3.65060760e+02,
    2.03079468e+02, 3.06918732e+02, 2.03413269e+02, 3.21102448e+02,
    2.03673340e+02, 3.35721069e+02, 2.03842819e+02, 3.50623596e+02,
    2.04257370e+02, 3.66161957e+02, 1.93303116e+02, 3.08943481e+02,
    1.93271606e+02, 3.22933868e+02, 1.93655502e+02, 3.37064514e+02,
    1.93731476e+02, 3.51813263e+02, 1.93687332e+02, 3.67142090e+02,
    1.84010880e+02, 3.10814972e+02, 1.83547562e+02, 3.24630463e+02,
    1.83700150e+02, 3.38641022e+02, 1.83761749e+02, 3.53031769e+02,
    1.83856873e+02, 3.67829224e+02, 1.74703186e+02, 3.12793213e+02,
    1.74188370e+02, 3.26289124e+02, 1.74060379e+02, 3.40134735e+02,
    1.74037964e+02, 3.54121033e+02, 1.73789841e+02, 3.68752960e+02,
    1.65661346e+02, 3.14579041e+02, 1.65286255e+02, 3.27765137e+02,
    1.64955017e+02, 3.41200958e+02, 1.64624542e+02, 3.55212677e+02,
    1.64535675e+02, 3.69470367e+02 ]
