%YAML:1.0
---
points: [ 1.26312000e+03, 1.26514923e+02, 1.25955115e+03, 1.62432861e+02,
    1.25535046e+03, 1.98132217e+02, 1.25175928e+03, 2.33697937e+02,
    1.24804346e+03, 2.69284515e+02, 1.23764160e+03, 1.17546333e+02,
    1.23350989e+03, 1.54299194e+02, 1.22931653e+03, 1.90539047e+02,
    1.22553235e+03, 2.26606598e+02, 1.22165601e+03, 2.62625305e+02,
    1.21069202e+03, 1.08325684e+02, 1.20650696e+03, 1.45579269e+02,
    1.20219250e+03, 1.82573395e+02, 1.19847278e+03, 2.19277542e+02,
    1.19437024e+03, 2.56229675e+02, 1.18251599e+03, 9.87572937e+01,
    1.17878296e+03, 1.36715591e+02, 1.17435339e+03, 1.74549698e+02,
    1.17036951e+03, 2.11858109e+02, 1.16667798e+03, 2.49322784e+02,
    1.15356812e+03, 8.92417908e+01, 1.15002783e+03, 1.27472992e+02,
    1.14546082e+03, 1.65799515e+02, 1.14149915e+03, 2.03863846e+02,
    1.13760693e+03, 2.42098938e+02, 1.12360657e+03, 7.87362518e+01,
    1.12007849e+03, 1.18103027e+02, 1.11636963e+03, 1.56838577e+02,
    1.11189038e+03, 1.95770203e+02, 1.10803088e+03, 2.34590271e+02,
    1.09296362e+03, 6.83079987e+01, 1.08956750e+03, 1.08220291e+02,
    1.08565686e+03, 1.47621887e+02, 1.08162000e+03, 1.87280136e+02,
    1.07763977e+03, 2.26661133e+02 ]
