%YAML:1.0
---
points: [ 9.25289978e+02, 1.87550018e+02, 9.35832703e+02, 2.19373947e+02,
    9.46797546e+02, 2.50839859e+02, 9.57432495e+02, 2.82510895e+02,
    9.68180420e+02, 3.14312714e+02, 9.00777893e+02, 2.02764084e+02,
    9.11604492e+02, 2.34223709e+02, 9.22531372e+02, 2.65080750e+02,
    9.32918213e+02, 2.96130524e+02, 9.43581177e+02, 3.27213013e+02,
    8.77469971e+02, 2.17694763e+02, 8.88153137e+02, 2.48437912e+02,
    8.98825867e+02, 2.78881531e+02, 9.09005432e+02, 3.09347290e+02,
    9.19569763e+02, 3.39786621e+02, 8.55245850e+02, 2.32107605e+02,
    8.65559814e+02, 2.62152466e+02, 8.76298340e+02, 2.91871185e+02,
    8.86398926e+02, 3.21818176e+02, 8.96506287e+02, 3.51919159e+02,
    8.33819275e+02, 2.45820999e+02, 8.43518982e+02, 2.75422668e+02,
    8.53904175e+02, 3.04767334e+02, 8.64231750e+02, 3.34023438e+02,
    8.74227966e+02, 3.63603760e+02, 8.12824951e+02, 2.59170074e+02,
    8.22581604e+02, 2.88120514e+02, 8.32459290e+02, 3.16860474e+02,
    8.42552368e+02, 3.45806213e+02, 8.52489685e+02, 3.74744659e+02,
    7.92752380e+02, 2.71690491e+02, 8.02292786e+02, 3.00390015e+02,
    8.11803833e+02, 3.28718872e+02, 8.21714600e+02, 3.57155579e+02,
    8.31349915e+02, 3.85562134e+02 ]
