%YAML:1.0
---
points: [ 2.54707321e+02, 3.03434784e+02, 2.55779007e+02, 3.17312805e+02,
    2.56814697e+02, 3.31547577e+02, 2.57959259e+02, 3.46389618e+02,
    2.59166260e+02, 3.61602264e+02, 2.41498550e+02, 3.04222107e+02,
    2.42297684e+02, 3.18526978e+02, 2.43301865e+02, 3.32707428e+02,
    2.44153824e+02, 3.47583496e+02, 2.45024506e+02, 3.62779999e+02,
    2.27992172e+02, 3.05322052e+02, 2.28658569e+02, 3.19437408e+02,
    2.29362686e+02, 3.33804993e+02, 2.30064301e+02, 3.48725616e+02,
    2.30818298e+02, 3.64117462e+02, 2.14566528e+02, 3.06407196e+02,
    2.15158508e+02, 3.20508362e+02, 2.15541397e+02, 3.35036102e+02,
    2.16012054e+02, 3.49803375e+02, 2.16449112e+02, 3.65344299e+02,
    2.01064743e+02, 3.07389984e+02, 2.01238861e+02, 3.21577728e+02,
    2.01299225e+02, 3.36321381e+02, 2.01792130e+02, 3.50856689e+02,
    2.02117203e+02, 3.66666962e+02, 1.87409729e+02, 3.08364471e+02,
    1.87362137e+02, 3.22625153e+02, 1.87334915e+02, 3.37274261e+02,
    1.87564651e+02, 3.52099762e+02, 1.87475662e+02, 3.67704559e+02,
    1.73563004e+02, 3.09491669e+02, 1.73451111e+02, 3.23835968e+02,
    1.73316284e+02, 3.38404999e+02, 1.73104996e+02, 3.53285461e+02,
    1.73184189e+02, 3.68800934e+02 ]
