%YAML:1.0
---
points: [ 4.12248932e+02, 8.13421783e+01, 4.17968872e+02, 9.77231750e+01,
    4.23348328e+02, 1.15289795e+02, 4.29312347e+02, 1.32915527e+02,
    4.35807861e+02, 1.52605072e+02, 3.92807281e+02, 8.02512207e+01,
    3.97790527e+02, 9.74764633e+01, 4.02830688e+02, 1.14702942e+02,
    4.08418793e+02, 1.33325806e+02, 4.14115417e+02, 1.52679916e+02,
    3.72750671e+02, 7.99202271e+01, 3.77235535e+02, 9.69677048e+01,
    3.81772156e+02, 1.14828804e+02, 3.86682068e+02, 1.33275864e+02,
    3.91839691e+02, 1.53005798e+02, 3.52357605e+02, 7.99487610e+01,
    3.56451508e+02, 9.66267471e+01, 3.60321747e+02, 1.14895866e+02,
    3.64679016e+02, 1.33504654e+02, 3.69383484e+02, 1.53042267e+02,
    3.31476379e+02, 7.98618546e+01, 3.35080170e+02, 9.63649216e+01,
    3.38658020e+02, 1.14920586e+02, 3.42277893e+02, 1.33631546e+02,
    3.46320251e+02, 1.53756210e+02, 3.10471985e+02, 7.94666214e+01,
    3.13534973e+02, 9.64232025e+01, 3.16622009e+02, 1.14524979e+02,
    3.19705536e+02, 1.33851135e+02, 3.23178955e+02, 1.53761322e+02,
    2.89242889e+02, 7.91822968e+01, 2.91788391e+02, 9.63555374e+01,
    2.94489502e+02, 1.14576668e+02, 2.97185120e+02, 1.33765564e+02,
    2.99877747e+02, 1.54043716e+02 ]
