%YAML:1.0
---
points: [ 8.87005676e+02, 8.17233093e+02, 8.88597229e+02, 8.58426392e+02,
    8.90138977e+02, 9.00519592e+02, 8.91588867e+02, 9.44054321e+02,
    8.93286804e+02, 9.89201050e+02, 8.47751648e+02, 8.19527527e+02,
    8.48677917e+02, 8.60981140e+02, 8.49557495e+02, 9.03282532e+02,
    8.50471375e+02, 9.46934631e+02, 8.51515198e+02, 9.92338135e+02,
    8.07784912e+02, 8.22169189e+02, 8.08245972e+02, 8.63690002e+02,
    8.08468384e+02, 9.06320435e+02, 8.08678345e+02, 9.50199829e+02,
    8.09109741e+02, 9.95710205e+02, 7.68164612e+02, 8.24804565e+02,
    7.67773804e+02, 8.66367004e+02, 7.67531067e+02, 9.09186951e+02,
    7.67232727e+02, 9.53319031e+02, 7.66709534e+02, 9.98799194e+02,
    7.27800842e+02, 8.27836365e+02, 7.26788208e+02, 8.69419739e+02,
    7.25817810e+02, 9.12153259e+02, 7.24783691e+02, 9.56361694e+02,
    7.23714172e+02, 1.00224683e+03, 6.87182251e+02, 8.30321289e+02,
    6.85600952e+02, 8.72155334e+02, 6.84043335e+02, 9.15147888e+02,
    6.82401550e+02, 9.59621948e+02, 6.80824585e+02, 1.00559741e+03,
    6.46555176e+02, 8.33044128e+02, 6.44285706e+02, 8.75217224e+02,
    6.41967957e+02, 9.18063660e+02, 6.39713013e+02, 9.62636292e+02,
    6.37604248e+02, 1.00867114e+03 ]
