%YAML:1.0
---
points: [ 5.95956787e+02, 8.31884583e+02, 5.92964233e+02, 8.73052124e+02,
    5.90835022e+02, 9.15203369e+02, 5.87952087e+02, 9.58904419e+02,
    5.85361084e+02, 1.00388995e+03, 5.60369141e+02, 8.36335510e+02,
    5.57695312e+02, 8.77356079e+02, 5.54832031e+02, 9.19196289e+02,
    5.51735168e+02, 9.62481140e+02, 5.48683105e+02, 1.00729175e+03,
    5.25540710e+02, 8.40689880e+02, 5.22425354e+02, 8.81655334e+02,
    5.19252136e+02, 9.23387573e+02, 5.15676270e+02, 9.66204224e+02,
    5.12392273e+02, 1.01058948e+03, 4.91793762e+02, 8.45262573e+02,
    4.87744843e+02, 8.85705017e+02, 4.84708801e+02, 9.27243958e+02,
    4.80730865e+02, 9.69715210e+02, 4.76521149e+02, 1.01361285e+03,
    4.58679871e+02, 8.49712830e+02, 4.53649597e+02, 8.89815735e+02,
    4.49948853e+02, 9.30807800e+02, 4.45929474e+02, 9.73041565e+02,
    4.41572021e+02, 1.01683545e+03, 4.25561829e+02, 8.53893005e+02,
    4.20566406e+02, 8.93569885e+02, 4.15834198e+02, 9.34396484e+02,
    4.11674835e+02, 9.76428650e+02, 4.06871613e+02, 1.01961353e+03,
    3.93085205e+02, 8.57931580e+02, 3.87615479e+02, 8.97473511e+02,
    3.82551239e+02, 9.38044128e+02, 3.77705109e+02, 9.79569336e+02,
    3.72710480e+02, 1.02244879e+03 ]
