%YAML:1.0
---
points: [ 1.56149155e+02, 3.09356903e+02, 1.55869095e+02, 3.23263885e+02,
    1.55609787e+02, 3.37384155e+02, 1.55179047e+02, 3.52102051e+02,
    1.55134399e+02, 3.67334320e+02, 1.44069672e+02, 3.10912842e+02,
    1.43678040e+02, 3.24760406e+02, 1.43369186e+02, 3.38871246e+02,
    1.43044403e+02, 3.53377075e+02, 1.42523758e+02, 3.68329926e+02,
    1.32148239e+02, 3.12628052e+02, 1.31739914e+02, 3.26326813e+02,
    1.31380692e+02, 3.40228882e+02, 1.30707993e+02, 3.54718109e+02,
    1.30361191e+02, 3.69463623e+02, 1.20781754e+02, 3.14168121e+02,
    1.19969315e+02, 3.27772278e+02, 1.19580475e+02, 3.41614319e+02,
    1.18951698e+02, 3.55775726e+02, 1.18080429e+02, 3.70545044e+02,
    1.09467194e+02, 3.15775238e+02, 1.08508263e+02, 3.29220551e+02,
    1.07895988e+02, 3.42929688e+02, 1.07011513e+02, 3.56784454e+02,
    1.06678795e+02, 3.71194305e+02, 9.83693619e+01, 3.17192474e+02,
    9.71790543e+01, 3.30669006e+02, 9.62782059e+01, 3.44107880e+02,
    9.57929688e+01, 3.57828094e+02, 9.46964493e+01, 3.72175690e+02,
    8.72979660e+01, 3.18525177e+02, 8.62357025e+01, 3.31878387e+02,
    8.52776184e+01, 3.45173004e+02, 8.43694458e+01, 3.58827026e+02,
    8.38663788e+01, 3.72718018e+02 ]
