%YAML:1.0
---
points: [ 7.36635437e+02, 2.53531113e+02, 7.30586304e+02, 2.83733276e+02,
    7.24096680e+02, 3.13557617e+02, 7.18005249e+02, 3.43780975e+02,
    7.11717346e+02, 3.74057190e+02, 7.12453064e+02, 2.41746338e+02,
    7.05895264e+02, 2.72883453e+02, 6.99370544e+02, 3.03411377e+02,
    6.92734009e+02, 3.34258881e+02, 6.86434692e+02, 3.65163818e+02,
    6.86450439e+02, 2.29575806e+02, 6.79739075e+02, 2.61387512e+02,
    6.72825134e+02, 2.92691620e+02, 6.66421448e+02, 3.24269226e+02,
    6.59556519e+02, 3.55970917e+02, 6.59316162e+02, 2.16925461e+02,
    6.52664368e+02, 2.49335953e+02, 6.45357727e+02, 2.81463654e+02,
    6.38540222e+02, 3.13647919e+02, 6.32120056e+02, 3.46276184e+02,
    6.30544922e+02, 2.03524780e+02, 6.23838623e+02, 2.36548370e+02,
    6.16518738e+02, 2.69538452e+02, 6.09385071e+02, 3.02555420e+02,
    6.02285950e+02, 3.35915039e+02, 6.00582947e+02, 1.89411026e+02,
    5.93530273e+02, 2.23328140e+02, 5.86454773e+02, 2.57086578e+02,
    5.78982300e+02, 2.90961090e+02, 5.71603333e+02, 3.25160095e+02,
    5.69432373e+02, 1.74572922e+02, 5.62283813e+02, 2.09440292e+02,
    5.54746704e+02, 2.43901291e+02, 5.47333801e+02, 2.78867828e+02,
    5.39538086e+02, 3.13704895e+02 ]
