%YAML:1.0
---
points: [ 4.10378448e+02, 8.47492676e+01, 4.06588745e+02, 1.04585846e+02,
    4.02242523e+02, 1.24275970e+02, 3.98303558e+02, 1.43353638e+02,
    3.94314026e+02, 1.62554794e+02, 3.95318787e+02, 8.07705994e+01,
    3.90913849e+02, 1.01274017e+02, 3.86687408e+02, 1.21091583e+02,
    3.82640900e+02, 1.40908478e+02, 3.78615051e+02, 1.60276413e+02,
    3.78759735e+02, 7.66243057e+01, 3.74561096e+02, 9.77167969e+01,
    3.70264648e+02, 1.18188393e+02, 3.66331329e+02, 1.38190109e+02,
    3.62204590e+02, 1.57884354e+02, 3.61604858e+02, 7.25908508e+01,
    3.57702301e+02, 9.40280991e+01, 3.53308777e+02, 1.14940201e+02,
    3.49440094e+02, 1.35473740e+02, 3.45496552e+02, 1.55662125e+02,
    3.43683685e+02, 6.84781799e+01, 3.40084106e+02, 9.01692505e+01,
    3.35836151e+02, 1.11794380e+02, 3.31810455e+02, 1.32528336e+02,
    3.28048737e+02, 1.53166077e+02, 3.25362122e+02, 6.38419876e+01,
    3.21581909e+02, 8.64750900e+01, 3.17771240e+02, 1.08267792e+02,
    3.13875763e+02, 1.29677567e+02, 3.10148163e+02, 1.50558685e+02,
    3.06158508e+02, 5.94100761e+01, 3.02610291e+02, 8.23993149e+01,
    2.99119019e+02, 1.04707260e+02, 2.95389343e+02, 1.26580902e+02,
    2.91786163e+02, 1.48038239e+02 ]
