%YAML:1.0
---
points: [ 3.81631104e+02, 1.11639488e+02, 3.90754364e+02, 1.49293304e+02,
    4.00497528e+02, 1.87042664e+02, 4.09643158e+02, 2.24854736e+02,
    4.19223450e+02, 2.62997192e+02, 3.54262360e+02, 1.25945175e+02,
    3.63714142e+02, 1.63486359e+02, 3.73418976e+02, 2.00595123e+02,
    3.82489746e+02, 2.38020065e+02, 3.91913483e+02, 2.75517181e+02,
    3.27906830e+02, 1.40437103e+02, 3.37449432e+02, 1.77269058e+02,
    3.46840332e+02, 2.14167633e+02, 3.55613739e+02, 2.50845078e+02,
    3.65243317e+02, 2.87882324e+02, 3.02823761e+02, 1.54517090e+02,
    3.11668396e+02, 1.90621704e+02, 3.21487823e+02, 2.26961670e+02,
    3.30250397e+02, 2.63351654e+02, 3.38910980e+02, 2.99802521e+02,
    2.78604095e+02, 1.68194000e+02, 2.86502411e+02, 2.03823792e+02,
    2.96043243e+02, 2.39637512e+02, 3.05111572e+02, 2.75428894e+02,
    3.13721893e+02, 3.11595032e+02, 2.54638382e+02, 1.81400024e+02,
    2.62612762e+02, 2.16585892e+02, 2.71135956e+02, 2.51952744e+02,
    2.80273010e+02, 2.87356628e+02, 2.88779968e+02, 3.22998596e+02,
    2.31331009e+02, 1.94197311e+02, 2.39297623e+02, 2.29106995e+02,
    2.47418732e+02, 2.63784271e+02, 2.55814865e+02, 2.98823700e+02,
    2.64540588e+02, 3.33780304e+02 ]
