%YAML:1.0
---
points: [ 1.77379852e+02, 3.10785980e+02, 1.77456879e+02, 3.24145233e+02,
    1.77398529e+02, 3.37712189e+02, 1.77398926e+02, 3.51670197e+02,
    1.77459610e+02, 3.66218323e+02, 1.64318314e+02, 3.11456177e+02,
    1.64157883e+02, 3.25069733e+02, 1.63968872e+02, 3.38678101e+02,
    1.63970154e+02, 3.52838806e+02, 1.63666107e+02, 3.67349548e+02,
    1.50984543e+02, 3.12380707e+02, 1.50694595e+02, 3.25942047e+02,
    1.50329239e+02, 3.39812988e+02, 1.49990250e+02, 3.53927917e+02,
    1.49823914e+02, 3.68479736e+02, 1.37413223e+02, 3.13298828e+02,
    1.36911926e+02, 3.26964844e+02, 1.36499313e+02, 3.40804230e+02,
    1.36083130e+02, 3.55033356e+02, 1.35574707e+02, 3.69677368e+02,
    1.23839096e+02, 3.14167053e+02, 1.23122299e+02, 3.27772980e+02,
    1.22597839e+02, 3.41732483e+02, 1.21849693e+02, 3.55877594e+02,
    1.21528664e+02, 3.70682587e+02, 1.09960991e+02, 3.14704956e+02,
    1.09172935e+02, 3.28577545e+02, 1.08295647e+02, 3.42610443e+02,
    1.07670372e+02, 3.56855194e+02, 1.06707314e+02, 3.71624817e+02,
    9.59622955e+01, 3.15390503e+02, 9.50346451e+01, 3.29413116e+02,
    9.41213837e+01, 3.43332642e+02, 9.31118164e+01, 3.57779083e+02,
    9.26951981e+01, 3.72365326e+02 ]
