%YAML:1.0
---
points: [ 6.61933838e+02, 8.36919983e+02, 6.60477905e+02, 8.76223145e+02,
    6.59055786e+02, 9.16488953e+02, 6.57495300e+02, 9.57803528e+02,
    6.55748596e+02, 1.00077246e+03, 6.22737732e+02, 8.38735352e+02,
    6.20773376e+02, 8.78533752e+02, 6.18566895e+02, 9.19037781e+02,
    6.16593079e+02, 9.60841858e+02, 6.14468689e+02, 1.00389111e+03,
    5.82448853e+02, 8.40733521e+02, 5.80078491e+02, 8.80983887e+02,
    5.77360229e+02, 9.21893982e+02, 5.74686646e+02, 9.64104797e+02,
    5.71974609e+02, 1.00743762e+03, 5.42117004e+02, 8.42980469e+02,
    5.38951050e+02, 8.83172974e+02, 5.35730652e+02, 9.24538574e+02,
    5.32682922e+02, 9.66923157e+02, 5.29346069e+02, 1.01082422e+03,
    5.00727936e+02, 8.45100098e+02, 4.96713135e+02, 8.85651672e+02,
    4.93184937e+02, 9.27346191e+02, 4.89561798e+02, 9.70142517e+02,
    4.85642181e+02, 1.01417224e+03, 4.58855621e+02, 8.46986450e+02,
    4.54403931e+02, 8.87977966e+02, 4.49972443e+02, 9.29851135e+02,
    4.45754639e+02, 9.72992859e+02, 4.41495148e+02, 1.01762439e+03,
    4.16495239e+02, 8.49085571e+02, 4.11413269e+02, 8.90395508e+02,
    4.06529144e+02, 9.32568481e+02, 4.01686981e+02, 9.75908569e+02,
    3.96741119e+02, 1.02071124e+03 ]
