%YAML:1.0
---
points: [ 4.06322021e+02, 1.02718376e+02, 4.00259857e+02, 1.20354034e+02,
    3.93491119e+02, 1.37934814e+02, 3.87309174e+02, 1.55159378e+02,
    3.80861816e+02, 1.72555161e+02, 3.97050140e+02, 9.56052780e+01,
    3.90121765e+02, 1.14067696e+02, 3.83421753e+02, 1.31811981e+02,
    3.76873199e+02, 1.50026871e+02, 3.70340759e+02, 1.67684387e+02,
    3.86439972e+02, 8.81291962e+01, 3.79549561e+02, 1.07099968e+02,
    3.72426636e+02, 1.25849091e+02, 3.65787262e+02, 1.44200775e+02,
    3.58909058e+02, 1.62735672e+02, 3.75174835e+02, 8.01427078e+01,
    3.68259552e+02, 9.98463974e+01, 3.60889587e+02, 1.19161606e+02,
    3.53968872e+02, 1.38329163e+02, 3.47169830e+02, 1.57356949e+02,
    3.63003906e+02, 7.16705475e+01, 3.56258850e+02, 9.19349899e+01,
    3.48676300e+02, 1.12124115e+02, 3.41389008e+02, 1.31821243e+02,
    3.34341309e+02, 1.51617477e+02, 3.50294647e+02, 6.25443192e+01,
    3.43078125e+02, 8.37165146e+01, 3.35757172e+02, 1.04391731e+02,
    3.28268066e+02, 1.25060547e+02, 3.21066925e+02, 1.45663757e+02,
    3.36520020e+02, 5.26706047e+01, 3.29323578e+02, 7.47802429e+01,
    3.21892487e+02, 9.65328293e+01, 3.14339325e+02, 1.17746582e+02,
    3.06847382e+02, 1.39196335e+02 ]
