%YAML:1.0
---
points: [ 3.74496521e+02, 4.48649025e+01, 3.81942505e+02, 6.62135544e+01,
    3.89131836e+02, 8.76348953e+01, 3.96141663e+02, 1.08856529e+02,
    4.03242981e+02, 1.29754639e+02, 3.52907776e+02, 5.45354652e+01,
    3.60332184e+02, 7.59287872e+01, 3.67452026e+02, 9.65649719e+01,
    3.74531067e+02, 1.17286324e+02, 3.81223999e+02, 1.37434052e+02,
    3.32233826e+02, 6.44478073e+01, 3.39410919e+02, 8.52754364e+01,
    3.46692535e+02, 1.05342323e+02, 3.53401367e+02, 1.25457802e+02,
    3.60241547e+02, 1.45101593e+02, 3.12592896e+02, 7.39989090e+01,
    3.19885681e+02, 9.40073318e+01, 3.26772675e+02, 1.13736870e+02,
    3.33676910e+02, 1.33171295e+02, 3.40385437e+02, 1.52488342e+02,
    2.94032166e+02, 8.29867020e+01, 3.00809662e+02, 1.02565071e+02,
    3.07868744e+02, 1.21769615e+02, 3.14652496e+02, 1.40458740e+02,
    3.21450470e+02, 1.59275299e+02, 2.76105133e+02, 9.14035263e+01,
    2.83056793e+02, 1.10562202e+02, 2.89800110e+02, 1.29317703e+02,
    2.96706818e+02, 1.47522690e+02, 3.03352722e+02, 1.65807953e+02,
    2.59248657e+02, 9.94540176e+01, 2.66110443e+02, 1.18182289e+02,
    2.72909973e+02, 1.36350815e+02, 2.79678864e+02, 1.54303284e+02,
    2.86253815e+02, 1.71889130e+02 ]
