%YAML:1.0
---
points: [ 1.83647018e+02, 3.11986755e+02, 1.83858719e+02, 3.24909851e+02,
    1.83791412e+02, 3.38205078e+02, 1.83947433e+02, 3.51743134e+02,
    1.84026794e+02, 3.65828217e+02, 1.71406113e+02, 3.12261353e+02,
    1.71295532e+02, 3.25491455e+02, 1.71157486e+02, 3.38887299e+02,
    1.71092300e+02, 3.52746521e+02, 1.70821976e+02, 3.66910309e+02,
    1.58574524e+02, 3.12721741e+02, 1.58222885e+02, 3.26084503e+02,
    1.58028366e+02, 3.39645874e+02, 1.57666260e+02, 3.53598877e+02,
    1.57511444e+02, 3.68033966e+02, 1.45315445e+02, 3.13044586e+02,
    1.44985687e+02, 3.26632721e+02, 1.44462418e+02, 3.40524384e+02,
    1.44086594e+02, 3.54640137e+02, 1.43581589e+02, 3.69164185e+02,
    1.31973557e+02, 3.13608551e+02, 1.31316483e+02, 3.27331207e+02,
    1.30742294e+02, 3.41350922e+02, 1.30031067e+02, 3.55575226e+02,
    1.29655594e+02, 3.70366211e+02, 1.18113251e+02, 3.13792236e+02,
    1.17254150e+02, 3.27820496e+02, 1.16559021e+02, 3.41966492e+02,
    1.15816795e+02, 3.56472443e+02, 1.14846130e+02, 3.71360504e+02,
    1.03951172e+02, 3.14286530e+02, 1.02878265e+02, 3.28373901e+02,
    1.02059105e+02, 3.42501312e+02, 1.01154724e+02, 3.57221008e+02,
    1.00696823e+02, 3.72099548e+02 ]
