%YAML:1.0
---
points: [ 6.82413086e+02, 8.40162048e+02, 6.81220520e+02, 8.78550049e+02,
    6.79781494e+02, 9.17852295e+02, 6.78447388e+02, 9.58404602e+02,
    6.76908813e+02, 1.00005389e+03, 6.44892883e+02, 8.40854187e+02,
    6.43148254e+02, 8.80116760e+02, 6.41231812e+02, 9.19692017e+02,
    6.39215515e+02, 9.60810181e+02, 6.37340881e+02, 1.00301904e+03,
    6.06062073e+02, 8.41736328e+02, 6.03480469e+02, 8.81568665e+02,
    6.01166199e+02, 9.21930969e+02, 5.98537170e+02, 9.63534363e+02,
    5.96049683e+02, 1.00636340e+03, 5.65967224e+02, 8.42912598e+02,
    5.63263733e+02, 8.82838135e+02, 5.60220703e+02, 9.23909546e+02,
    5.57118042e+02, 9.66087646e+02, 5.54228638e+02, 1.00951801e+03,
    5.24641479e+02, 8.43780701e+02, 5.21461609e+02, 8.84398804e+02,
    5.17769165e+02, 9.26089539e+02, 5.13990051e+02, 9.68766235e+02,
    5.10533936e+02, 1.01289386e+03, 4.82368713e+02, 8.44625854e+02,
    4.78497101e+02, 8.85818054e+02, 4.74396667e+02, 9.28199280e+02,
    4.70227509e+02, 9.71476257e+02, 4.65775208e+02, 1.01645135e+03,
    4.39094574e+02, 8.45422913e+02, 4.34372833e+02, 8.87270142e+02,
    4.29668457e+02, 9.30103760e+02, 4.24803101e+02, 9.74278320e+02,
    4.20184174e+02, 1.01938794e+03 ]
