%YAML:1.0
---
points: [ 1.03265723e+03, 8.24599991e+01, 1.05480420e+03, 1.77900696e+02,
    1.07719800e+03, 2.71809753e+02, 1.09887402e+03, 3.64558655e+02,
    1.12060547e+03, 4.56691650e+02, 9.45300415e+02, 1.15813019e+02,
    9.68041748e+02, 2.08637543e+02, 9.90347046e+02, 2.99469299e+02,
    1.01171118e+03, 3.89010101e+02, 1.03337927e+03, 4.78241669e+02,
    8.63382568e+02, 1.47411255e+02, 8.86020447e+02, 2.37443680e+02,
    9.08122253e+02, 3.25496338e+02, 9.29325256e+02, 4.12339691e+02,
    9.50707397e+02, 4.98630524e+02, 7.86885925e+02, 1.77339920e+02,
    8.08785828e+02, 2.64103973e+02, 8.31455811e+02, 3.49444946e+02,
    8.52515625e+02, 4.33640839e+02, 8.73322876e+02, 5.17684387e+02,
    7.14414856e+02, 2.05303314e+02, 7.35204651e+02, 2.89362274e+02,
    7.57464905e+02, 3.72242554e+02, 7.78876221e+02, 4.54210480e+02,
    7.99334412e+02, 5.35569031e+02, 6.45543274e+02, 2.31303238e+02,
    6.66426758e+02, 3.13033020e+02, 6.87317566e+02, 3.93563507e+02,
    7.08674438e+02, 4.73443878e+02, 7.29171509e+02, 5.53101318e+02,
    5.80314697e+02, 2.55688721e+02, 6.00635071e+02, 3.35362152e+02,
    6.21039001e+02, 4.13714935e+02, 6.41792297e+02, 4.91607269e+02,
    6.62099915e+02, 5.69355408e+02 ]
