%YAML:1.0
---
points: [ 9.41602661e+02, 2.74704254e+02, 9.51756470e+02, 3.75859344e+02,
    9.61606262e+02, 4.77075104e+02, 9.71804260e+02, 5.79092041e+02,
    9.82064575e+02, 6.83021790e+02, 8.39403503e+02, 2.81743683e+02,
    8.49524597e+02, 3.84326630e+02, 8.59356445e+02, 4.86357788e+02,
    8.69044495e+02, 5.88927368e+02, 8.78659485e+02, 6.93633179e+02,
    7.34810425e+02, 2.89289764e+02, 7.44854492e+02, 3.92647644e+02,
    7.54499939e+02, 4.95950989e+02, 7.63575256e+02, 5.99474243e+02,
    7.72671936e+02, 7.05180969e+02, 6.29459351e+02, 2.97369995e+02,
    6.38623779e+02, 4.01099548e+02, 6.48371948e+02, 5.05285522e+02,
    6.56963379e+02, 6.09930054e+02, 6.65329468e+02, 7.16925110e+02,
    5.21651306e+02, 3.05201965e+02, 5.29535828e+02, 4.09517151e+02,
    5.38812622e+02, 5.14806396e+02, 5.47321228e+02, 6.20829895e+02,
    5.55080139e+02, 7.28580322e+02, 4.12450043e+02, 3.13237366e+02,
    4.19721680e+02, 4.18559723e+02, 4.27657654e+02, 5.24503662e+02,
    4.36029449e+02, 6.31739807e+02, 4.43609833e+02, 7.40706177e+02,
    3.02442261e+02, 3.21450592e+02, 3.08846802e+02, 4.27625824e+02,
    3.15765259e+02, 5.34365662e+02, 3.23299866e+02, 6.42635681e+02,
    3.30588684e+02, 7.52464355e+02 ]
