%YAML:1.0
---
points: [ 1.84084167e+02, 3.31451324e+02, 1.82110611e+02, 3.43159821e+02,
    1.80283539e+02, 3.54304474e+02, 1.78358002e+02, 3.65563019e+02,
    1.76820328e+02, 3.76495972e+02, 1.71562134e+02, 3.32377228e+02,
    1.69732986e+02, 3.43965179e+02, 1.67838806e+02, 3.55313293e+02,
    1.66194077e+02, 3.66602966e+02, 1.64277924e+02, 3.77448914e+02,
    1.58494431e+02, 3.33105804e+02, 1.56673676e+02, 3.44623444e+02,
    1.55040543e+02, 3.56205261e+02, 1.53230606e+02, 3.67646973e+02,
    1.51830017e+02, 3.78625916e+02, 1.45108780e+02, 3.33509583e+02,
    1.43631180e+02, 3.45519897e+02, 1.41744385e+02, 3.57053925e+02,
    1.40311996e+02, 3.68620392e+02, 1.38550446e+02, 3.79826660e+02,
    1.31430664e+02, 3.34302002e+02, 1.29702576e+02, 3.46456360e+02,
    1.28401459e+02, 3.58110168e+02, 1.26674553e+02, 3.69412170e+02,
    1.25622025e+02, 3.80865875e+02, 1.17363998e+02, 3.34632996e+02,
    1.15960892e+02, 3.47110779e+02, 1.14331436e+02, 3.58952179e+02,
    1.13224525e+02, 3.70432770e+02, 1.11587830e+02, 3.81881256e+02,
    1.02900253e+02, 3.35322754e+02, 1.01485512e+02, 3.47707092e+02,
    1.00463074e+02, 3.59798706e+02, 9.89272461e+01, 3.71590118e+02,
    9.84054871e+01, 3.82808014e+02 ]
