%YAML:1.0
---
points: [ 6.81148254e+02, 8.98270203e+02, 6.75408752e+02, 9.32633606e+02,
    6.69633301e+02, 9.65695374e+02, 6.64178894e+02, 9.99022949e+02,
    6.58616333e+02, 1.03210876e+03, 6.43043640e+02, 9.00448364e+02,
    6.37507263e+02, 9.34687744e+02, 6.31775635e+02, 9.68441284e+02,
    6.26387573e+02, 1.00200293e+03, 6.20962158e+02, 1.03497449e+03,
    6.03323608e+02, 9.02138306e+02, 5.97762512e+02, 9.36925293e+02,
    5.92399536e+02, 9.70934998e+02, 5.87253052e+02, 1.00507471e+03,
    5.81811890e+02, 1.03848560e+03, 5.62792603e+02, 9.03514038e+02,
    5.57685974e+02, 9.39075317e+02, 5.52414062e+02, 9.73486389e+02,
    5.47323425e+02, 1.00772070e+03, 5.42386658e+02, 1.04228516e+03,
    5.20902161e+02, 9.05147705e+02, 5.15685425e+02, 9.41415161e+02,
    5.10834625e+02, 9.76216187e+02, 5.05893158e+02, 1.01080750e+03,
    5.01099365e+02, 1.04538489e+03, 4.77533630e+02, 9.06655518e+02,
    4.72724548e+02, 9.43487183e+02, 4.68157532e+02, 9.79378113e+02,
    4.63634644e+02, 1.01409827e+03, 4.59109894e+02, 1.04935376e+03,
    4.33371155e+02, 9.08325317e+02, 4.28656433e+02, 9.45527344e+02,
    4.24244751e+02, 9.81887939e+02, 4.19974365e+02, 1.01766040e+03,
    4.15823853e+02, 1.05296338e+03 ]
