%YAML:1.0
---
points: [ 1.71983917e+02, 8.85400696e+01, 1.74393204e+02, 1.09282654e+02,
    1.77041855e+02, 1.29770905e+02, 1.79492432e+02, 1.49597015e+02,
    1.82004379e+02, 1.69162537e+02, 1.51575302e+02, 8.96209030e+01,
    1.54516312e+02, 1.10820694e+02, 1.57290863e+02, 1.30991638e+02,
    1.60082321e+02, 1.51175629e+02, 1.62656876e+02, 1.70334702e+02,
    1.31139465e+02, 9.13235703e+01, 1.34171951e+02, 1.12135719e+02,
    1.37209137e+02, 1.32657806e+02, 1.40032059e+02, 1.52437317e+02,
    1.42940567e+02, 1.72150040e+02, 1.10651863e+02, 9.27989273e+01,
    1.13944893e+02, 1.13751717e+02, 1.17144218e+02, 1.34112427e+02,
    1.20340073e+02, 1.54048523e+02, 1.23397110e+02, 1.73599136e+02,
    9.07291260e+01, 9.45850372e+01, 9.36598969e+01, 1.15233093e+02,
    9.71303177e+01, 1.35709549e+02, 1.00341782e+02, 1.55311951e+02,
    1.03566124e+02, 1.75221909e+02, 7.02701416e+01, 9.62042694e+01,
    7.35575790e+01, 1.17030289e+02, 7.68772888e+01, 1.37235733e+02,
    8.05357208e+01, 1.57132874e+02, 8.36534271e+01, 1.76724258e+02,
    5.03328056e+01, 9.81377563e+01, 5.37584534e+01, 1.18787918e+02,
    5.72415581e+01, 1.38716431e+02, 6.08109283e+01, 1.58891251e+02,
    6.43162689e+01, 1.78338821e+02 ]
