%YAML:1.0
---
points: [ 1.42645020e+02, 3.30692657e+02, 1.42422043e+02, 3.43041504e+02,
    1.42431686e+02, 3.54970428e+02, 1.42232651e+02, 3.67077484e+02,
    1.42525116e+02, 3.78727875e+02, 1.28021240e+02, 3.31775970e+02,
    1.28306885e+02, 3.44082550e+02, 1.28196793e+02, 3.56096527e+02,
    1.28556839e+02, 3.68095367e+02, 1.28419037e+02, 3.79603394e+02,
    1.13393738e+02, 3.32588440e+02, 1.13521324e+02, 3.45069885e+02,
    1.13838921e+02, 3.57226593e+02, 1.13983131e+02, 3.69014160e+02,
    1.14742477e+02, 3.80578033e+02, 9.85145798e+01, 3.33302307e+02,
    9.89259949e+01, 3.45992462e+02, 9.94389267e+01, 3.57921814e+02,
    1.00087296e+02, 3.69683807e+02, 1.00240517e+02, 3.81682220e+02,
    8.35912476e+01, 3.34069641e+02, 8.39562073e+01, 3.46811737e+02,
    8.49052429e+01, 3.58766479e+02, 8.52385330e+01, 3.70784393e+02,
    8.64469376e+01, 3.82284637e+02, 6.83368912e+01, 3.34614075e+02,
    6.92775726e+01, 3.47388916e+02, 6.98411331e+01, 3.59717194e+02,
    7.12642822e+01, 3.71326538e+02, 7.17573471e+01, 3.83173981e+02,
    5.33444214e+01, 3.35116760e+02, 5.43435097e+01, 3.47902710e+02,
    5.56078949e+01, 3.60107941e+02, 5.64016914e+01, 3.72210663e+02,
    5.82840500e+01, 3.83412781e+02 ]
