%YAML:1.0
---
points: [ 5.52409912e+02, 8.94726440e+02, 5.51878784e+02, 9.31840271e+02,
    5.51475342e+02, 9.67475281e+02, 5.51079224e+02, 1.00338153e+03,
    5.50683105e+02, 1.03870813e+03, 5.08457764e+02, 8.97598633e+02,
    5.08552521e+02, 9.34531250e+02, 5.08546661e+02, 9.70564758e+02,
    5.08581818e+02, 1.00641064e+03, 5.08686707e+02, 1.04165405e+03,
    4.63710999e+02, 9.00046936e+02, 4.64261932e+02, 9.37407654e+02,
    4.64685822e+02, 9.73536133e+02, 4.65111420e+02, 1.00959192e+03,
    4.65562714e+02, 1.04498889e+03, 4.18437256e+02, 9.02222595e+02,
    4.19273956e+02, 9.39935303e+02, 4.20317841e+02, 9.76297546e+02,
    4.21280182e+02, 1.01256427e+03, 4.22093384e+02, 1.04867761e+03,
    3.72272430e+02, 9.04301086e+02, 3.73221863e+02, 9.42748352e+02,
    3.74755646e+02, 9.79409546e+02, 3.76156799e+02, 1.01560370e+03,
    3.77439728e+02, 1.05170654e+03, 3.25378387e+02, 9.06477478e+02,
    3.27015320e+02, 9.44981995e+02, 3.28604034e+02, 9.82442322e+02,
    3.30571472e+02, 1.01890839e+03, 3.32464539e+02, 1.05535352e+03,
    2.77784912e+02, 9.08538635e+02, 2.79995605e+02, 9.47499878e+02,
    2.82074554e+02, 9.85361511e+02, 2.84443268e+02, 1.02244019e+03,
    2.86610352e+02, 1.05881860e+03 ]
