%YAML:1.0
---
points: [ 2.01592514e+02, 1.20742813e+02, 1.96823639e+02, 1.37976715e+02,
    1.91925598e+02, 1.54909988e+02, 1.87334946e+02, 1.71528961e+02,
    1.82563095e+02, 1.88433624e+02, 1.85995651e+02, 1.14566925e+02,
    1.80981232e+02, 1.32639236e+02, 1.76142883e+02, 1.49978302e+02,
    1.71307495e+02, 1.67398972e+02, 1.66502655e+02, 1.84555313e+02,
    1.68980988e+02, 1.08244377e+02, 1.63954651e+02, 1.26658531e+02,
    1.59041031e+02, 1.44921783e+02, 1.54240677e+02, 1.62864746e+02,
    1.49271133e+02, 1.80596619e+02, 1.51054245e+02, 1.01557220e+02,
    1.46004364e+02, 1.20613983e+02, 1.40873260e+02, 1.39185547e+02,
    1.36066589e+02, 1.57787430e+02, 1.30913666e+02, 1.76190430e+02,
    1.31959625e+02, 9.43997726e+01, 1.26926735e+02, 1.14002792e+02,
    1.21599571e+02, 1.33503296e+02, 1.16518921e+02, 1.52471680e+02,
    1.11479027e+02, 1.71677765e+02, 1.11751335e+02, 8.67202454e+01,
    1.06408195e+02, 1.07264778e+02, 1.01212318e+02, 1.27196587e+02,
    9.59736176e+01, 1.47115311e+02, 9.08789520e+01, 1.66821335e+02,
    9.04029236e+01, 7.90291748e+01, 8.50269318e+01, 9.99540634e+01,
    7.96276932e+01, 1.20834953e+02, 7.43628082e+01, 1.41239548e+02,
    6.90445099e+01, 1.61837357e+02 ]
