%YAML:1.0
---
points: [ 9.41325439e+02, 2.73991638e+02, 9.51432251e+02, 3.75275452e+02,
    9.61343994e+02, 4.76451691e+02, 9.71552795e+02, 5.78317566e+02,
    9.81775757e+02, 6.82367371e+02, 8.39149475e+02, 2.81280457e+02,
    8.49341858e+02, 3.83571899e+02, 8.59142700e+02, 4.85590210e+02,
    8.68749390e+02, 5.88276855e+02, 8.78476074e+02, 6.92988770e+02,
    7.34549500e+02, 2.88622070e+02, 7.44666931e+02, 3.92184570e+02,
    7.54333496e+02, 4.95105377e+02, 7.63423340e+02, 5.98725098e+02,
    7.72535828e+02, 7.04379883e+02, 6.29200989e+02, 2.96669952e+02,
    6.38479065e+02, 4.00473633e+02, 6.48186401e+02, 5.04542328e+02,
    6.56766235e+02, 6.09232666e+02, 6.65287781e+02, 7.16175293e+02,
    5.21497314e+02, 3.04639343e+02, 5.29517700e+02, 4.08884033e+02,
    5.38744812e+02, 5.14228516e+02, 5.47223816e+02, 6.20051392e+02,
    5.54975525e+02, 7.27924377e+02, 4.12259613e+02, 3.12578461e+02,
    4.19805084e+02, 4.18003967e+02, 4.27714447e+02, 5.23871521e+02,
    4.36036682e+02, 6.30947266e+02, 4.43666077e+02, 7.40047729e+02,
    3.02480164e+02, 3.20877625e+02, 3.08925110e+02, 4.27040833e+02,
    3.15966095e+02, 5.33694214e+02, 3.23382385e+02, 6.41804016e+02,
    3.30764587e+02, 7.51583801e+02 ]
