%YAML:1.0
---
points: [ 5.96846558e+02, 5.94058960e+02, 5.93099243e+02, 6.28175354e+02,
    5.89525269e+02, 6.61338257e+02, 5.85677673e+02, 6.94576965e+02,
    5.81707031e+02, 7.27586975e+02, 5.58902710e+02, 5.91943665e+02,
    5.55283813e+02, 6.26353821e+02, 5.51675293e+02, 6.59875732e+02,
    5.48167847e+02, 6.93450867e+02, 5.44492859e+02, 7.26710938e+02,
    5.19376831e+02, 5.89491882e+02, 5.16223450e+02, 6.24310608e+02,
    5.12677795e+02, 6.58476257e+02, 5.09346741e+02, 6.92450928e+02,
    5.05945831e+02, 7.25988037e+02, 4.79453156e+02, 5.86899536e+02,
    4.76123322e+02, 6.22417358e+02, 4.73116455e+02, 6.56717957e+02,
    4.69937012e+02, 6.91266907e+02, 4.66668060e+02, 7.25498169e+02,
    4.38182861e+02, 5.84331909e+02, 4.34743896e+02, 6.20204956e+02,
    4.32015045e+02, 6.55236084e+02, 4.29058594e+02, 6.90098450e+02,
    4.26238037e+02, 7.24639526e+02, 3.95607697e+02, 5.81380859e+02,
    3.92883118e+02, 6.18039124e+02, 3.90285736e+02, 6.53791687e+02,
    3.87459259e+02, 6.88842529e+02, 3.84826202e+02, 7.24133179e+02,
    3.52437439e+02, 5.78578308e+02, 3.49733032e+02, 6.15832092e+02,
    3.47502533e+02, 6.51982361e+02, 3.45018036e+02, 6.87785950e+02,
    3.42719940e+02, 7.23408386e+02 ]
