%YAML:1.0
---
points: [ 2.02492538e+02, 1.26519325e+02, 1.96792831e+02, 1.42862625e+02,
    1.90913483e+02, 1.59161667e+02, 1.85351761e+02, 1.75227814e+02,
    1.79435959e+02, 1.91318329e+02, 1.88639069e+02, 1.19609253e+02,
    1.82489517e+02, 1.36758362e+02, 1.76491196e+02, 1.53434723e+02,
    1.70554123e+02, 1.70228592e+02, 1.64606308e+02, 1.86768463e+02,
    1.73143646e+02, 1.12458153e+02, 1.67025772e+02, 1.30140076e+02,
    1.60715912e+02, 1.47533844e+02, 1.54775665e+02, 1.64830063e+02,
    1.48594269e+02, 1.82051376e+02, 1.56771011e+02, 1.04729820e+02,
    1.50343323e+02, 1.22977226e+02, 1.43912811e+02, 1.40808640e+02,
    1.37839005e+02, 1.59047943e+02, 1.31666183e+02, 1.77120407e+02,
    1.39039886e+02, 9.64038467e+01, 1.32772873e+02, 1.15310814e+02,
    1.26081589e+02, 1.34182693e+02, 1.19519745e+02, 1.52674271e+02,
    1.13036827e+02, 1.71419571e+02, 1.20272087e+02, 8.73959503e+01,
    1.13524567e+02, 1.07346519e+02, 1.06880592e+02, 1.26735413e+02,
    1.00069328e+02, 1.46096130e+02, 9.33075485e+01, 1.65475327e+02,
    1.00194962e+02, 7.82188492e+01, 9.33078842e+01, 9.86643753e+01,
    8.63991852e+01, 1.19037025e+02, 7.94292831e+01, 1.39061081e+02,
    7.24675674e+01, 1.59253143e+02 ]
