%YAML:1.0
---
points: [ 1.53222427e+02, 2.28898315e+02, 1.51924316e+02, 2.40372910e+02,
    1.50605743e+02, 2.51755951e+02, 1.49308792e+02, 2.62841217e+02,
    1.48185089e+02, 2.74159302e+02, 1.40663864e+02, 2.28267639e+02,
    1.39455948e+02, 2.40055038e+02, 1.38260925e+02, 2.51318085e+02,
    1.37098572e+02, 2.62788269e+02, 1.35861389e+02, 2.73840057e+02,
    1.27495155e+02, 2.27603455e+02, 1.26362282e+02, 2.39382935e+02,
    1.25236252e+02, 2.50911469e+02, 1.24106812e+02, 2.62548645e+02,
    1.23036446e+02, 2.73810059e+02, 1.14198853e+02, 2.26815140e+02,
    1.13285355e+02, 2.38944336e+02, 1.12231926e+02, 2.50528870e+02,
    1.11229332e+02, 2.62099731e+02, 1.10161034e+02, 2.73808228e+02,
    1.00716583e+02, 2.26114197e+02, 9.95955048e+01, 2.38328491e+02,
    9.87299194e+01, 2.50238922e+02, 9.78676453e+01, 2.61914093e+02,
    9.67950211e+01, 2.73626312e+02, 8.68132858e+01, 2.25327408e+02,
    8.58734512e+01, 2.37837036e+02, 8.49972839e+01, 2.49927856e+02,
    8.41526031e+01, 2.61654449e+02, 8.32970428e+01, 2.73624908e+02,
    7.26138611e+01, 2.24494278e+02, 7.17827301e+01, 2.37149643e+02,
    7.09935760e+01, 2.49325317e+02, 7.03794708e+01, 2.61657745e+02,
    6.96088791e+01, 2.73483307e+02 ]
