%YAML:1.0
---
points: [ 8.57551147e+02, 5.08661407e+02, 8.45294373e+02, 5.78136536e+02,
    8.32132874e+02, 6.48685791e+02, 8.19082092e+02, 7.20967773e+02,
    8.05563843e+02, 7.95580322e+02, 8.02691528e+02, 4.91393799e+02,
    7.88454163e+02, 5.64322083e+02, 7.74015564e+02, 6.38082153e+02,
    7.59428284e+02, 7.13631348e+02, 7.44072937e+02, 7.91774353e+02,
    7.40726135e+02, 4.71986755e+02, 7.25181702e+02, 5.48634766e+02,
    7.09000061e+02, 6.26137634e+02, 6.93004028e+02, 7.05877808e+02,
    6.75749512e+02, 7.88046265e+02, 6.71879944e+02, 4.50671692e+02,
    6.55353455e+02, 5.31252686e+02, 6.37199829e+02, 6.12987854e+02,
    6.19014893e+02, 6.96893738e+02, 6.00902649e+02, 7.83846252e+02,
    5.94628296e+02, 4.26780548e+02, 5.76542969e+02, 5.11741974e+02,
    5.56352234e+02, 5.98164001e+02, 5.36110291e+02, 6.87076050e+02,
    5.15394897e+02, 7.78770508e+02, 5.08482788e+02, 3.99675110e+02,
    4.87995758e+02, 4.89867920e+02, 4.66456085e+02, 5.81559998e+02,
    4.43585388e+02, 6.75948425e+02, 4.20560089e+02, 7.73549988e+02,
    4.12074310e+02, 3.69563019e+02, 3.88718506e+02, 4.65275848e+02,
    3.64832703e+02, 5.62747253e+02, 3.39549469e+02, 6.63172729e+02,
    3.13783783e+02, 7.66757263e+02 ]
