%YAML:1.0
---
points: [ 2.00286133e+02, 1.09547821e+02, 2.00993896e+02, 1.23508270e+02,
    2.01334915e+02, 1.37966751e+02, 2.02044662e+02, 1.52678909e+02,
    2.02517609e+02, 1.68192963e+02, 1.87846909e+02, 1.01628159e+02,
    1.87963776e+02, 1.16269547e+02, 1.88237747e+02, 1.31026520e+02,
    1.88362793e+02, 1.46243774e+02, 1.88639679e+02, 1.62098221e+02,
    1.73946945e+02, 9.35728683e+01, 1.73738113e+02, 1.08278763e+02,
    1.73584366e+02, 1.23661385e+02, 1.73930588e+02, 1.39270950e+02,
    1.73735840e+02, 1.55882843e+02, 1.59113693e+02, 8.47573395e+01,
    1.58800552e+02, 9.99498978e+01, 1.58210709e+02, 1.15710274e+02,
    1.57915649e+02, 1.31888290e+02, 1.57937637e+02, 1.48865311e+02,
    1.43094376e+02, 7.56352997e+01, 1.42640060e+02, 9.08022385e+01,
    1.41578766e+02, 1.07041206e+02, 1.40816406e+02, 1.23816566e+02,
    1.40136856e+02, 1.41236618e+02, 1.25977661e+02, 6.55887527e+01,
    1.25014511e+02, 8.12660065e+01, 1.23774696e+02, 9.76163864e+01,
    1.22532692e+02, 1.14949715e+02, 1.21383110e+02, 1.33019485e+02,
    1.07851807e+02, 5.50497551e+01, 1.06389328e+02, 7.10200806e+01,
    1.04713341e+02, 8.77290955e+01, 1.02957512e+02, 1.05293770e+02,
    1.01065292e+02, 1.24065536e+02 ]
