%YAML:1.0
---
points: [ 5.50204834e+02, 5.76025452e+02, 5.55386414e+02, 6.12038818e+02,
    5.60645264e+02, 6.46760620e+02, 5.65681885e+02, 6.81552063e+02,
    5.70540039e+02, 7.16026184e+02, 5.12106995e+02, 5.78684875e+02,
    5.17828674e+02, 6.14498291e+02, 5.23448181e+02, 6.49484985e+02,
    5.28683167e+02, 6.84168640e+02, 5.34123901e+02, 7.18445129e+02,
    4.73796082e+02, 5.81311646e+02, 4.80131561e+02, 6.17285767e+02,
    4.85866821e+02, 6.51991638e+02, 4.91471130e+02, 6.86883972e+02,
    4.97085297e+02, 7.21206055e+02, 4.35919159e+02, 5.83708191e+02,
    4.42244995e+02, 6.19732666e+02, 4.48651489e+02, 6.54630371e+02,
    4.54495209e+02, 6.89350342e+02, 4.60248932e+02, 7.23894409e+02,
    3.97853912e+02, 5.86332397e+02, 4.03964050e+02, 6.22459961e+02,
    4.10761047e+02, 6.57341858e+02, 4.17266296e+02, 6.91974304e+02,
    4.23238220e+02, 7.26487549e+02, 3.59777130e+02, 5.88559204e+02,
    3.66335419e+02, 6.24811523e+02, 3.72947876e+02, 6.60247864e+02,
    3.79750854e+02, 6.94716370e+02, 3.86194672e+02, 7.29291687e+02,
    3.21819977e+02, 5.91267151e+02, 3.28535522e+02, 6.27527710e+02,
    3.35342621e+02, 6.62673828e+02, 3.42405121e+02, 6.97474121e+02,
    3.49186951e+02, 7.31922485e+02 ]
