%YAML:1.0
---
points: [ 1.38458344e+02, 2.22966949e+02, 1.40117126e+02, 2.35101501e+02,
    1.41806595e+02, 2.46810577e+02, 1.43534393e+02, 2.58611755e+02,
    1.45153900e+02, 2.70250885e+02, 1.25487076e+02, 2.24046432e+02,
    1.27579399e+02, 2.36144196e+02, 1.29369019e+02, 2.47810074e+02,
    1.31235046e+02, 2.59473633e+02, 1.32926224e+02, 2.71140900e+02,
    1.12629822e+02, 2.24970474e+02, 1.14602013e+02, 2.37070312e+02,
    1.16704926e+02, 2.49008560e+02, 1.18571419e+02, 2.60723114e+02,
    1.20466820e+02, 2.72232117e+02, 9.98421173e+01, 2.26010010e+02,
    1.01979584e+02, 2.38196579e+02, 1.04141396e+02, 2.49900085e+02,
    1.06138443e+02, 2.61705780e+02, 1.08169334e+02, 2.73372009e+02,
    8.72535095e+01, 2.26985687e+02, 8.93025513e+01, 2.39208145e+02,
    9.15976410e+01, 2.50926758e+02, 9.37930832e+01, 2.62660400e+02,
    9.57761230e+01, 2.74260864e+02, 7.45715485e+01, 2.27927673e+02,
    7.67189026e+01, 2.40173370e+02, 7.89448318e+01, 2.52130524e+02,
    8.11545410e+01, 2.63660431e+02, 8.34269714e+01, 2.75370544e+02,
    6.18751144e+01, 2.28925201e+02, 6.41870804e+01, 2.41141144e+02,
    6.64513321e+01, 2.52997665e+02, 6.87787857e+01, 2.64697723e+02,
    7.11569824e+01, 2.76304443e+02 ]
