%YAML:1.0
---
points: [ 1.34558337e+03, 3.45979065e+02, 1.36832874e+03, 4.31903198e+02,
    1.39091003e+03, 5.18379456e+02, 1.41447681e+03, 6.06069153e+02,
    1.43846521e+03, 6.95475342e+02, 1.25553125e+03, 3.71553833e+02,
    1.27707764e+03, 4.55452515e+02, 1.29879785e+03, 5.39501648e+02,
    1.32090381e+03, 6.24597473e+02, 1.34379602e+03, 7.11837708e+02,
    1.16997046e+03, 3.96084656e+02, 1.19044604e+03, 4.77773804e+02,
    1.21121545e+03, 5.59660767e+02, 1.23225330e+03, 6.42838989e+02,
    1.25375391e+03, 7.27580688e+02, 1.08984729e+03, 4.19106079e+02,
    1.10890552e+03, 4.98657257e+02, 1.12886658e+03, 5.78579712e+02,
    1.14875439e+03, 6.59536072e+02, 1.16939612e+03, 7.42488037e+02,
    1.01300098e+03, 4.41018127e+02, 1.03124866e+03, 5.18697266e+02,
    1.05017456e+03, 5.96839294e+02, 1.06933923e+03, 6.75790405e+02,
    1.08841309e+03, 7.56517883e+02, 9.40151123e+02, 4.61563660e+02,
    9.57674377e+02, 5.37679382e+02, 9.75415344e+02, 6.14050049e+02,
    9.93721436e+02, 6.91535828e+02, 1.01215558e+03, 7.70673462e+02,
    8.70600220e+02, 4.81212341e+02, 8.87394104e+02, 5.55634949e+02,
    9.04312744e+02, 6.30496826e+02, 9.21801086e+02, 7.06462463e+02,
    9.39104004e+02, 7.83855713e+02 ]
