%YAML:1.0
---
points: [ 7.79470642e+02, 4.33991791e+02, 7.97527832e+02, 5.14278381e+02,
    8.16340759e+02, 5.94607727e+02, 8.34298279e+02, 6.76337708e+02,
    8.53150696e+02, 7.59681152e+02, 7.07449463e+02, 4.55424408e+02,
    7.25761597e+02, 5.34269348e+02, 7.43778076e+02, 6.13104187e+02,
    7.61305176e+02, 6.92933899e+02, 7.79370117e+02, 7.74570496e+02,
    6.38632141e+02, 4.76155701e+02, 6.56322021e+02, 5.53519653e+02,
    6.73775024e+02, 6.30792236e+02, 6.90424988e+02, 7.09500305e+02,
    7.07690796e+02, 7.89475525e+02, 5.73549805e+02, 4.95956421e+02,
    5.89667908e+02, 5.71781738e+02, 6.07189026e+02, 6.47809937e+02,
    6.23093689e+02, 7.24824524e+02, 6.39044800e+02, 8.03640625e+02,
    5.10324249e+02, 5.15187195e+02, 5.24982239e+02, 5.89735413e+02,
    5.41806824e+02, 6.64577148e+02, 5.57675598e+02, 7.40177551e+02,
    5.73225403e+02, 8.17306885e+02, 4.49403046e+02, 5.33428528e+02,
    4.64155487e+02, 6.06792236e+02, 4.79148560e+02, 6.80381409e+02,
    4.94662354e+02, 7.54706055e+02, 5.09665314e+02, 8.30459534e+02,
    3.90940979e+02, 5.50870544e+02, 4.04883453e+02, 6.23124878e+02,
    4.19058594e+02, 6.95551636e+02, 4.33739868e+02, 7.68529541e+02,
    4.48650055e+02, 8.42862122e+02 ]
