%YAML:1.0
---
points: [ 1.58228745e+02, 2.31744446e+02, 1.55472015e+02, 2.43034927e+02,
    1.52742249e+02, 2.53840820e+02, 1.50166656e+02, 2.64706299e+02,
    1.47484833e+02, 2.75643036e+02, 1.46594116e+02, 2.30445221e+02,
    1.43757553e+02, 2.41872665e+02, 1.41206161e+02, 2.52775406e+02,
    1.38619186e+02, 2.64067596e+02, 1.35921616e+02, 2.74945374e+02,
    1.34520248e+02, 2.29099716e+02, 1.31720657e+02, 2.40556793e+02,
    1.29009552e+02, 2.51881302e+02, 1.26396744e+02, 2.63098663e+02,
    1.23725876e+02, 2.74351562e+02, 1.21908058e+02, 2.27505600e+02,
    1.19294762e+02, 2.39299774e+02, 1.16536865e+02, 2.50818604e+02,
    1.13960846e+02, 2.62179901e+02, 1.11267357e+02, 2.73726135e+02,
    1.08873184e+02, 2.26050537e+02, 1.06181702e+02, 2.37836761e+02,
    1.03497322e+02, 2.49826660e+02, 1.00964714e+02, 2.61448486e+02,
    9.82902679e+01, 2.73169891e+02, 9.53319321e+01, 2.24287033e+02,
    9.28258057e+01, 2.36601364e+02, 9.01342392e+01, 2.48666336e+02,
    8.74236908e+01, 2.60529388e+02, 8.49828339e+01, 2.72356232e+02,
    8.15015564e+01, 2.22591125e+02, 7.88995056e+01, 2.35274948e+02,
    7.63510742e+01, 2.47349884e+02, 7.38524094e+01, 2.59652344e+02,
    7.13828506e+01, 2.71623108e+02 ]
