%YAML:1.0
---
points: [ 6.13227112e+02, 6.02848816e+02, 6.05243774e+02, 6.35640503e+02,
    5.96883057e+02, 6.67744080e+02, 5.88883850e+02, 7.00121460e+02,
    5.80748108e+02, 7.32377197e+02, 5.77965454e+02, 5.98560059e+02,
    5.69665344e+02, 6.31998047e+02, 5.61494568e+02, 6.64655701e+02,
    5.53503967e+02, 6.97374084e+02, 5.45334106e+02, 7.29867859e+02,
    5.40822571e+02, 5.94004639e+02, 5.32581726e+02, 6.27913696e+02,
    5.24320129e+02, 6.61243591e+02, 5.16517090e+02, 6.94628296e+02,
    5.08133209e+02, 7.27669373e+02, 5.02501099e+02, 5.89058411e+02,
    4.94510437e+02, 6.23684570e+02, 4.86348816e+02, 6.57562744e+02,
    4.78173523e+02, 6.91577087e+02, 4.70300110e+02, 7.25527100e+02,
    4.62655304e+02, 5.83945068e+02, 4.54558258e+02, 6.19446350e+02,
    4.46352356e+02, 6.54084534e+02, 4.38389954e+02, 6.88359863e+02,
    4.30202911e+02, 7.23044189e+02, 4.21365387e+02, 5.78532043e+02,
    4.13222137e+02, 6.14668457e+02, 4.05373047e+02, 6.50333862e+02,
    3.97224884e+02, 6.85470703e+02, 3.89415710e+02, 7.20658081e+02,
    3.78632416e+02, 5.73170959e+02, 3.70595123e+02, 6.10098083e+02,
    3.62752441e+02, 6.46406128e+02, 3.54798615e+02, 6.82314941e+02,
    3.47026031e+02, 7.18241333e+02 ]
