%YAML:1.0
---
points: [ 1.87080551e+02, 9.14431152e+01, 1.87118927e+02, 1.09510437e+02,
    1.86867020e+02, 1.27862801e+02, 1.86673630e+02, 1.46107544e+02,
    1.86676147e+02, 1.64963669e+02, 1.67842148e+02, 8.87641525e+01,
    1.67472641e+02, 1.07431488e+02, 1.67377274e+02, 1.25894043e+02,
    1.67102249e+02, 1.44846817e+02, 1.66733688e+02, 1.63778000e+02,
    1.47905960e+02, 8.66413879e+01, 1.47452911e+02, 1.05367348e+02,
    1.46984848e+02, 1.24214668e+02, 1.46596268e+02, 1.43151855e+02,
    1.46086288e+02, 1.62605865e+02, 1.27311050e+02, 8.43514099e+01,
    1.26836723e+02, 1.03186363e+02, 1.26314064e+02, 1.22366226e+02,
    1.25656898e+02, 1.41703751e+02, 1.25100166e+02, 1.61353455e+02,
    1.06527962e+02, 8.22643890e+01, 1.05650963e+02, 1.01018974e+02,
    1.04828674e+02, 1.20708450e+02, 1.04124420e+02, 1.40016357e+02,
    1.03199638e+02, 1.60146103e+02, 8.52061615e+01, 8.00600052e+01,
    8.40613632e+01, 9.93038406e+01, 8.29400482e+01, 1.18592903e+02,
    8.18634491e+01, 1.38567703e+02, 8.07024994e+01, 1.58721909e+02,
    6.35471230e+01, 7.78933258e+01, 6.20875092e+01, 9.73130798e+01,
    6.07834625e+01, 1.16869034e+02, 5.92310333e+01, 1.36878983e+02,
    5.79421005e+01, 1.57468170e+02 ]
