%YAML:1.0
---
points: [ 6.72641846e+02, 6.68596741e+02, 6.57795959e+02, 7.19383301e+02,
    6.41928284e+02, 7.71075806e+02, 6.26374023e+02, 8.23995667e+02,
    6.10164551e+02, 8.78521301e+02, 6.36846252e+02, 6.58658508e+02,
    6.20171387e+02, 7.11490540e+02, 6.03348267e+02, 7.65028137e+02,
    5.86314087e+02, 8.19876709e+02, 5.68700256e+02, 8.76543030e+02,
    5.96630798e+02, 6.47462952e+02, 5.78737854e+02, 7.02428162e+02,
    5.60516907e+02, 7.58361511e+02, 5.42585999e+02, 8.15763611e+02,
    5.23417358e+02, 8.74804565e+02, 5.52709167e+02, 6.35338684e+02,
    5.34222534e+02, 6.92669922e+02, 5.14336670e+02, 7.50788269e+02,
    4.94592712e+02, 8.11030884e+02, 4.74956451e+02, 8.72746826e+02,
    5.04432343e+02, 6.21903198e+02, 4.84834045e+02, 6.81872437e+02,
    4.63369598e+02, 7.42956970e+02, 4.41937256e+02, 8.05573914e+02,
    4.20413666e+02, 8.70427185e+02, 4.51589813e+02, 6.07179810e+02,
    4.30198456e+02, 6.70125916e+02, 4.08067078e+02, 7.34214783e+02,
    3.84682556e+02, 7.99823364e+02, 3.61590027e+02, 8.67749756e+02,
    3.93904022e+02, 5.90782776e+02, 3.70776337e+02, 6.56790955e+02,
    3.46873169e+02, 7.24301392e+02, 3.22156128e+02, 7.93400635e+02,
    2.96929962e+02, 8.64715698e+02 ]
