%YAML:1.0
---
points: [ 1.23147346e+02, 5.91878929e+01, 1.26960022e+02, 7.77865219e+01,
    1.31324387e+02, 9.69551315e+01, 1.35747711e+02, 1.16627846e+02,
    1.40074554e+02, 1.36680878e+02, 1.09477501e+02, 6.93974380e+01,
    1.13426994e+02, 8.77434006e+01, 1.17482109e+02, 1.06358284e+02,
    1.21518349e+02, 1.25684578e+02, 1.25710739e+02, 1.45205643e+02,
    9.66372375e+01, 7.93914948e+01, 1.00624321e+02, 9.73602524e+01,
    1.04350967e+02, 1.15637947e+02, 1.07995110e+02, 1.34321808e+02,
    1.12180344e+02, 1.53543686e+02, 8.50911789e+01, 8.86788254e+01,
    8.82023392e+01, 1.06244080e+02, 9.21742859e+01, 1.24196190e+02,
    9.55320587e+01, 1.42495148e+02, 9.90768356e+01, 1.61210114e+02,
    7.39886246e+01, 9.77669754e+01, 7.66720886e+01, 1.14881363e+02,
    8.01907196e+01, 1.32439774e+02, 8.35132751e+01, 1.50326736e+02,
    8.70916290e+01, 1.68554993e+02, 6.33298302e+01, 1.06307281e+02,
    6.58524857e+01, 1.23106323e+02, 6.89636841e+01, 1.40120728e+02,
    7.21731110e+01, 1.57549271e+02, 7.52938309e+01, 1.75619507e+02,
    5.31950874e+01, 1.14309402e+02, 5.56676674e+01, 1.30940948e+02,
    5.81216888e+01, 1.47505325e+02, 6.11117439e+01, 1.64710175e+02,
    6.41146851e+01, 1.82105957e+02 ]
