%YAML:1.0
---
points: [ 8.53643066e+02, 5.91857788e+02, 8.45731567e+02, 6.24450989e+02,
    8.37858093e+02, 6.56349426e+02, 8.30173035e+02, 6.88369446e+02,
    8.22389832e+02, 7.20345276e+02, 8.22669678e+02, 5.88140320e+02,
    8.14468628e+02, 6.21329224e+02, 8.06542480e+02, 6.53651733e+02,
    7.98636902e+02, 6.86245544e+02, 7.90838379e+02, 7.18408447e+02,
    7.90119812e+02, 5.84265503e+02, 7.81760803e+02, 6.17786255e+02,
    7.74050964e+02, 6.50713684e+02, 7.66163086e+02, 6.83912231e+02,
    7.58166992e+02, 7.16797974e+02, 7.56284058e+02, 5.80032898e+02,
    7.48487793e+02, 6.14325195e+02, 7.40299072e+02, 6.47789978e+02,
    7.32522400e+02, 6.81434387e+02, 7.24634399e+02, 7.15144409e+02,
    7.21237427e+02, 5.75572144e+02, 7.13396118e+02, 6.10678894e+02,
    7.05337402e+02, 6.44878296e+02, 6.97311890e+02, 6.78830261e+02,
    6.89520325e+02, 7.13158691e+02, 6.84789673e+02, 5.70974304e+02,
    6.76846680e+02, 6.06814270e+02, 6.69319092e+02, 6.41966125e+02,
    6.61151306e+02, 6.76558411e+02, 6.53479187e+02, 7.11573181e+02,
    6.47433655e+02, 5.66373291e+02, 6.39487671e+02, 6.02858459e+02,
    6.31830200e+02, 6.38770325e+02, 6.23849060e+02, 6.74306213e+02,
    6.16254089e+02, 7.09591248e+02 ]
