%YAML:1.0
---
points: [ 2.39351532e+02, 2.27050568e+02, 2.36732590e+02, 2.37956757e+02,
    2.34052429e+02, 2.49038040e+02, 2.31539764e+02, 2.59769775e+02,
    2.28965454e+02, 2.70770203e+02, 2.29219116e+02, 2.25844543e+02,
    2.26441986e+02, 2.37193237e+02, 2.23892822e+02, 2.48062408e+02,
    2.21333099e+02, 2.59260376e+02, 2.18724503e+02, 2.70240204e+02,
    2.18476013e+02, 2.24577255e+02, 2.15780640e+02, 2.36107391e+02,
    2.13124985e+02, 2.47360748e+02, 2.10580826e+02, 2.58539337e+02,
    2.07849655e+02, 2.69687042e+02, 2.07347565e+02, 2.23209595e+02,
    2.04897949e+02, 2.35081284e+02, 2.02141800e+02, 2.46426636e+02,
    1.99400879e+02, 2.57901367e+02, 1.96813217e+02, 2.69284393e+02,
    1.95993607e+02, 2.21932846e+02, 1.93311066e+02, 2.33947205e+02,
    1.90556366e+02, 2.45721130e+02, 1.87980865e+02, 2.57220154e+02,
    1.85408218e+02, 2.68794342e+02, 1.84032379e+02, 2.20558105e+02,
    1.81363632e+02, 2.32782654e+02, 1.78746964e+02, 2.44729034e+02,
    1.76128510e+02, 2.56506775e+02, 1.73589752e+02, 2.68235901e+02,
    1.71523895e+02, 2.19246811e+02, 1.69141785e+02, 2.31615875e+02,
    1.66443405e+02, 2.43936020e+02, 1.63923630e+02, 2.55748886e+02,
    1.61220657e+02, 2.67857574e+02 ]
