%YAML:1.0
---
points: [ 7.76504761e+02, 5.58424866e+02, 7.85652771e+02, 5.94071472e+02,
    7.94900635e+02, 6.28770142e+02, 8.03644836e+02, 6.63540283e+02,
    8.12482422e+02, 6.97757812e+02, 7.41626953e+02, 5.64675659e+02,
    7.51364868e+02, 5.99839111e+02, 7.60583130e+02, 6.34404175e+02,
    7.69772400e+02, 6.68729736e+02, 7.78800720e+02, 7.02592102e+02,
    7.07348450e+02, 5.70701233e+02, 7.17232788e+02, 6.05621399e+02,
    7.26735596e+02, 6.39852661e+02, 7.35857727e+02, 6.74024353e+02,
    7.45241760e+02, 7.07702637e+02, 6.73765625e+02, 5.76496765e+02,
    6.83556946e+02, 6.11486755e+02, 6.93494751e+02, 6.45329651e+02,
    7.02825623e+02, 6.79033569e+02, 7.12144348e+02, 7.12718811e+02,
    6.40470337e+02, 5.82397461e+02, 6.50153076e+02, 6.17343750e+02,
    6.60278992e+02, 6.50667053e+02, 6.69949707e+02, 6.84164307e+02,
    6.79448120e+02, 7.17572388e+02, 6.07500244e+02, 5.88049011e+02,
    6.17488037e+02, 6.22678589e+02, 6.27436890e+02, 6.56251709e+02,
    6.37414917e+02, 6.89355835e+02, 6.47139771e+02, 7.22505859e+02,
    5.75066101e+02, 5.93707336e+02, 5.85326782e+02, 6.28206360e+02,
    5.95150513e+02, 6.61485596e+02, 6.05250427e+02, 6.94508423e+02,
    6.15040466e+02, 7.27405945e+02 ]
