%YAML:1.0
---
points: [ 1.68863724e+02, 6.26595650e+01, 1.69071579e+02, 7.76208191e+01,
    1.69296677e+02, 9.33468857e+01, 1.69466171e+02, 1.09547379e+02,
    1.69917923e+02, 1.26856506e+02, 1.49420303e+02, 6.46350784e+01,
    1.49027405e+02, 8.00296326e+01, 1.48993378e+02, 9.56130829e+01,
    1.48738129e+02, 1.12249458e+02, 1.48622955e+02, 1.29387833e+02,
    1.29858124e+02, 6.69905853e+01, 1.29483551e+02, 8.24297180e+01,
    1.28764099e+02, 9.81786118e+01, 1.27821564e+02, 1.14525536e+02,
    1.27137550e+02, 1.31976028e+02, 1.10770599e+02, 6.96612167e+01,
    1.09511093e+02, 8.46627884e+01, 1.08706985e+02, 1.00868332e+02,
    1.07317238e+02, 1.17003075e+02, 1.05956848e+02, 1.34432968e+02,
    9.17057266e+01, 7.24556885e+01, 8.98493118e+01, 8.71307983e+01,
    8.84026794e+01, 1.03152245e+02, 8.69203186e+01, 1.20045876e+02,
    8.47141190e+01, 1.37145096e+02, 7.30267792e+01, 7.52710114e+01,
    7.05542221e+01, 9.00060730e+01, 6.81800385e+01, 1.05662971e+02,
    6.61030502e+01, 1.22412537e+02, 6.36459999e+01, 1.39570633e+02,
    5.43368874e+01, 7.79044037e+01, 5.15691681e+01, 9.27192688e+01,
    4.87677002e+01, 1.08217331e+02, 4.60980110e+01, 1.24805397e+02,
    4.31766930e+01, 1.42093597e+02 ]
