%YAML:1.0
---
points: [ 9.71810242e+02, 6.89359497e+02, 9.80353027e+02, 7.34073486e+02,
    9.88755371e+02, 7.78708435e+02, 9.97263428e+02, 8.24054016e+02,
    1.00601276e+03, 8.70013855e+02, 9.28914246e+02, 6.96958069e+02,
    9.37458130e+02, 7.41244385e+02, 9.45644775e+02, 7.85651611e+02,
    9.53937805e+02, 8.30424377e+02, 9.62490112e+02, 8.75959290e+02,
    8.86563110e+02, 7.04386475e+02, 8.94960571e+02, 7.48495605e+02,
    9.02872925e+02, 7.92413330e+02, 9.11170227e+02, 8.37143860e+02,
    9.19286865e+02, 8.82129150e+02, 8.45226990e+02, 7.11770996e+02,
    8.53225342e+02, 7.55430664e+02, 8.61225342e+02, 7.99170410e+02,
    8.69203613e+02, 8.43409302e+02, 8.76870117e+02, 8.88412109e+02,
    8.04288818e+02, 7.18861145e+02, 8.11582825e+02, 7.62553345e+02,
    8.19525696e+02, 8.06064026e+02, 8.27358765e+02, 8.49802063e+02,
    8.34792114e+02, 8.94433716e+02, 7.63716553e+02, 7.26105103e+02,
    7.70923035e+02, 7.69560913e+02, 7.78498291e+02, 8.12746094e+02,
    7.86045105e+02, 8.56243652e+02, 7.93647766e+02, 9.00679932e+02,
    7.23582214e+02, 7.33410095e+02, 7.30796021e+02, 7.76367249e+02,
    7.38071533e+02, 8.19307617e+02, 7.45373596e+02, 8.62719421e+02,
    7.52932312e+02, 9.06793945e+02 ]
