%YAML:1.0
---
points: [ 2.15027832e+02, 2.15963104e+02, 2.18193604e+02, 2.27986725e+02,
    2.21240112e+02, 2.39775864e+02, 2.24240677e+02, 2.51508347e+02,
    2.27291000e+02, 2.63100983e+02, 2.03117996e+02, 2.18157394e+02,
    2.06380386e+02, 2.30147293e+02, 2.09584396e+02, 2.41745056e+02,
    2.12736710e+02, 2.53403992e+02, 2.15768417e+02, 2.64790039e+02,
    1.91321442e+02, 2.20374969e+02, 1.94665009e+02, 2.32318512e+02,
    1.97944534e+02, 2.43801025e+02, 2.01037079e+02, 2.55343811e+02,
    2.04121078e+02, 2.66662048e+02, 1.79844513e+02, 2.22591705e+02,
    1.83282715e+02, 2.34358887e+02, 1.86665054e+02, 2.45766098e+02,
    1.89728546e+02, 2.57169250e+02, 1.92854736e+02, 2.68542297e+02,
    1.68601700e+02, 2.24708221e+02, 1.71745743e+02, 2.36443848e+02,
    1.75212860e+02, 2.47790543e+02, 1.78432480e+02, 2.58908386e+02,
    1.81658249e+02, 2.70452972e+02, 1.57308929e+02, 2.26830521e+02,
    1.60604263e+02, 2.38433105e+02, 1.63995117e+02, 2.49791504e+02,
    1.67356339e+02, 2.60903229e+02, 1.70646423e+02, 2.72078156e+02,
    1.46163071e+02, 2.28820206e+02, 1.49566833e+02, 2.40363632e+02,
    1.52937149e+02, 2.51744156e+02, 1.56253738e+02, 2.62826447e+02,
    1.59592926e+02, 2.73773468e+02 ]
