%YAML:1.0
---
points: [ 3.16996185e+02, 2.19248428e+02, 3.17227783e+02, 2.30850647e+02,
    3.17489044e+02, 2.42111679e+02, 3.17833954e+02, 2.53293549e+02,
    3.18049774e+02, 2.64624969e+02, 3.05005463e+02, 2.20028992e+02,
    3.05396790e+02, 2.31703934e+02, 3.05842377e+02, 2.42971619e+02,
    3.06201416e+02, 2.54192459e+02, 3.06694214e+02, 2.65285675e+02,
    2.93165344e+02, 2.20845016e+02, 2.93445587e+02, 2.32462494e+02,
    2.94020660e+02, 2.43766678e+02, 2.94390900e+02, 2.55090866e+02,
    2.94818939e+02, 2.66256683e+02, 2.81096924e+02, 2.21639450e+02,
    2.81736603e+02, 2.33332504e+02, 2.82249786e+02, 2.44669098e+02,
    2.82764984e+02, 2.55921097e+02, 2.83276825e+02, 2.67115448e+02,
    2.69289062e+02, 2.22587936e+02, 2.69764984e+02, 2.34196701e+02,
    2.70285431e+02, 2.45607040e+02, 2.70919617e+02, 2.56678192e+02,
    2.71553864e+02, 2.67939697e+02, 2.57113068e+02, 2.23377701e+02,
    2.57892578e+02, 2.35077332e+02, 2.58537537e+02, 2.46475937e+02,
    2.59244476e+02, 2.57681183e+02, 2.59890625e+02, 2.68857727e+02,
    2.45194443e+02, 2.24164627e+02, 2.45974442e+02, 2.35943710e+02,
    2.46727173e+02, 2.47404816e+02, 2.47424973e+02, 2.58666962e+02,
    2.48251877e+02, 2.69798889e+02 ]
