%YAML:1.0
---
points: [ 1.35251831e+03, 7.08321289e+02, 1.36818738e+03, 7.47324158e+02,
    1.38384180e+03, 7.86489258e+02, 1.39969775e+03, 8.26223267e+02,
    1.41558350e+03, 8.66527344e+02, 1.31641614e+03, 7.17388611e+02,
    1.33155750e+03, 7.55321533e+02, 1.34685657e+03, 7.93261719e+02,
    1.36226086e+03, 8.32280945e+02, 1.37771777e+03, 8.71473022e+02,
    1.28210095e+03, 7.25574524e+02, 1.29671252e+03, 7.62742126e+02,
    1.31149463e+03, 8.00028259e+02, 1.32632104e+03, 8.38063660e+02,
    1.34125415e+03, 8.76387146e+02, 1.24972302e+03, 7.33574646e+02,
    1.26357935e+03, 7.69927124e+02, 1.27827576e+03, 8.06359558e+02,
    1.29241516e+03, 8.43353027e+02, 1.30669507e+03, 8.81252136e+02,
    1.21883459e+03, 7.41102051e+02, 1.23195032e+03, 7.76738403e+02,
    1.24593213e+03, 8.12499878e+02, 1.25970544e+03, 8.48612183e+02,
    1.27353235e+03, 8.85525391e+02, 1.18934546e+03, 7.48349792e+02,
    1.20206384e+03, 7.83201477e+02, 1.21520959e+03, 8.18268555e+02,
    1.22863184e+03, 8.53694214e+02, 1.24206714e+03, 8.89710144e+02,
    1.16109583e+03, 7.55236023e+02, 1.17344177e+03, 7.89529785e+02,
    1.18587952e+03, 8.23806213e+02, 1.19879114e+03, 8.58618896e+02,
    1.21169836e+03, 8.93773193e+02 ]
