%YAML:1.0
---
points: [ 1.07996985e+03, 5.71559265e+02, 1.08077380e+03, 6.05675659e+02,
    1.08156860e+03, 6.38938599e+02, 1.08245227e+03, 6.72062439e+02,
    1.08332593e+03, 7.04914734e+02, 1.04517456e+03, 5.73693176e+02,
    1.04609180e+03, 6.07807861e+02, 1.04723682e+03, 6.40928528e+02,
    1.04820874e+03, 6.74199585e+02, 1.04927295e+03, 7.06950806e+02,
    1.00991803e+03, 5.75804504e+02, 1.01119238e+03, 6.09698242e+02,
    1.01232434e+03, 6.43262146e+02, 1.01356006e+03, 6.76359253e+02,
    1.01482336e+03, 7.09042725e+02, 9.74703003e+02, 5.77741699e+02,
    9.76255188e+02, 6.11962280e+02, 9.77750732e+02, 6.45260010e+02,
    9.79251587e+02, 6.78212463e+02, 9.80692627e+02, 7.11519470e+02,
    9.39379150e+02, 5.79957092e+02, 9.41151001e+02, 6.14162048e+02,
    9.42830383e+02, 6.47425537e+02, 9.44446655e+02, 6.80534058e+02,
    9.46091980e+02, 7.13499939e+02, 9.03911865e+02, 5.81837952e+02,
    9.06074219e+02, 6.16239624e+02, 9.07851318e+02, 6.49778076e+02,
    9.09743591e+02, 6.82810364e+02, 9.11727844e+02, 7.15911438e+02,
    8.68524536e+02, 5.83881409e+02, 8.70765320e+02, 6.18463867e+02,
    8.73021484e+02, 6.51942932e+02, 8.75153442e+02, 6.85447876e+02,
    8.77209839e+02, 7.18319946e+02 ]
