%YAML:1.0
---
points: [ 1.94764938e+02, 8.53490906e+01, 1.95572464e+02, 9.99322891e+01,
    1.96188858e+02, 1.15315758e+02, 1.97072601e+02, 1.30732147e+02,
    1.97887955e+02, 1.47305878e+02, 1.76907700e+02, 8.07377625e+01,
    1.77149338e+02, 9.60625610e+01, 1.77589249e+02, 1.11445404e+02,
    1.78066177e+02, 1.27706383e+02, 1.78468857e+02, 1.44231842e+02,
    1.58028305e+02, 7.65855179e+01, 1.58113678e+02, 9.20474243e+01,
    1.57948563e+02, 1.07775940e+02, 1.58028900e+02, 1.23856094e+02,
    1.57840088e+02, 1.41244125e+02, 1.38519211e+02, 7.21413422e+01,
    1.38071579e+02, 8.75788956e+01, 1.37595474e+02, 1.03779953e+02,
    1.37098724e+02, 1.20352631e+02, 1.36725235e+02, 1.37592407e+02,
    1.18230690e+02, 6.79070892e+01, 1.17283806e+02, 8.30378952e+01,
    1.16100967e+02, 9.97266083e+01, 1.15076416e+02, 1.16395546e+02,
    1.13989922e+02, 1.34244415e+02, 9.72038345e+01, 6.32939529e+01,
    9.55356903e+01, 7.88774033e+01, 9.39606247e+01, 9.51248932e+01,
    9.23258438e+01, 1.12458397e+02, 9.06421967e+01, 1.30342560e+02,
    7.54800262e+01, 5.88794937e+01, 7.34860840e+01, 7.44882278e+01,
    7.11907654e+01, 9.08691559e+01, 6.87623367e+01, 1.08243858e+02,
    6.64243546e+01, 1.26714943e+02 ]
