%YAML:1.0
---
points: [ 2.90804779e+02, 2.14141006e+02, 2.95696442e+02, 2.25737579e+02,
    3.00582092e+02, 2.36815262e+02, 3.05506226e+02, 2.48286667e+02,
    3.10283722e+02, 2.59287628e+02, 2.80131012e+02, 2.17809555e+02,
    2.85126373e+02, 2.28917480e+02, 2.90038330e+02, 2.39822174e+02,
    2.94865814e+02, 2.50887283e+02, 2.99691223e+02, 2.61911835e+02,
    2.69972168e+02, 2.20972717e+02, 2.74868042e+02, 2.32063812e+02,
    2.79745667e+02, 2.42749008e+02, 2.84447784e+02, 2.53781647e+02,
    2.89197510e+02, 2.64529419e+02, 2.60292389e+02, 2.24290512e+02,
    2.65044006e+02, 2.35093384e+02, 2.69944061e+02, 2.45627151e+02,
    2.74572052e+02, 2.56258240e+02, 2.79281982e+02, 2.66961426e+02,
    2.50932755e+02, 2.27405655e+02, 2.55503281e+02, 2.38109848e+02,
    2.60325653e+02, 2.48506027e+02, 2.64995544e+02, 2.58831726e+02,
    2.69610138e+02, 2.69352905e+02, 2.41789505e+02, 2.30439026e+02,
    2.46344269e+02, 2.40829666e+02, 2.51010315e+02, 2.51282089e+02,
    2.55624130e+02, 2.61424225e+02, 2.60211090e+02, 2.71718994e+02,
    2.32885498e+02, 2.33429077e+02, 2.37535812e+02, 2.43680710e+02,
    2.41937103e+02, 2.53864029e+02, 2.46600525e+02, 2.63897339e+02,
    2.51153091e+02, 2.73883942e+02 ]
