%YAML:1.0
---
points: [ 1.60579175e+03, 6.96891357e+02, 1.62236975e+03, 7.34630066e+02,
    1.63891699e+03, 7.72265808e+02, 1.65553870e+03, 8.10742493e+02,
    1.67227063e+03, 8.49632996e+02, 1.56535852e+03, 7.06671631e+02,
    1.58156567e+03, 7.43537292e+02, 1.59765442e+03, 7.80402710e+02,
    1.61373193e+03, 8.17816101e+02, 1.62991895e+03, 8.55724548e+02,
    1.52625366e+03, 7.15701233e+02, 1.54201807e+03, 7.51727051e+02,
    1.55749255e+03, 7.87794067e+02, 1.57326794e+03, 8.24606201e+02,
    1.58903821e+03, 8.61708984e+02, 1.48937866e+03, 7.24322632e+02,
    1.50433704e+03, 7.59696350e+02, 1.51975793e+03, 7.95047241e+02,
    1.53475781e+03, 8.30802795e+02, 1.55022400e+03, 8.67567139e+02,
    1.45380518e+03, 7.32627808e+02, 1.46815466e+03, 7.67314209e+02,
    1.48297949e+03, 8.02052124e+02, 1.49774390e+03, 8.37115479e+02,
    1.51251624e+03, 8.72810669e+02, 1.41961230e+03, 7.40330627e+02,
    1.43365881e+03, 7.74480652e+02, 1.44777734e+03, 8.08517395e+02,
    1.46224976e+03, 8.43081909e+02, 1.47665393e+03, 8.78197510e+02,
    1.38714587e+03, 7.47764832e+02, 1.40062891e+03, 7.81354980e+02,
    1.41428210e+03, 8.14574097e+02, 1.42828455e+03, 8.48669922e+02,
    1.44205701e+03, 8.82895264e+02 ]
