%YAML:1.0
---
points: [ 1.00053357e+03, 5.55804993e+02, 1.01473260e+03, 5.89731750e+02,
    1.02903064e+03, 6.22826294e+02, 1.04285498e+03, 6.56201660e+02,
    1.05671912e+03, 6.89449768e+02, 9.70583618e+02, 5.66112488e+02,
    9.84734985e+02, 5.98977661e+02, 9.98842468e+02, 6.31482422e+02,
    1.01269519e+03, 6.64265259e+02, 1.02650879e+03, 6.96537048e+02,
    9.41565796e+02, 5.75625427e+02, 9.55741821e+02, 6.07967407e+02,
    9.69651978e+02, 6.39800903e+02, 9.83235229e+02, 6.71837524e+02,
    9.96995300e+02, 7.03646057e+02, 9.14064209e+02, 5.84693176e+02,
    9.27677368e+02, 6.16666443e+02, 9.41772156e+02, 6.47773254e+02,
    9.55381042e+02, 6.79315308e+02, 9.68608582e+02, 7.10789307e+02,
    8.87284546e+02, 5.93546509e+02, 9.00523315e+02, 6.25155151e+02,
    9.14368225e+02, 6.55711243e+02, 9.27800781e+02, 6.86546875e+02,
    9.41278625e+02, 7.17534180e+02, 8.61288391e+02, 6.02123352e+02,
    8.74541992e+02, 6.33216248e+02, 8.87749573e+02, 6.63592957e+02,
    9.01189880e+02, 6.93615479e+02, 9.14479126e+02, 7.24172913e+02,
    8.35916931e+02, 6.10489624e+02, 8.49232239e+02, 6.40986755e+02,
    8.62237854e+02, 6.70912292e+02, 8.75466980e+02, 7.00741821e+02,
    8.88479553e+02, 7.30531860e+02 ]
