%YAML:1.0
---
points: [ 2.01799133e+02, 1.10517349e+02, 2.02581314e+02, 1.24441322e+02,
    2.02764755e+02, 1.38870300e+02, 2.03420441e+02, 1.53490051e+02,
    2.04051727e+02, 1.69049606e+02, 1.90143692e+02, 1.02290627e+02,
    1.90201904e+02, 1.16898293e+02, 1.90418594e+02, 1.31786575e+02,
    1.90608841e+02, 1.47129608e+02, 1.91044113e+02, 1.62870987e+02,
    1.77039062e+02, 9.39181366e+01, 1.76903580e+02, 1.08689453e+02,
    1.76674973e+02, 1.24197433e+02, 1.77052353e+02, 1.39770035e+02,
    1.76903412e+02, 1.56363144e+02, 1.62923721e+02, 8.49289932e+01,
    1.62756088e+02, 1.00051529e+02, 1.62215729e+02, 1.15865135e+02,
    1.62008133e+02, 1.32208542e+02, 1.62041245e+02, 1.49197556e+02,
    1.47654373e+02, 7.52817230e+01, 1.47430405e+02, 9.05550613e+01,
    1.46604736e+02, 1.06965233e+02, 1.45964813e+02, 1.23817612e+02,
    1.45361801e+02, 1.41362946e+02, 1.31426590e+02, 6.47523575e+01,
    1.30698334e+02, 8.06849976e+01, 1.29670731e+02, 9.71838684e+01,
    1.28538986e+02, 1.14670219e+02, 1.27640198e+02, 1.32711304e+02,
    1.14020943e+02, 5.37234116e+01, 1.12909279e+02, 6.98789062e+01,
    1.11296822e+02, 8.66868286e+01, 1.09893929e+02, 1.04636215e+02,
    1.08163918e+02, 1.23366714e+02 ]
