%YAML:1.0
---
points: [ 1.09974622e+03, 5.89285156e+02, 1.09310620e+03, 6.21719055e+02,
    1.08623889e+03, 6.53359253e+02, 1.07992126e+03, 6.84979187e+02,
    1.07346777e+03, 7.16470459e+02, 1.07056104e+03, 5.86692200e+02,
    1.06390259e+03, 6.19389832e+02, 1.05714453e+03, 6.51219971e+02,
    1.05047534e+03, 6.83319275e+02, 1.04412683e+03, 7.14919861e+02,
    1.04025085e+03, 5.83770081e+02, 1.03342822e+03, 6.17020508e+02,
    1.02681824e+03, 6.49417358e+02, 1.02056268e+03, 6.81760132e+02,
    1.01383795e+03, 7.13754456e+02, 1.00922144e+03, 5.81015320e+02,
    1.00262036e+03, 6.14439819e+02, 9.96180847e+02, 6.47218872e+02,
    9.89752563e+02, 6.80113892e+02, 9.83572876e+02, 7.12782166e+02,
    9.77281738e+02, 5.77818604e+02, 9.71030029e+02, 6.12142944e+02,
    9.64518127e+02, 6.45361084e+02, 9.58178223e+02, 6.78199158e+02,
    9.51741333e+02, 7.11491455e+02, 9.44551575e+02, 5.74831116e+02,
    9.38535156e+02, 6.09390198e+02, 9.32325562e+02, 6.43517883e+02,
    9.25878662e+02, 6.76737488e+02, 9.19688904e+02, 7.10352234e+02,
    9.11488525e+02, 5.71719238e+02, 9.05402283e+02, 6.06961731e+02,
    8.99318970e+02, 6.41350525e+02, 8.93029053e+02, 6.75455139e+02,
    8.86790283e+02, 7.09183899e+02 ]
