%YAML:1.0
---
points: [ 3.22833557e+02, 2.25180496e+02, 3.20636627e+02, 2.36145905e+02,
    3.18406921e+02, 2.47072876e+02, 3.16271057e+02, 2.57749512e+02,
    3.14045441e+02, 2.68439392e+02, 3.13168152e+02, 2.24349228e+02,
    3.10856476e+02, 2.35481339e+02, 3.08649170e+02, 2.46402496e+02,
    3.06548615e+02, 2.57295959e+02, 3.04345062e+02, 2.68087097e+02,
    3.03123444e+02, 2.23425858e+02, 3.00751709e+02, 2.34826416e+02,
    2.98524292e+02, 2.45858414e+02, 2.96427887e+02, 2.56964783e+02,
    2.94271759e+02, 2.67914825e+02, 2.92633881e+02, 2.22533432e+02,
    2.90556427e+02, 2.34117279e+02, 2.88341583e+02, 2.45220795e+02,
    2.86158203e+02, 2.56406769e+02, 2.84147400e+02, 2.67449310e+02,
    2.82047028e+02, 2.21724472e+02, 2.79937256e+02, 2.33320587e+02,
    2.77717316e+02, 2.44761505e+02, 2.75628510e+02, 2.55975327e+02,
    2.73632385e+02, 2.67158752e+02, 2.71176392e+02, 2.20818008e+02,
    2.69211823e+02, 2.32631775e+02, 2.67082184e+02, 2.44198624e+02,
    2.64887726e+02, 2.55487442e+02, 2.62946930e+02, 2.66897461e+02,
    2.60183075e+02, 2.19938187e+02, 2.58079620e+02, 2.31904938e+02,
    2.56167633e+02, 2.43539749e+02, 2.54101730e+02, 2.55197983e+02,
    2.51979202e+02, 2.66673462e+02 ]
