%YAML:1.0
---
points: [ 2.94268097e+02, 1.48219421e+02, 2.96087585e+02, 1.60016464e+02,
    2.97849426e+02, 1.72138977e+02, 2.99873077e+02, 1.84496246e+02,
    3.01810852e+02, 1.97542221e+02, 2.80836243e+02, 1.49018311e+02,
    2.82384521e+02, 1.60952423e+02, 2.84019928e+02, 1.73110382e+02,
    2.85751892e+02, 1.85619781e+02, 2.87505676e+02, 1.98414627e+02,
    2.67074677e+02, 1.49907684e+02, 2.68602234e+02, 1.61873474e+02,
    2.70020111e+02, 1.74099594e+02, 2.71465607e+02, 1.86644821e+02,
    2.72935181e+02, 1.99638657e+02, 2.53498947e+02, 1.50803238e+02,
    2.54751144e+02, 1.62648300e+02, 2.56063080e+02, 1.75146729e+02,
    2.57328461e+02, 1.87679916e+02, 2.58682770e+02, 2.00613525e+02,
    2.39851700e+02, 1.52010010e+02, 2.40868668e+02, 1.63642426e+02,
    2.41937164e+02, 1.76110077e+02, 2.42944351e+02, 1.88753937e+02,
    2.44076889e+02, 2.01782913e+02, 2.26032364e+02, 1.52745178e+02,
    2.26966293e+02, 1.64621399e+02, 2.27733582e+02, 1.76878510e+02,
    2.28614807e+02, 1.89657364e+02, 2.29461411e+02, 2.02767441e+02,
    2.12349167e+02, 1.53386505e+02, 2.12988754e+02, 1.65528580e+02,
    2.13594864e+02, 1.77902588e+02, 2.14238129e+02, 1.90544388e+02,
    2.14890228e+02, 2.03693527e+02 ]
