%YAML:1.0
---
points: [ 1.02355096e+03, 8.18299866e+02, 1.02762073e+03, 8.45481934e+02,
    1.03157251e+03, 8.72464905e+02, 1.03553601e+03, 9.00146057e+02,
    1.03949353e+03, 9.27739929e+02, 9.97288940e+02, 8.21680115e+02,
    1.00134198e+03, 8.48875854e+02, 1.00521857e+03, 8.75772766e+02,
    1.00894989e+03, 9.03190186e+02, 1.01291583e+03, 9.30534241e+02,
    9.70809265e+02, 8.24901123e+02, 9.74794434e+02, 8.51889771e+02,
    9.78635437e+02, 8.79003906e+02, 9.82403076e+02, 9.06386780e+02,
    9.86299011e+02, 9.33640991e+02, 9.44782410e+02, 8.28301575e+02,
    9.48648743e+02, 8.55294250e+02, 9.52533386e+02, 8.82048218e+02,
    9.56124451e+02, 9.09235718e+02, 9.59993286e+02, 9.36815735e+02,
    9.18723022e+02, 8.31506531e+02, 9.22480774e+02, 8.58623596e+02,
    9.26228699e+02, 8.85442505e+02, 9.29675354e+02, 9.12415710e+02,
    9.33455444e+02, 9.39709167e+02, 8.92730957e+02, 8.34637939e+02,
    8.96388733e+02, 8.61618652e+02, 9.00134399e+02, 8.88549072e+02,
    9.03551453e+02, 9.15595337e+02, 9.07331909e+02, 9.43167603e+02,
    8.67095459e+02, 8.37935547e+02, 8.70545715e+02, 8.65105835e+02,
    8.74246216e+02, 8.91810181e+02, 8.77646118e+02, 9.18803955e+02,
    8.81216064e+02, 9.46069702e+02 ]
