%YAML:1.0
---
points: [ 9.70394653e+02, 8.02279175e+02, 9.77220337e+02, 8.31802673e+02,
    9.84456116e+02, 8.61150146e+02, 9.91398315e+02, 8.91316895e+02,
    9.98497742e+02, 9.21444885e+02, 9.43523621e+02, 8.07390991e+02,
    9.50407898e+02, 8.36610657e+02, 9.57431213e+02, 8.65622253e+02,
    9.64408875e+02, 8.95430786e+02, 9.71297485e+02, 9.25189941e+02,
    9.17115662e+02, 8.12440308e+02, 9.23790955e+02, 8.41309937e+02,
    9.30682190e+02, 8.70311035e+02, 9.37482544e+02, 8.99531921e+02,
    9.44355530e+02, 9.29138184e+02, 8.91319702e+02, 8.17163879e+02,
    8.97708191e+02, 8.45814453e+02, 9.04798889e+02, 8.74566467e+02,
    9.11358276e+02, 9.03553833e+02, 9.18044495e+02, 9.33300720e+02,
    8.65795654e+02, 8.22046265e+02, 8.72005737e+02, 8.50553223e+02,
    8.78742310e+02, 8.79082458e+02, 8.85456177e+02, 9.07686707e+02,
    8.91809631e+02, 9.37062256e+02, 8.40673340e+02, 8.26521851e+02,
    8.47076904e+02, 8.55081665e+02, 8.53403503e+02, 8.83414429e+02,
    8.59773743e+02, 9.11954529e+02, 8.66214783e+02, 9.40771729e+02,
    8.16252136e+02, 8.31152588e+02, 8.22367310e+02, 8.59561157e+02,
    8.28376587e+02, 8.87535461e+02, 8.34617676e+02, 9.16061096e+02,
    8.41128418e+02, 9.44659058e+02 ]
