%YAML:1.0
---
points: [ 2.68287415e+02, 1.39325378e+02, 2.69612854e+02, 1.51325439e+02,
    2.71282715e+02, 1.63875183e+02, 2.72842590e+02, 1.76498428e+02,
    2.74471802e+02, 1.89692764e+02, 2.55739975e+02, 1.44183243e+02,
    2.57050079e+02, 1.56146576e+02, 2.58572052e+02, 1.68446518e+02,
    2.59799744e+02, 1.80993820e+02, 2.61195984e+02, 1.94150574e+02,
    2.43546982e+02, 1.48962830e+02, 2.44764816e+02, 1.60827454e+02,
    2.45959641e+02, 1.73065933e+02, 2.47053558e+02, 1.85472534e+02,
    2.48201233e+02, 1.98394699e+02, 2.31932129e+02, 1.53647842e+02,
    2.32809464e+02, 1.65171143e+02, 2.33863510e+02, 1.77398422e+02,
    2.34826645e+02, 1.89789429e+02, 2.35745285e+02, 2.02487183e+02,
    2.20777466e+02, 1.58068375e+02, 2.21306900e+02, 1.69630386e+02,
    2.22140976e+02, 1.81606110e+02, 2.22841171e+02, 1.93824524e+02,
    2.23623749e+02, 2.06646591e+02, 2.09645996e+02, 1.62457626e+02,
    2.10081299e+02, 1.73864960e+02, 2.10557968e+02, 1.85551270e+02,
    2.11280533e+02, 1.97764145e+02, 2.11824295e+02, 2.10299591e+02,
    1.99024124e+02, 1.66603622e+02, 1.99128021e+02, 1.77876099e+02,
    1.99401062e+02, 1.89479202e+02, 1.99864624e+02, 2.01581390e+02,
    2.00332642e+02, 2.13970001e+02 ]
