%YAML:1.0
---
points: [ 1.33652185e+03, 5.49923462e+02, 1.33032312e+03, 5.85313110e+02,
    1.32362341e+03, 6.19671814e+02, 1.31766870e+03, 6.54076233e+02,
    1.31176660e+03, 6.88036743e+02, 1.30528357e+03, 5.48510010e+02,
    1.29854382e+03, 5.83851929e+02, 1.29226440e+03, 6.18600830e+02,
    1.28619568e+03, 6.53217896e+02, 1.28042969e+03, 6.87395447e+02,
    1.27257507e+03, 5.46606934e+02, 1.26610144e+03, 5.82462341e+02,
    1.25990454e+03, 6.17658020e+02, 1.25434619e+03, 6.52465759e+02,
    1.24831018e+03, 6.86816772e+02, 1.23932983e+03, 5.44990540e+02,
    1.23351660e+03, 5.81185974e+02, 1.22738867e+03, 6.16486328e+02,
    1.22167786e+03, 6.51481750e+02, 1.21639746e+03, 6.86597778e+02,
    1.20563562e+03, 5.43310669e+02, 1.20030042e+03, 5.79804565e+02,
    1.19417603e+03, 6.15437317e+02, 1.18845679e+03, 6.50564819e+02,
    1.18291370e+03, 6.85938721e+02, 1.17130347e+03, 5.41216187e+02,
    1.16586914e+03, 5.78299194e+02, 1.16054834e+03, 6.14450073e+02,
    1.15486938e+03, 6.49983643e+02, 1.14970007e+03, 6.85580750e+02,
    1.13691309e+03, 5.39456604e+02, 1.13172852e+03, 5.76725403e+02,
    1.12662231e+03, 6.13390564e+02, 1.12145483e+03, 6.49477905e+02,
    1.11627808e+03, 6.85312805e+02 ]
