%YAML:1.0
---
points: [ 4.04832733e+02, 2.10826355e+02, 4.02832550e+02, 2.22755219e+02,
    4.00569183e+02, 2.34667587e+02, 3.98690033e+02, 2.46291931e+02,
    3.96586548e+02, 2.57878082e+02, 3.94555389e+02, 2.10321426e+02,
    3.92287445e+02, 2.22542969e+02, 3.90171234e+02, 2.34304886e+02,
    3.88124481e+02, 2.46238327e+02, 3.86204132e+02, 2.57687256e+02,
    3.83731018e+02, 2.09750092e+02, 3.81530121e+02, 2.22183990e+02,
    3.79320312e+02, 2.34127487e+02, 3.77433075e+02, 2.46035065e+02,
    3.75306854e+02, 2.57838196e+02, 3.72416992e+02, 2.09320953e+02,
    3.70568665e+02, 2.21793152e+02, 3.68408081e+02, 2.33869720e+02,
    3.66488831e+02, 2.45948471e+02, 3.64697449e+02, 2.57798920e+02,
    3.61171021e+02, 2.09083694e+02, 3.59398254e+02, 2.21537186e+02,
    3.57240540e+02, 2.33727356e+02, 3.55343903e+02, 2.45704163e+02,
    3.53490326e+02, 2.57846008e+02, 3.49699097e+02, 2.08402573e+02,
    3.47914368e+02, 2.21213684e+02, 3.46055420e+02, 2.33411911e+02,
    3.44147247e+02, 2.45555634e+02, 3.42378357e+02, 2.57781708e+02,
    3.38137268e+02, 2.07947693e+02, 3.36334015e+02, 2.20685913e+02,
    3.34611481e+02, 2.33287933e+02, 3.32865692e+02, 2.45489990e+02,
    3.31077301e+02, 2.57812531e+02 ]
