%YAML:1.0
---
points: [ 2.71878815e+02, 1.54902954e+02, 2.76348267e+02, 1.68830582e+02,
    2.80834869e+02, 1.82413223e+02, 2.85403809e+02, 1.96206726e+02,
    2.89848358e+02, 2.09986465e+02, 2.59202057e+02, 1.59963242e+02,
    2.63712769e+02, 1.73644485e+02, 2.68188568e+02, 1.86907654e+02,
    2.72660309e+02, 2.00543976e+02, 2.77058044e+02, 2.14058823e+02,
    2.47022614e+02, 1.64904861e+02, 2.51448654e+02, 1.78258881e+02,
    2.55838989e+02, 1.91505585e+02, 2.60101715e+02, 2.04770996e+02,
    2.64677063e+02, 2.18088684e+02, 2.35456833e+02, 1.69493805e+02,
    2.39725647e+02, 1.82658463e+02, 2.44081467e+02, 1.95702866e+02,
    2.48312958e+02, 2.08675339e+02, 2.52692429e+02, 2.22040665e+02,
    2.24131348e+02, 1.74066376e+02, 2.28171906e+02, 1.86977600e+02,
    2.32579819e+02, 1.99929123e+02, 2.36730774e+02, 2.12669800e+02,
    2.40974701e+02, 2.25738968e+02, 2.13164169e+02, 1.78395477e+02,
    2.17166992e+02, 1.91137009e+02, 2.21340668e+02, 2.03898239e+02,
    2.25458313e+02, 2.16484589e+02, 2.29667282e+02, 2.29340225e+02,
    2.02380768e+02, 1.82700027e+02, 2.06407928e+02, 1.95281143e+02,
    2.10421570e+02, 2.07662552e+02, 2.14581635e+02, 2.20323746e+02,
    2.18556259e+02, 2.32853149e+02 ]
