%YAML:1.0
---
points: [ 3.92665344e+02, 2.01755554e+02, 3.95015808e+02, 2.14460037e+02,
    3.97330719e+02, 2.26763580e+02, 3.99550262e+02, 2.39070938e+02,
    4.01894409e+02, 2.51309143e+02, 3.78959625e+02, 2.04484299e+02,
    3.81307495e+02, 2.16987946e+02, 3.83698822e+02, 2.29015030e+02,
    3.86110107e+02, 2.41095901e+02, 3.88436798e+02, 2.53094269e+02,
    3.65441010e+02, 2.06938110e+02, 3.67919617e+02, 2.19284653e+02,
    3.70281769e+02, 2.31347366e+02, 3.72738068e+02, 2.43257584e+02,
    3.75136902e+02, 2.55122131e+02, 3.52050568e+02, 2.09373550e+02,
    3.54699890e+02, 2.21607895e+02, 3.57289612e+02, 2.33421387e+02,
    3.59711945e+02, 2.45251968e+02, 3.62195587e+02, 2.57052673e+02,
    3.39207092e+02, 2.11702911e+02, 3.41626770e+02, 2.23885696e+02,
    3.44297272e+02, 2.35604446e+02, 3.46841278e+02, 2.47269852e+02,
    3.49346069e+02, 2.58853943e+02, 3.26406494e+02, 2.14036880e+02,
    3.29002258e+02, 2.25983932e+02, 3.31717651e+02, 2.37744965e+02,
    3.34273224e+02, 2.49246292e+02, 3.36855194e+02, 2.60750977e+02,
    3.14039825e+02, 2.16427902e+02, 3.16773743e+02, 2.28207443e+02,
    3.19345795e+02, 2.39798874e+02, 3.21979126e+02, 2.51242889e+02,
    3.24636780e+02, 2.62547028e+02 ]
