%YAML:1.0
---
points: [ 1.53954272e+03, 7.32387146e+02, 1.54293872e+03, 7.66937805e+02,
    1.54564636e+03, 8.01597900e+02, 1.54886914e+03, 8.36389526e+02,
    1.55216162e+03, 8.71341858e+02, 1.50723840e+03, 7.34600220e+02,
    1.51027185e+03, 7.69537842e+02, 1.51295789e+03, 8.03853760e+02,
    1.51615527e+03, 8.38917542e+02, 1.51904773e+03, 8.73947449e+02,
    1.47417175e+03, 7.36965637e+02, 1.47676379e+03, 7.71692688e+02,
    1.47964404e+03, 8.06573975e+02, 1.48290649e+03, 8.41480835e+02,
    1.48555896e+03, 8.76578552e+02, 1.44063367e+03, 7.39303406e+02,
    1.44369897e+03, 7.74171021e+02, 1.44642017e+03, 8.08792969e+02,
    1.44942505e+03, 8.43926025e+02, 1.45271436e+03, 8.79518921e+02,
    1.40694983e+03, 7.41395447e+02, 1.41040674e+03, 7.76461121e+02,
    1.41272656e+03, 8.11479980e+02, 1.41578516e+03, 8.46428345e+02,
    1.41860754e+03, 8.82031372e+02, 1.37346228e+03, 7.43539612e+02,
    1.37647253e+03, 7.78769104e+02, 1.37958691e+03, 8.13729614e+02,
    1.38220605e+03, 8.49063232e+02, 1.38533032e+03, 8.84693237e+02,
    1.33971838e+03, 7.45720154e+02, 1.34302466e+03, 7.81238098e+02,
    1.34586292e+03, 8.16308655e+02, 1.34884167e+03, 8.51562378e+02,
    1.35168237e+03, 8.87265930e+02 ]
