%YAML:1.0
---
points: [ 1.29645044e+03, 5.23497437e+02, 1.30331738e+03, 5.60526062e+02,
    1.31011450e+03, 5.96754333e+02, 1.31681616e+03, 6.32820312e+02,
    1.32352979e+03, 6.68737610e+02, 1.25663513e+03, 5.30495667e+02,
    1.26369287e+03, 5.66983582e+02, 1.27054590e+03, 6.02757751e+02,
    1.27753601e+03, 6.38534668e+02, 1.28452515e+03, 6.73632874e+02,
    1.21743079e+03, 5.37526550e+02, 1.22459546e+03, 5.73567749e+02,
    1.23174902e+03, 6.08711853e+02, 1.23869189e+03, 6.44345703e+02,
    1.24570544e+03, 6.79039368e+02, 1.17953943e+03, 5.44217407e+02,
    1.18667139e+03, 5.79890259e+02, 1.19401208e+03, 6.14560669e+02,
    1.20124927e+03, 6.49511108e+02, 1.20836499e+03, 6.84384460e+02,
    1.14201196e+03, 5.50564392e+02, 1.14940601e+03, 5.86246094e+02,
    1.15671655e+03, 6.20558594e+02, 1.16416602e+03, 6.54832581e+02,
    1.17128418e+03, 6.89155701e+02, 1.10545630e+03, 5.56766541e+02,
    1.11283276e+03, 5.92153076e+02, 1.12050525e+03, 6.26438599e+02,
    1.12786536e+03, 6.60359497e+02, 1.13536462e+03, 6.94368530e+02,
    1.06962305e+03, 5.63296875e+02, 1.07733826e+03, 5.98066223e+02,
    1.08507898e+03, 6.32189453e+02, 1.09245032e+03, 6.65763123e+02,
    1.10010803e+03, 6.99204895e+02 ]
