%YAML:1.0
---
points: [ 3.01174377e+02, 1.67531265e+02, 3.01302643e+02, 1.81259552e+02,
    3.01286285e+02, 1.94610107e+02, 3.01434357e+02, 2.08148361e+02,
    3.01586914e+02, 2.21588409e+02, 2.88271912e+02, 1.67442139e+02,
    2.88275177e+02, 1.81433899e+02, 2.88499146e+02, 1.94738525e+02,
    2.88641754e+02, 2.08356705e+02, 2.88718140e+02, 2.21722748e+02,
    2.75117035e+02, 1.67557144e+02, 2.75162384e+02, 1.81353012e+02,
    2.75193604e+02, 1.95083908e+02, 2.75402252e+02, 2.08606079e+02,
    2.75447937e+02, 2.22341644e+02, 2.61587921e+02, 1.67563202e+02,
    2.61938934e+02, 1.81587723e+02, 2.62089081e+02, 1.95198532e+02,
    2.62176880e+02, 2.09022537e+02, 2.62278839e+02, 2.22594421e+02,
    2.48195145e+02, 1.67780685e+02, 2.48304535e+02, 1.81622345e+02,
    2.48454926e+02, 1.95435837e+02, 2.48615021e+02, 2.09145142e+02,
    2.48846893e+02, 2.23122650e+02, 2.34271469e+02, 1.67582306e+02,
    2.34458511e+02, 1.81818726e+02, 2.34852661e+02, 1.95642441e+02,
    2.35131790e+02, 2.09401947e+02, 2.35246109e+02, 2.23493408e+02,
    2.20405716e+02, 1.67499069e+02, 2.20618530e+02, 1.81853821e+02,
    2.21006134e+02, 1.95808304e+02, 2.21145370e+02, 2.09857605e+02,
    2.21321945e+02, 2.23894821e+02 ]
