%YAML:1.0
---
points: [ 1.26626672e+03, 5.18176514e+02, 1.27838953e+03, 5.54671936e+02,
    1.29039062e+03, 5.90732056e+02, 1.30229968e+03, 6.26655823e+02,
    1.31420715e+03, 6.62449829e+02, 1.22784851e+03, 5.28379333e+02,
    1.24010791e+03, 5.64280945e+02, 1.25212708e+03, 5.99335327e+02,
    1.26377722e+03, 6.34563293e+02, 1.27577820e+03, 6.69736450e+02,
    1.19061536e+03, 5.38160339e+02, 1.20273865e+03, 5.73318298e+02,
    1.21472363e+03, 6.07768311e+02, 1.22663000e+03, 6.42548279e+02,
    1.23841296e+03, 6.76773682e+02, 1.15516235e+03, 5.47441833e+02,
    1.16704077e+03, 5.81813843e+02, 1.17926526e+03, 6.15741089e+02,
    1.19073840e+03, 6.49753845e+02, 1.20259082e+03, 6.84002380e+02,
    1.12061353e+03, 5.56271484e+02, 1.13247754e+03, 5.90528748e+02,
    1.14426807e+03, 6.23738770e+02, 1.15613770e+03, 6.57137390e+02,
    1.16768250e+03, 6.90656128e+02, 1.08730945e+03, 5.65074951e+02,
    1.09888965e+03, 5.98544434e+02, 1.11069592e+03, 6.31634583e+02,
    1.12247632e+03, 6.64482971e+02, 1.13419763e+03, 6.97263794e+02,
    1.05501172e+03, 5.73477356e+02, 1.06671228e+03, 6.06635315e+02,
    1.07830896e+03, 6.39182556e+02, 1.08994836e+03, 6.71411072e+02,
    1.10145105e+03, 7.03581421e+02 ]
