%YAML:1.0
---
points: [ 3.82687866e+02, 2.00248001e+02, 3.86869873e+02, 2.12632538e+02,
    3.90995636e+02, 2.24939651e+02, 3.95112396e+02, 2.36972580e+02,
    3.99100037e+02, 2.49273468e+02, 3.69207642e+02, 2.03773361e+02,
    3.73503448e+02, 2.15984283e+02, 3.77615387e+02, 2.27922577e+02,
    3.81751068e+02, 2.40001816e+02, 3.85952637e+02, 2.51754120e+02,
    3.56277039e+02, 2.07182983e+02, 3.60471771e+02, 2.19264755e+02,
    3.64536682e+02, 2.30988266e+02, 3.68633789e+02, 2.42709946e+02,
    3.72747864e+02, 2.54424805e+02, 3.43719971e+02, 2.10541595e+02,
    3.47876465e+02, 2.22439209e+02, 3.52108643e+02, 2.33881836e+02,
    3.56203796e+02, 2.45427643e+02, 3.60247406e+02, 2.56982422e+02,
    3.31706848e+02, 2.13821671e+02, 3.35669220e+02, 2.25394180e+02,
    3.39880890e+02, 2.36805878e+02, 3.43903656e+02, 2.48049103e+02,
    3.48069977e+02, 2.59414551e+02, 3.19893768e+02, 2.16845184e+02,
    3.23926392e+02, 2.28421829e+02, 3.28031158e+02, 2.39562439e+02,
    3.32156891e+02, 2.50592758e+02, 3.36238922e+02, 2.61795746e+02,
    3.08529846e+02, 2.19979126e+02, 3.12725677e+02, 2.31151169e+02,
    3.16655853e+02, 2.42181625e+02, 3.20727234e+02, 2.53227417e+02,
    3.24783569e+02, 2.64110352e+02 ]
