%YAML:1.0
---
points: [ 1.84924231e+03, 6.96756958e+02, 1.85478992e+03, 7.33093628e+02,
    1.85969116e+03, 7.68620239e+02, 1.86532605e+03, 8.04727661e+02,
    1.87053345e+03, 8.40951843e+02, 1.81408594e+03, 7.01114319e+02,
    1.81891309e+03, 7.37175171e+02, 1.82391504e+03, 7.72711609e+02,
    1.82921289e+03, 8.08731445e+02, 1.83433264e+03, 8.45000183e+02,
    1.77765100e+03, 7.05198853e+02, 1.78270752e+03, 7.41234924e+02,
    1.78755664e+03, 7.76861267e+02, 1.79297876e+03, 8.12994690e+02,
    1.79768213e+03, 8.49201721e+02, 1.74142151e+03, 7.09226929e+02,
    1.74679773e+03, 7.45249573e+02, 1.75149597e+03, 7.81061462e+02,
    1.75658630e+03, 8.16914734e+02, 1.76219495e+03, 8.53407410e+02,
    1.70512280e+03, 7.13407532e+02, 1.71074255e+03, 7.49403198e+02,
    1.71536511e+03, 7.85217896e+02, 1.72028198e+03, 8.20890930e+02,
    1.72540637e+03, 8.57216858e+02, 1.66869104e+03, 7.17408447e+02,
    1.67421570e+03, 7.53428223e+02, 1.67942200e+03, 7.89164124e+02,
    1.68422131e+03, 8.24929565e+02, 1.68948596e+03, 8.61281128e+02,
    1.63254907e+03, 7.21309753e+02, 1.63806897e+03, 7.57314087e+02,
    1.64339990e+03, 7.92968323e+02, 1.64841968e+03, 8.29002625e+02,
    1.65343994e+03, 8.65184631e+02 ]
