%YAML:1.0
---
points: [ 3.73346710e+02, 1.52884506e+02, 3.82957031e+02, 1.67463303e+02,
    3.92736267e+02, 1.81807556e+02, 4.02296143e+02, 1.96361862e+02,
    4.12222565e+02, 2.11224014e+02, 3.60078674e+02, 1.61235947e+02,
    3.69599548e+02, 1.75121872e+02, 3.78901703e+02, 1.89080460e+02,
    3.88434753e+02, 2.03224152e+02, 3.97749084e+02, 2.17344299e+02,
    3.47764130e+02, 1.69011169e+02, 3.57015533e+02, 1.82499390e+02,
    3.66074738e+02, 1.95838501e+02, 3.74959839e+02, 2.09567490e+02,
    3.84255737e+02, 2.23171524e+02, 3.36622223e+02, 1.76102921e+02,
    3.45211914e+02, 1.89223343e+02, 3.54132660e+02, 2.02162872e+02,
    3.62791412e+02, 2.15339310e+02, 3.71645111e+02, 2.28722656e+02,
    3.25931305e+02, 1.82843201e+02, 3.34203979e+02, 1.95662064e+02,
    3.42771484e+02, 2.08067688e+02, 3.51196869e+02, 2.20839325e+02,
    3.59743652e+02, 2.33732956e+02, 3.15998260e+02, 1.89099670e+02,
    3.23955261e+02, 2.01537048e+02, 3.32064087e+02, 2.13838989e+02,
    3.40318298e+02, 2.26021942e+02, 3.48605072e+02, 2.38641739e+02,
    3.06541138e+02, 1.95024658e+02, 3.14363708e+02, 2.07052902e+02,
    3.22086090e+02, 2.19010635e+02, 3.30035553e+02, 2.30937119e+02,
    3.38022827e+02, 2.42970093e+02 ]
