%YAML:1.0
---
points: [ 6.16537720e+02, 7.51233093e+02, 6.14997009e+02, 7.92024902e+02,
    6.13332458e+02, 8.32838806e+02, 6.11896301e+02, 8.74264893e+02,
    6.10227478e+02, 9.16252258e+02, 5.74572021e+02, 7.53286438e+02,
    5.72791992e+02, 7.94619812e+02, 5.70880249e+02, 8.35984863e+02,
    5.69227600e+02, 8.77939209e+02, 5.67363708e+02, 9.20536560e+02,
    5.30745850e+02, 7.55094055e+02, 5.28715942e+02, 7.97244995e+02,
    5.26824768e+02, 8.39325562e+02, 5.24668701e+02, 8.82171448e+02,
    5.22721741e+02, 9.25290344e+02, 4.85622803e+02, 7.57012146e+02,
    4.83648193e+02, 7.99857239e+02, 4.81446350e+02, 8.42654358e+02,
    4.79246704e+02, 8.86095642e+02, 4.77093536e+02, 9.30217285e+02,
    4.38825989e+02, 7.59162109e+02, 4.36562317e+02, 8.02596130e+02,
    4.34099915e+02, 8.46099060e+02, 4.31787842e+02, 8.90360718e+02,
    4.29400055e+02, 9.34944885e+02, 3.90563568e+02, 7.60856262e+02,
    3.88011505e+02, 8.05274475e+02, 3.85571411e+02, 8.49711853e+02,
    3.82985809e+02, 8.94563599e+02, 3.80703003e+02, 9.40042236e+02,
    3.40816620e+02, 7.62813965e+02, 3.38324768e+02, 8.07981506e+02,
    3.35594421e+02, 8.53297791e+02, 3.33067719e+02, 8.98717590e+02,
    3.30449127e+02, 9.44937256e+02 ]
