%YAML:1.0
---
points: [ 3.04953979e+02, 1.82054474e+02, 3.02430695e+02, 1.94315689e+02,
    2.99576691e+02, 2.06528778e+02, 2.96961609e+02, 2.18761688e+02,
    2.94337128e+02, 2.30982498e+02, 2.96785553e+02, 1.79081940e+02,
    2.93905853e+02, 1.91607529e+02, 2.91134521e+02, 2.03966873e+02,
    2.88378540e+02, 2.16543442e+02, 2.85586639e+02, 2.29044159e+02,
    2.87873260e+02, 1.75880753e+02, 2.85025757e+02, 1.88778000e+02,
    2.82100372e+02, 2.01378235e+02, 2.79241394e+02, 2.14172852e+02,
    2.76281647e+02, 2.27059387e+02, 2.78635986e+02, 1.72528137e+02,
    2.75742920e+02, 1.85760269e+02, 2.72643372e+02, 1.98598785e+02,
    2.69682953e+02, 2.11686096e+02, 2.66801727e+02, 2.24846588e+02,
    2.68892548e+02, 1.69073334e+02, 2.66039368e+02, 1.82518265e+02,
    2.62832611e+02, 1.95872482e+02, 2.59852600e+02, 2.09011490e+02,
    2.56803070e+02, 2.22575775e+02, 2.58716644e+02, 1.65328796e+02,
    2.55731750e+02, 1.79183823e+02, 2.52676910e+02, 1.92720963e+02,
    2.49519287e+02, 2.06370270e+02, 2.46338455e+02, 2.20197678e+02,
    2.48118179e+02, 1.61583298e+02, 2.45132904e+02, 1.75725006e+02,
    2.41925690e+02, 1.89728287e+02, 2.38772522e+02, 2.03567902e+02,
    2.35400620e+02, 2.17860931e+02 ]
