%YAML:1.0
---
points: [ 1.22095679e+03, 3.79109192e+02, 1.24840369e+03, 4.22163696e+02,
    1.27634888e+03, 4.64663239e+02, 1.30396130e+03, 5.07873230e+02,
    1.33222339e+03, 5.51459656e+02, 1.18489575e+03, 4.03283142e+02,
    1.21178650e+03, 4.44471222e+02, 1.23860034e+03, 4.85468933e+02,
    1.26533350e+03, 5.27039795e+02, 1.29255603e+03, 5.68971680e+02,
    1.15152710e+03, 4.25497467e+02, 1.17757690e+03, 4.65327393e+02,
    1.20345239e+03, 5.04960510e+02, 1.22913489e+03, 5.45361938e+02,
    1.25539807e+03, 5.85594666e+02, 1.12102307e+03, 4.45965149e+02,
    1.14561121e+03, 4.84641632e+02, 1.17097437e+03, 5.22863159e+02,
    1.19561340e+03, 5.61705444e+02, 1.22069604e+03, 6.01228149e+02,
    1.09251160e+03, 4.65278656e+02, 1.11567822e+03, 5.03065979e+02,
    1.14007373e+03, 5.40085571e+02, 1.16423218e+03, 5.77496277e+02,
    1.18841187e+03, 6.15613647e+02, 1.06538379e+03, 4.83243958e+02,
    1.08809595e+03, 5.19810669e+02, 1.11111060e+03, 5.56147644e+02,
    1.13456775e+03, 5.92453491e+02, 1.15805615e+03, 6.29426697e+02,
    1.03985266e+03, 5.00289276e+02, 1.06187329e+03, 5.35765869e+02,
    1.08405005e+03, 5.71187988e+02, 1.10657458e+03, 6.06473694e+02,
    1.12927563e+03, 6.42367188e+02 ]
