%YAML:1.0
---
points: [ 4.16751709e+02, 1.56033875e+02, 4.19570129e+02, 1.72126495e+02,
    4.22400085e+02, 1.88312912e+02, 4.25183380e+02, 2.03915344e+02,
    4.27844666e+02, 2.19802612e+02, 3.99216339e+02, 1.59699783e+02,
    4.02153259e+02, 1.76012283e+02, 4.04884003e+02, 1.91564621e+02,
    4.07827515e+02, 2.07230728e+02, 4.10464935e+02, 2.22507248e+02,
    3.81842255e+02, 1.63429016e+02, 3.84814392e+02, 1.79423233e+02,
    3.87700958e+02, 1.95029114e+02, 3.90759735e+02, 2.10227615e+02,
    3.93641296e+02, 2.25493057e+02, 3.64806854e+02, 1.67207336e+02,
    3.68002289e+02, 1.82861664e+02, 3.71007874e+02, 1.98277847e+02,
    3.74130005e+02, 2.13319489e+02, 3.77122833e+02, 2.28328964e+02,
    3.48331726e+02, 1.70877853e+02, 3.51455078e+02, 1.86415741e+02,
    3.54682281e+02, 2.01310287e+02, 3.57733612e+02, 2.16186310e+02,
    3.60848785e+02, 2.31191437e+02, 3.32150360e+02, 1.74267715e+02,
    3.35448181e+02, 1.89565186e+02, 3.38648682e+02, 2.04600052e+02,
    3.41819153e+02, 2.19263474e+02, 3.44968262e+02, 2.33697678e+02,
    3.16560089e+02, 1.77705978e+02, 3.19756805e+02, 1.92941711e+02,
    3.23176147e+02, 2.07450821e+02, 3.26459595e+02, 2.22057510e+02,
    3.29691254e+02, 2.36343796e+02 ]
