%YAML:1.0
---
points: [ 2.54392517e+02, 1.51853653e+02, 2.60213776e+02, 1.65143448e+02,
    2.66226715e+02, 1.78245880e+02, 2.72241791e+02, 1.91631699e+02,
    2.78239319e+02, 2.05121658e+02, 2.44332642e+02, 1.58705322e+02,
    2.50168076e+02, 1.71563614e+02, 2.56052734e+02, 1.84526596e+02,
    2.61829712e+02, 1.97570435e+02, 2.67784271e+02, 2.10687866e+02,
    2.34911987e+02, 1.65169327e+02, 2.40655945e+02, 1.77919128e+02,
    2.46203278e+02, 1.90434769e+02, 2.51824539e+02, 2.03221939e+02,
    2.57557404e+02, 2.16211792e+02, 2.26063248e+02, 1.71406586e+02,
    2.31454971e+02, 1.83710663e+02, 2.37158798e+02, 1.96074188e+02,
    2.42499252e+02, 2.08461395e+02, 2.47937164e+02, 2.21279938e+02,
    2.17646362e+02, 1.77211609e+02, 2.22725967e+02, 1.89443756e+02,
    2.28146622e+02, 2.01496414e+02, 2.33516647e+02, 2.13733978e+02,
    2.38829330e+02, 2.26058167e+02, 2.09459549e+02, 1.82853851e+02,
    2.14382919e+02, 1.94845200e+02, 2.19545944e+02, 2.06667603e+02,
    2.24749985e+02, 2.18609207e+02, 2.29951935e+02, 2.30723022e+02,
    2.01511734e+02, 1.88366943e+02, 2.06423706e+02, 1.99945419e+02,
    2.11230499e+02, 2.11633759e+02, 2.16309052e+02, 2.23328659e+02,
    2.21419266e+02, 2.35026855e+02 ]
