%YAML:1.0
---
points: [ 6.99288452e+02, 8.54903137e+02, 6.96219055e+02, 8.81337402e+02,
    6.92837158e+02, 9.07509216e+02, 6.90020386e+02, 9.33844421e+02,
    6.86577026e+02, 9.60660339e+02, 6.74356018e+02, 8.55750916e+02,
    6.70796265e+02, 8.82405334e+02, 6.67623230e+02, 9.08716492e+02,
    6.64446960e+02, 9.35509827e+02, 6.61060913e+02, 9.62484619e+02,
    6.48292114e+02, 8.56500610e+02, 6.44606812e+02, 8.83479797e+02,
    6.41365662e+02, 9.10163208e+02, 6.38150269e+02, 9.37461731e+02,
    6.34493225e+02, 9.64655884e+02, 6.21534729e+02, 8.57262939e+02,
    6.18085938e+02, 8.84682373e+02, 6.14553772e+02, 9.11583679e+02,
    6.11240479e+02, 9.38914978e+02, 6.07737000e+02, 9.66664734e+02,
    5.94224121e+02, 8.58232605e+02, 5.90686401e+02, 8.85725037e+02,
    5.86973450e+02, 9.13154724e+02, 5.83521240e+02, 9.40568665e+02,
    5.79939087e+02, 9.68952148e+02, 5.66021973e+02, 8.58818359e+02,
    5.62661377e+02, 8.86697083e+02, 5.59102722e+02, 9.14580444e+02,
    5.55251465e+02, 9.42699219e+02, 5.51649109e+02, 9.71026428e+02,
    5.37666260e+02, 8.59640076e+02, 5.33884705e+02, 8.87902222e+02,
    5.30217224e+02, 9.16241577e+02, 5.26623413e+02, 9.44511658e+02,
    5.22794617e+02, 9.73198181e+02 ]
