%YAML:1.0
---
points: [ 1.35148438e+03, 3.88616821e+02, 1.35974463e+03, 4.37229248e+02,
    1.36782629e+03, 4.84247589e+02, 1.37592090e+03, 5.30722229e+02,
    1.38420032e+03, 5.76808960e+02, 1.30028259e+03, 3.99676605e+02,
    1.30860229e+03, 4.47355652e+02, 1.31702917e+03, 4.93529755e+02,
    1.32545715e+03, 5.39481689e+02, 1.33364246e+03, 5.84745483e+02,
    1.24962231e+03, 4.10470947e+02, 1.25863660e+03, 4.57215118e+02,
    1.26720984e+03, 5.02785614e+02, 1.27581274e+03, 5.48259399e+02,
    1.28445935e+03, 5.92620544e+02, 1.20100867e+03, 4.20638458e+02,
    1.21021692e+03, 4.66714935e+02, 1.21904602e+03, 5.11757843e+02,
    1.22789966e+03, 5.56124023e+02, 1.23696594e+03, 6.00458618e+02,
    1.15338342e+03, 4.30643829e+02, 1.16273914e+03, 4.76375946e+02,
    1.17175354e+03, 5.20529358e+02, 1.18096362e+03, 5.64404541e+02,
    1.19013403e+03, 6.07783936e+02, 1.10717590e+03, 4.40320587e+02,
    1.11668274e+03, 4.85477692e+02, 1.12627258e+03, 5.29194885e+02,
    1.13546167e+03, 5.72313843e+02, 1.14473621e+03, 6.15356018e+02,
    1.06217969e+03, 4.49857788e+02, 1.07186621e+03, 4.94283539e+02,
    1.08154211e+03, 5.37615051e+02, 1.09128577e+03, 5.80349731e+02,
    1.10075549e+03, 6.22560791e+02 ]
