%YAML:1.0
---
points: [ 4.31045654e+02, 1.70202454e+02, 4.28281677e+02, 1.85525681e+02,
    4.25306885e+02, 2.00575806e+02, 4.22764679e+02, 2.15387573e+02,
    4.19970490e+02, 2.30254730e+02, 4.18693665e+02, 1.69126892e+02,
    4.15735718e+02, 1.84764771e+02, 4.12842346e+02, 1.99824249e+02,
    4.10179565e+02, 2.15002182e+02, 4.07480225e+02, 2.29691605e+02,
    4.05591034e+02, 1.68140396e+02, 4.02670319e+02, 1.83591492e+02,
    3.99852875e+02, 1.99234314e+02, 3.97236084e+02, 2.14474365e+02,
    3.94431549e+02, 2.29590759e+02, 3.92106628e+02, 1.66823608e+02,
    3.89474457e+02, 1.83044571e+02, 3.86562408e+02, 1.98477432e+02,
    3.84047699e+02, 2.13800827e+02, 3.81512177e+02, 2.29172684e+02,
    3.78244263e+02, 1.65676315e+02, 3.75773010e+02, 1.82085999e+02,
    3.72890289e+02, 1.97770828e+02, 3.70296936e+02, 2.13350906e+02,
    3.67813568e+02, 2.28853821e+02, 3.63968109e+02, 1.64443298e+02,
    3.61586151e+02, 1.80987747e+02, 3.58973389e+02, 1.97154083e+02,
    3.56427460e+02, 2.12911407e+02, 3.54080536e+02, 2.28321182e+02,
    3.49563385e+02, 1.63325119e+02, 3.47212677e+02, 1.80184372e+02,
    3.44829773e+02, 1.96379837e+02, 3.42451935e+02, 2.12339127e+02,
    3.40111206e+02, 2.28091324e+02 ]
