%YAML:1.0
---
points: [ 1.40026538e+03, 4.31408630e+02, 1.39164978e+03, 4.76664673e+02,
    1.38290625e+03, 5.20582825e+02, 1.37492981e+03, 5.64351196e+02,
    1.36674731e+03, 6.07460510e+02, 1.36231958e+03, 4.28058044e+02,
    1.35346411e+03, 4.73713135e+02, 1.34469312e+03, 5.18286621e+02,
    1.33680493e+03, 5.62307739e+02, 1.32873645e+03, 6.05711670e+02,
    1.32247546e+03, 4.24400452e+02, 1.31365698e+03, 4.70738953e+02,
    1.30548523e+03, 5.15801819e+02, 1.29761890e+03, 5.60438660e+02,
    1.28974048e+03, 6.04282288e+02, 1.28154553e+03, 4.20631958e+02,
    1.27381299e+03, 4.67540894e+02, 1.26520581e+03, 5.13180359e+02,
    1.25772668e+03, 5.58381287e+02, 1.25044641e+03, 6.03044922e+02,
    1.23958997e+03, 4.17000458e+02, 1.23250806e+03, 4.64552643e+02,
    1.22408606e+03, 5.10632996e+02, 1.21659204e+03, 5.56207947e+02,
    1.20934180e+03, 6.01409973e+02, 1.19696143e+03, 4.12859528e+02,
    1.18990967e+03, 4.61179413e+02, 1.18256775e+03, 5.08101318e+02,
    1.17512219e+03, 5.54324646e+02, 1.16833704e+03, 6.00128906e+02,
    1.15381873e+03, 4.08821625e+02, 1.14689514e+03, 4.57757141e+02,
    1.13989441e+03, 5.05423187e+02, 1.13318286e+03, 5.52293091e+02,
    1.12640637e+03, 5.98525635e+02 ]
