%YAML:1.0
---
points: [ 7.08982666e+02, 6.54743713e+02, 7.03914490e+02, 6.77488220e+02,
    6.98535461e+02, 7.00360474e+02, 6.93517029e+02, 7.23404114e+02,
    6.88167542e+02, 7.46584839e+02, 6.89607239e+02, 6.51223206e+02,
    6.84202148e+02, 6.74539917e+02, 6.78677979e+02, 6.97387451e+02,
    6.73377197e+02, 7.20813904e+02, 6.67853455e+02, 7.44347839e+02,
    6.69234619e+02, 6.47652649e+02, 6.63565552e+02, 6.71046326e+02,
    6.57916138e+02, 6.94556152e+02, 6.52488647e+02, 7.18328979e+02,
    6.46567932e+02, 7.42268982e+02, 6.47975891e+02, 6.43921570e+02,
    6.42513123e+02, 6.67658630e+02, 6.36525208e+02, 6.91487122e+02,
    6.30764709e+02, 7.15525330e+02, 6.25250000e+02, 7.39872070e+02,
    6.26251587e+02, 6.40011230e+02, 6.20550598e+02, 6.64319885e+02,
    6.14363586e+02, 6.88327515e+02, 6.08448364e+02, 7.12652954e+02,
    6.02411133e+02, 7.37570312e+02, 6.03597107e+02, 6.35698608e+02,
    5.97644531e+02, 6.60538025e+02, 5.91691589e+02, 6.85184448e+02,
    5.85660217e+02, 7.09843933e+02, 5.79549683e+02, 7.35022339e+02,
    5.80615295e+02, 6.31744202e+02, 5.74617737e+02, 6.56707947e+02,
    5.68483887e+02, 6.81726685e+02, 5.62261230e+02, 7.07052795e+02,
    5.55674866e+02, 7.32573486e+02 ]
