%YAML:1.0
---
points: [ 3.10980133e+02, 2.59313782e+02, 3.10910522e+02, 2.74758698e+02,
    3.10667114e+02, 2.89815552e+02, 3.10636353e+02, 3.05199890e+02,
    3.10556213e+02, 3.20520477e+02, 2.96801636e+02, 2.59878815e+02,
    2.96651550e+02, 2.75423828e+02, 2.96473206e+02, 2.90610748e+02,
    2.96332275e+02, 3.06195343e+02, 2.96277130e+02, 3.21484192e+02,
    2.82178772e+02, 2.60607574e+02, 2.82003418e+02, 2.76059875e+02,
    2.81815674e+02, 2.91626892e+02, 2.81818817e+02, 3.07160187e+02,
    2.81589264e+02, 3.22764526e+02, 2.67246796e+02, 2.60949707e+02,
    2.67191223e+02, 2.76782623e+02, 2.66941650e+02, 2.92414368e+02,
    2.66872040e+02, 3.08146545e+02, 2.66879456e+02, 3.24012268e+02,
    2.52088898e+02, 2.61598206e+02, 2.51935760e+02, 2.77539581e+02,
    2.51690323e+02, 2.93470490e+02, 2.51612564e+02, 3.09253082e+02,
    2.51389252e+02, 3.25418427e+02, 2.36363663e+02, 2.62073456e+02,
    2.36324005e+02, 2.78377228e+02, 2.36232758e+02, 2.94424011e+02,
    2.36090820e+02, 3.10435242e+02, 2.35834549e+02, 3.26707947e+02,
    2.20495636e+02, 2.62722778e+02, 2.20476746e+02, 2.79136108e+02,
    2.20337799e+02, 2.95446442e+02, 2.20192307e+02, 3.11708527e+02,
    2.20001083e+02, 3.28149475e+02 ]
