%YAML:1.0
---
points: [ 3.14906799e+02, 2.12984619e+02, 3.10898895e+02, 2.24935623e+02,
    3.06832397e+02, 2.36649536e+02, 3.03021057e+02, 2.48397873e+02,
    2.99063324e+02, 2.60176239e+02, 3.06493774e+02, 2.10552307e+02,
    3.02284424e+02, 2.22938705e+02, 2.98226868e+02, 2.34819626e+02,
    2.94188934e+02, 2.46858337e+02, 2.90296417e+02, 2.58758911e+02,
    2.97536560e+02, 2.08335587e+02, 2.93164917e+02, 2.20556458e+02,
    2.89094940e+02, 2.32874222e+02, 2.85024200e+02, 2.45187408e+02,
    2.80848022e+02, 2.57318420e+02, 2.87983887e+02, 2.05575928e+02,
    2.83903961e+02, 2.18352631e+02, 2.79527069e+02, 2.30806107e+02,
    2.75397705e+02, 2.43436386e+02, 2.71427490e+02, 2.55909500e+02,
    2.78117462e+02, 2.02924240e+02, 2.74061188e+02, 2.15995682e+02,
    2.69658386e+02, 2.28742981e+02, 2.65394562e+02, 2.41409195e+02,
    2.61208923e+02, 2.54396423e+02, 2.67910736e+02, 1.99902618e+02,
    2.63717285e+02, 2.13466797e+02, 2.59449036e+02, 2.26611130e+02,
    2.55004822e+02, 2.39573502e+02, 2.50784515e+02, 2.52731400e+02,
    2.57276367e+02, 1.97050964e+02, 2.52984955e+02, 2.10864441e+02,
    2.48762863e+02, 2.24435486e+02, 2.44343475e+02, 2.37716324e+02,
    2.39791443e+02, 2.51307678e+02 ]
