%YAML:1.0
---
points: [ 2.60572479e+02, 2.50941574e+02, 2.66706299e+02, 2.66764954e+02,
    2.72934021e+02, 2.82714996e+02, 2.79213806e+02, 2.98927856e+02,
    2.85637238e+02, 3.15486725e+02, 2.47768539e+02, 2.55622574e+02,
    2.53852600e+02, 2.71149872e+02, 2.60002441e+02, 2.86670898e+02,
    2.66176147e+02, 3.02460968e+02, 2.72445923e+02, 3.18543640e+02,
    2.35647934e+02, 2.60150391e+02, 2.41683151e+02, 2.75351837e+02,
    2.47627197e+02, 2.90437683e+02, 2.53411087e+02, 3.06007935e+02,
    2.59409607e+02, 3.21653320e+02, 2.24397995e+02, 2.64319275e+02,
    2.29928085e+02, 2.79284424e+02, 2.35851898e+02, 2.93981628e+02,
    2.41443893e+02, 3.09264984e+02, 2.47133835e+02, 3.24593719e+02,
    2.13537918e+02, 2.68463989e+02, 2.18691299e+02, 2.83092865e+02,
    2.24345627e+02, 2.97726257e+02, 2.29956894e+02, 3.12281494e+02,
    2.35537338e+02, 3.27411591e+02, 2.03077393e+02, 2.72358795e+02,
    2.08114914e+02, 2.86704529e+02, 2.13448669e+02, 3.01089752e+02,
    2.18862701e+02, 3.15364075e+02, 2.24290054e+02, 3.30081024e+02,
    1.92769913e+02, 2.76212769e+02, 1.98018417e+02, 2.90217712e+02,
    2.02978409e+02, 3.04182800e+02, 2.08248505e+02, 3.18421600e+02,
    2.13486954e+02, 3.32765808e+02 ]
