%YAML:1.0
---
points: [ 1.07112451e+03, 5.53121460e+02, 1.05944958e+03, 5.88168030e+02,
    1.04720435e+03, 6.22512634e+02, 1.03556335e+03, 6.56956055e+02,
    1.02348737e+03, 6.91549011e+02, 1.04553760e+03, 5.46086060e+02,
    1.03277686e+03, 5.81713257e+02, 1.02042151e+03, 6.16834412e+02,
    1.00838080e+03, 6.51818542e+02, 9.96428650e+02, 6.86965210e+02,
    1.01760065e+03, 5.38599609e+02, 1.00468359e+03, 5.75013916e+02,
    9.92239136e+02, 6.10739685e+02, 9.80232727e+02, 6.46719421e+02,
    9.67644897e+02, 6.82513489e+02, 9.88560791e+02, 5.30525452e+02,
    9.75933655e+02, 5.67911865e+02, 9.62997742e+02, 6.04418823e+02,
    9.50432251e+02, 6.41185608e+02, 9.38440002e+02, 6.78098206e+02,
    9.58210083e+02, 5.22412842e+02, 9.45713928e+02, 5.60556702e+02,
    9.32432800e+02, 5.98100952e+02, 9.19634338e+02, 6.35361267e+02,
    9.06803345e+02, 6.73189392e+02, 9.26410095e+02, 5.13438904e+02,
    9.13565125e+02, 5.52631897e+02, 9.00600281e+02, 5.91518677e+02,
    8.87479980e+02, 6.29613708e+02, 8.74633240e+02, 6.68340393e+02,
    8.93475098e+02, 5.04429169e+02, 8.80468933e+02, 5.44774841e+02,
    8.67468567e+02, 5.84449646e+02, 8.54328979e+02, 6.23752380e+02,
    8.40977356e+02, 6.63308655e+02 ]
