%YAML:1.0
---
points: [ 9.33123291e+02, 5.70184448e+02, 9.34904846e+02, 5.96855042e+02,
    9.36864197e+02, 6.23355347e+02, 9.38764099e+02, 6.50192322e+02,
    9.40548645e+02, 6.77078003e+02, 9.06615356e+02, 5.71872681e+02,
    9.08443298e+02, 5.98707947e+02, 9.10367920e+02, 6.25338867e+02,
    9.12185547e+02, 6.52168152e+02, 9.13999634e+02, 6.79201294e+02,
    8.79758667e+02, 5.73882324e+02, 8.81569580e+02, 6.00711975e+02,
    8.83465454e+02, 6.27471680e+02, 8.85270325e+02, 6.54371033e+02,
    8.86888794e+02, 6.81378784e+02, 8.53072083e+02, 5.75760437e+02,
    8.54678101e+02, 6.02695374e+02, 8.56608215e+02, 6.29421448e+02,
    8.58403687e+02, 6.56274048e+02, 8.60136230e+02, 6.83505920e+02,
    8.26127747e+02, 5.77747253e+02, 8.27760681e+02, 6.04570435e+02,
    8.29444458e+02, 6.31555786e+02, 8.31198730e+02, 6.58516663e+02,
    8.32823914e+02, 6.85843750e+02, 7.98797485e+02, 5.79613403e+02,
    8.00604797e+02, 6.06760071e+02, 8.02269836e+02, 6.33563843e+02,
    8.03879700e+02, 6.60673950e+02, 8.05709900e+02, 6.87921570e+02,
    7.71540771e+02, 5.81574097e+02, 7.73367859e+02, 6.08607056e+02,
    7.75010986e+02, 6.35590454e+02, 7.76608093e+02, 6.62739929e+02,
    7.78347473e+02, 6.90332397e+02 ]
