%YAML:1.0
---
points: [ 1.03171252e+03, 4.60568024e+02, 1.04046899e+03, 4.91872681e+02,
    1.04946826e+03, 5.23204773e+02, 1.05834314e+03, 5.54542358e+02,
    1.06721765e+03, 5.86558899e+02, 1.00252460e+03, 4.70501190e+02,
    1.01147101e+03, 5.01501343e+02, 1.02029199e+03, 5.32254883e+02,
    1.02867249e+03, 5.63465698e+02, 1.03763330e+03, 5.94741821e+02,
    9.74335266e+02, 4.80148651e+02, 9.82802490e+02, 5.10683441e+02,
    9.91445129e+02, 5.41260254e+02, 9.99819275e+02, 5.72108032e+02,
    1.00848883e+03, 6.03142761e+02, 9.47110962e+02, 4.89493164e+02,
    9.55122070e+02, 5.19683167e+02, 9.63724426e+02, 5.49840027e+02,
    9.72079956e+02, 5.80458496e+02, 9.80356201e+02, 6.11265442e+02,
    9.20162476e+02, 4.98715576e+02, 9.27839111e+02, 5.28625977e+02,
    9.36293823e+02, 5.58578796e+02, 9.44434387e+02, 5.88562073e+02,
    9.52528625e+02, 6.19162842e+02, 8.93706177e+02, 5.07593109e+02,
    9.01569946e+02, 5.37327881e+02, 9.09443604e+02, 5.66813171e+02,
    9.17573059e+02, 5.96662048e+02, 9.25532898e+02, 6.26734253e+02,
    8.68203369e+02, 5.16419922e+02, 8.75657288e+02, 5.45734314e+02,
    8.83436157e+02, 5.74915039e+02, 8.91275757e+02, 6.04433533e+02,
    8.99117981e+02, 6.34259888e+02 ]
