%YAML:1.0
---
points: [ 1.04881299e+03, 5.16100159e+02, 1.04898804e+03, 5.55380005e+02,
    1.04897498e+03, 5.93753357e+02, 1.04920227e+03, 6.32081482e+02,
    1.04924158e+03, 6.69861145e+02, 1.00928833e+03, 5.17609863e+02,
    1.00958545e+03, 5.56839905e+02, 1.00986713e+03, 5.95455078e+02,
    1.01028412e+03, 6.33677612e+02, 1.01059833e+03, 6.71347351e+02,
    9.68953369e+02, 5.18939270e+02, 9.69606384e+02, 5.58521545e+02,
    9.70235535e+02, 5.97110291e+02, 9.70743347e+02, 6.35422729e+02,
    9.71350220e+02, 6.73106201e+02, 9.28573059e+02, 5.20278381e+02,
    9.29613403e+02, 5.60033447e+02, 9.30576599e+02, 5.98570251e+02,
    9.31509888e+02, 6.37086975e+02, 9.32504272e+02, 6.75314392e+02,
    8.87848694e+02, 5.21744873e+02, 8.89308960e+02, 5.61592651e+02,
    8.90413391e+02, 6.00460510e+02, 8.91490234e+02, 6.38829895e+02,
    8.92576111e+02, 6.77021851e+02, 8.46913208e+02, 5.23081543e+02,
    8.48558899e+02, 5.63191223e+02, 8.50081299e+02, 6.02256775e+02,
    8.51463867e+02, 6.40688965e+02, 8.52997864e+02, 6.79263916e+02,
    8.05700378e+02, 5.24461182e+02, 8.07517944e+02, 5.64816833e+02,
    8.09430359e+02, 6.03969482e+02, 8.11317993e+02, 6.42811462e+02,
    8.12859131e+02, 6.81242065e+02 ]
