%YAML:1.0
---
points: [ 3.09077728e+02, 2.00297394e+02, 3.09016876e+02, 2.13838242e+02,
    3.09048004e+02, 2.26786453e+02, 3.09150055e+02, 2.39920670e+02,
    3.09122833e+02, 2.52725449e+02, 2.95535278e+02, 2.01038956e+02,
    2.95699310e+02, 2.14495422e+02, 2.95803406e+02, 2.27475159e+02,
    2.95981384e+02, 2.40604874e+02, 2.96132629e+02, 2.53207626e+02,
    2.81996094e+02, 2.01677505e+02, 2.82110229e+02, 2.15214417e+02,
    2.82209442e+02, 2.28253998e+02, 2.82545807e+02, 2.41195694e+02,
    2.82810791e+02, 2.54074890e+02, 2.68178162e+02, 2.02246429e+02,
    2.68596924e+02, 2.15913925e+02, 2.68959045e+02, 2.29066238e+02,
    2.69222626e+02, 2.41986679e+02, 2.69560059e+02, 2.54952545e+02,
    2.54473526e+02, 2.03047501e+02, 2.55070084e+02, 2.16538177e+02,
    2.55333054e+02, 2.29688354e+02, 2.55777954e+02, 2.42757401e+02,
    2.56166077e+02, 2.55726700e+02, 2.40632034e+02, 2.03407928e+02,
    2.41308914e+02, 2.17218353e+02, 2.41790665e+02, 2.30450775e+02,
    2.42289322e+02, 2.43519455e+02, 2.42810684e+02, 2.56544556e+02,
    2.26894272e+02, 2.04108383e+02, 2.27436386e+02, 2.18093689e+02,
    2.28173233e+02, 2.31327225e+02, 2.28758286e+02, 2.44364014e+02,
    2.29279877e+02, 2.57432465e+02 ]
