%YAML:1.0
---
points: [ 2.59516571e+02, 2.30870499e+02, 2.61145660e+02, 2.46106216e+02,
    2.63119629e+02, 2.62140961e+02, 2.64882233e+02, 2.78896332e+02,
    2.66796204e+02, 2.96636108e+02, 2.46679794e+02, 2.35784439e+02,
    2.48276077e+02, 2.50856934e+02, 2.49853821e+02, 2.66700531e+02,
    2.51355820e+02, 2.83142120e+02, 2.53028473e+02, 3.00482147e+02,
    2.34454559e+02, 2.40500641e+02, 2.35800858e+02, 2.55506180e+02,
    2.37091995e+02, 2.71032104e+02, 2.38311417e+02, 2.87295715e+02,
    2.39579865e+02, 3.04198486e+02, 2.23116898e+02, 2.45200073e+02,
    2.23833969e+02, 2.59855469e+02, 2.25025909e+02, 2.75183929e+02,
    2.25880188e+02, 2.91119934e+02, 2.26780670e+02, 3.07858307e+02,
    2.11964401e+02, 2.49699738e+02, 2.12348587e+02, 2.64113770e+02,
    2.13321625e+02, 2.79126923e+02, 2.14154907e+02, 2.94757965e+02,
    2.14757736e+02, 3.11301758e+02, 2.01323120e+02, 2.54001572e+02,
    2.01520111e+02, 2.68128876e+02, 2.02011612e+02, 2.82953552e+02,
    2.02565735e+02, 2.98350067e+02, 2.03021606e+02, 3.14542999e+02,
    1.90961258e+02, 2.57947815e+02, 1.91043579e+02, 2.72025055e+02,
    1.91092041e+02, 2.86544617e+02, 1.91491699e+02, 3.01868744e+02,
    1.91686508e+02, 3.17507172e+02 ]
