%YAML:1.0
---
points: [ 1.27409546e+03, 4.54946564e+02, 1.28148303e+03, 4.86396606e+02,
    1.28914075e+03, 5.17577576e+02, 1.29662756e+03, 5.49149109e+02,
    1.30442761e+03, 5.80776001e+02, 1.24147473e+03, 4.62641449e+02,
    1.24876733e+03, 4.93756836e+02, 1.25618188e+03, 5.24692383e+02,
    1.26362524e+03, 5.55799622e+02, 1.27116919e+03, 5.87349243e+02,
    1.20940698e+03, 4.70579987e+02, 1.21662695e+03, 5.01412506e+02,
    1.22374146e+03, 5.32073792e+02, 1.23121741e+03, 5.62756165e+02,
    1.23839673e+03, 5.93971313e+02, 1.17821619e+03, 4.78179108e+02,
    1.18530615e+03, 5.08457550e+02, 1.19226721e+03, 5.39067200e+02,
    1.19949805e+03, 5.69606750e+02, 1.20679712e+03, 6.00485718e+02,
    1.14747705e+03, 4.85652771e+02, 1.15428162e+03, 5.15673401e+02,
    1.16118750e+03, 5.45774048e+02, 1.16836389e+03, 5.76124084e+02,
    1.17533240e+03, 6.06885132e+02, 1.11726758e+03, 4.92699951e+02,
    1.12401465e+03, 5.22883728e+02, 1.13084033e+03, 5.52540344e+02,
    1.13770068e+03, 5.82538452e+02, 1.14460974e+03, 6.13115845e+02,
    1.08775159e+03, 4.99870117e+02, 1.09449585e+03, 5.29515076e+02,
    1.10120679e+03, 5.59297424e+02, 1.10775500e+03, 5.89020813e+02,
    1.11462451e+03, 6.19044128e+02 ]
