%YAML:1.0
---
points: [ 3.11981354e+02, 2.43790253e+02, 3.14767853e+02, 2.57985199e+02,
    3.17184601e+02, 2.72592499e+02, 3.20034302e+02, 2.87766052e+02,
    3.22806793e+02, 3.03573120e+02, 2.99795654e+02, 2.43107071e+02,
    3.02004456e+02, 2.57557312e+02, 3.04394562e+02, 2.72487976e+02,
    3.06907715e+02, 2.88011536e+02, 3.09578674e+02, 3.03947906e+02,
    2.86767517e+02, 2.42478378e+02, 2.88844330e+02, 2.57261047e+02,
    2.90845032e+02, 2.72453613e+02, 2.93379211e+02, 2.88135620e+02,
    2.95671051e+02, 3.04475403e+02, 2.73331177e+02, 2.41862854e+02,
    2.75403992e+02, 2.56925446e+02, 2.77213562e+02, 2.72336975e+02,
    2.79273468e+02, 2.88330292e+02, 2.81622955e+02, 3.05111298e+02,
    2.59528900e+02, 2.41377792e+02, 2.61408417e+02, 2.56433105e+02,
    2.62979340e+02, 2.72353973e+02, 2.64767792e+02, 2.88607452e+02,
    2.66628906e+02, 3.05754517e+02, 2.45036255e+02, 2.40781952e+02,
    2.46661926e+02, 2.56163391e+02, 2.48242905e+02, 2.72057526e+02,
    2.49706375e+02, 2.88860016e+02, 2.51472733e+02, 3.06189911e+02,
    2.30372314e+02, 2.40073761e+02, 2.31754532e+02, 2.55869232e+02,
    2.33068375e+02, 2.71957489e+02, 2.34377655e+02, 2.89027527e+02,
    2.35605881e+02, 3.06779907e+02 ]
