%YAML:1.0
---
points: [ 2.71695221e+02, 1.92720612e+02, 2.77625153e+02, 2.06080292e+02,
    2.83656006e+02, 2.19099045e+02, 2.89557739e+02, 2.32288864e+02,
    2.95449951e+02, 2.45195465e+02, 2.60357330e+02, 1.97542969e+02,
    2.66345398e+02, 2.10386978e+02, 2.72315491e+02, 2.23127533e+02,
    2.78127350e+02, 2.35751663e+02, 2.83945496e+02, 2.48478897e+02,
    2.49574127e+02, 2.01919495e+02, 2.55458481e+02, 2.14638596e+02,
    2.61340332e+02, 2.26884155e+02, 2.66944000e+02, 2.39442474e+02,
    2.72773346e+02, 2.51862579e+02, 2.39380295e+02, 2.06139786e+02,
    2.45091507e+02, 2.18545135e+02, 2.50899597e+02, 2.30556564e+02,
    2.56567566e+02, 2.42729401e+02, 2.62126862e+02, 2.54893387e+02,
    2.29619522e+02, 2.10199997e+02, 2.35182388e+02, 2.22343628e+02,
    2.40879395e+02, 2.34101486e+02, 2.46459961e+02, 2.45955750e+02,
    2.51978912e+02, 2.57943024e+02, 2.20148239e+02, 2.14031372e+02,
    2.25648880e+02, 2.25867813e+02, 2.31130905e+02, 2.37606033e+02,
    2.36689224e+02, 2.49057922e+02, 2.42151352e+02, 2.60864532e+02,
    2.11008270e+02, 2.17820541e+02, 2.16451889e+02, 2.29422729e+02,
    2.21789215e+02, 2.40805603e+02, 2.27181396e+02, 2.52234985e+02,
    2.32597504e+02, 2.63645844e+02 ]
