%YAML:1.0
---
points: [ 9.35228577e+02, 4.92439606e+02, 9.52331848e+02, 5.31658447e+02,
    9.69720703e+02, 5.70235718e+02, 9.86626282e+02, 6.08824768e+02,
    1.00369928e+03, 6.47419739e+02, 9.03236328e+02, 5.05752258e+02,
    9.20620178e+02, 5.44071899e+02, 9.37742065e+02, 5.81543640e+02,
    9.54522278e+02, 6.19237000e+02, 9.71409058e+02, 6.56637634e+02,
    8.72816345e+02, 5.18539795e+02, 8.90115662e+02, 5.55655884e+02,
    9.07007385e+02, 5.92474792e+02, 9.23451111e+02, 6.29420715e+02,
    9.40195618e+02, 6.65960205e+02, 8.44357422e+02, 5.30499756e+02,
    8.60739868e+02, 5.66985168e+02, 8.77770264e+02, 6.02690002e+02,
    8.94049866e+02, 6.38707947e+02, 9.10153259e+02, 6.74851196e+02,
    8.16653320e+02, 5.41907715e+02, 8.32536377e+02, 5.77902893e+02,
    8.49347351e+02, 6.12929932e+02, 8.65477112e+02, 6.47965820e+02,
    8.81421509e+02, 6.83276550e+02, 7.90026611e+02, 5.52770752e+02,
    8.05797974e+02, 5.88136108e+02, 8.21725281e+02, 6.22694031e+02,
    8.37794922e+02, 6.56966492e+02, 8.53629822e+02, 6.91650513e+02,
    7.64426575e+02, 5.63537659e+02, 7.80161926e+02, 5.98153564e+02,
    7.95514709e+02, 6.32049866e+02, 8.11307373e+02, 6.65773987e+02,
    8.26753418e+02, 6.99628418e+02 ]
