%YAML:1.0
---
points: [ 3.80888519e+02, 2.39972397e+02, 3.84659882e+02, 2.54095490e+02,
    3.88310974e+02, 2.68777191e+02, 3.92283722e+02, 2.83956512e+02,
    3.96235138e+02, 2.99961945e+02, 3.67255249e+02, 2.40303345e+02,
    3.70658722e+02, 2.54991653e+02, 3.74143860e+02, 2.69733612e+02,
    3.77820221e+02, 2.85206268e+02, 3.81634644e+02, 3.01028015e+02,
    3.53075470e+02, 2.41062881e+02, 3.56318909e+02, 2.55699326e+02,
    3.59539764e+02, 2.70788818e+02, 3.63072693e+02, 2.86185608e+02,
    3.66529449e+02, 3.02281281e+02, 3.38741882e+02, 2.41767288e+02,
    3.41866180e+02, 2.56314301e+02, 3.44882050e+02, 2.71616730e+02,
    3.48139709e+02, 2.87265991e+02, 3.51645050e+02, 3.03393066e+02,
    3.24356567e+02, 2.42654724e+02, 3.27337799e+02, 2.57230988e+02,
    3.29989319e+02, 2.72452057e+02, 3.33007904e+02, 2.88231750e+02,
    3.36151947e+02, 3.04789886e+02, 3.09763306e+02, 2.43204926e+02,
    3.12376801e+02, 2.58135590e+02, 3.15060059e+02, 2.73313599e+02,
    3.17689392e+02, 2.89243408e+02, 3.20690277e+02, 3.05890076e+02,
    2.95091339e+02, 2.43906372e+02, 2.97554108e+02, 2.58981934e+02,
    2.99887451e+02, 2.74144318e+02, 3.02378082e+02, 2.90371735e+02,
    3.04951050e+02, 3.07099518e+02 ]
