%YAML:1.0
---
points: [ 2.83608673e+02, 1.74333878e+02, 2.84883301e+02, 1.86837570e+02,
    2.86283752e+02, 1.99695923e+02, 2.87829773e+02, 2.13007156e+02,
    2.89244080e+02, 2.26552750e+02, 2.70782288e+02, 1.78075592e+02,
    2.71987305e+02, 1.90563583e+02, 2.73346741e+02, 2.03208359e+02,
    2.74392029e+02, 2.16480728e+02, 2.75848694e+02, 2.29842834e+02,
    2.58324249e+02, 1.81865875e+02, 2.59497009e+02, 1.93988251e+02,
    2.60539612e+02, 2.06647522e+02, 2.61516571e+02, 2.19571503e+02,
    2.62577606e+02, 2.33075790e+02, 2.46558716e+02, 1.85416855e+02,
    2.47299835e+02, 1.97532303e+02, 2.48283310e+02, 2.09964233e+02,
    2.49052475e+02, 2.22816788e+02, 2.49779175e+02, 2.36053909e+02,
    2.35183105e+02, 1.88898132e+02, 2.35444580e+02, 2.00891037e+02,
    2.36247864e+02, 2.13309067e+02, 2.36822098e+02, 2.25959671e+02,
    2.37367752e+02, 2.39058121e+02, 2.23743958e+02, 1.92465057e+02,
    2.24128693e+02, 2.04103790e+02, 2.24401520e+02, 2.16345322e+02,
    2.24947556e+02, 2.28898270e+02, 2.25281357e+02, 2.41909500e+02,
    2.12765167e+02, 1.95676620e+02, 2.12857574e+02, 2.07304764e+02,
    2.13016708e+02, 2.19473190e+02, 2.13309586e+02, 2.31780670e+02,
    2.13526123e+02, 2.44580246e+02 ]
