%YAML:1.0
---
points: [ 9.73716064e+02, 4.38636780e+02, 9.75812134e+02, 4.75360229e+02,
    9.78558472e+02, 5.13144897e+02, 9.80895935e+02, 5.51915649e+02,
    9.83464844e+02, 5.92460754e+02, 9.36936768e+02, 4.49013458e+02,
    9.38983337e+02, 4.85692505e+02, 9.41145691e+02, 5.23145996e+02,
    9.42940674e+02, 5.61487732e+02, 9.44813171e+02, 6.01589233e+02,
    9.01447083e+02, 4.59485962e+02, 9.02880005e+02, 4.95685364e+02,
    9.04502747e+02, 5.32892822e+02, 9.05607910e+02, 5.70759460e+02,
    9.06988464e+02, 6.10546936e+02, 8.67450989e+02, 4.69747498e+02,
    8.67978149e+02, 5.05332397e+02, 8.69373840e+02, 5.42279114e+02,
    8.69866333e+02, 5.79992493e+02, 8.70411072e+02, 6.18951660e+02,
    8.34283142e+02, 4.79882874e+02, 8.33726135e+02, 5.14686951e+02,
    8.34408691e+02, 5.51242676e+02, 8.34666016e+02, 5.88633301e+02,
    8.34675049e+02, 6.27510864e+02, 8.01718689e+02, 4.89346497e+02,
    8.01156799e+02, 5.24106201e+02, 8.00711670e+02, 5.59833923e+02,
    8.00629639e+02, 5.97155884e+02, 8.00130493e+02, 6.35345093e+02,
    7.70154114e+02, 4.98443756e+02, 7.68958435e+02, 5.33018982e+02,
    7.67977234e+02, 5.68284729e+02, 7.67218933e+02, 6.05022278e+02,
    7.66236267e+02, 6.43115906e+02 ]
