%YAML:1.0
---
points: [ 1.39160388e+03, 3.58932220e+02, 1.40267725e+03, 3.94482819e+02,
    1.41412390e+03, 4.30157288e+02, 1.42562720e+03, 4.66523926e+02,
    1.43731738e+03, 5.03431152e+02, 1.35288245e+03, 3.72203247e+02,
    1.36364709e+03, 4.07411041e+02, 1.37463708e+03, 4.42558899e+02,
    1.38555347e+03, 4.78372772e+02, 1.39687878e+03, 5.14688843e+02,
    1.31520056e+03, 3.85316864e+02, 1.32559399e+03, 4.19840820e+02,
    1.33605896e+03, 4.54687378e+02, 1.34668701e+03, 4.89844360e+02,
    1.35750696e+03, 5.25653320e+02, 1.27914136e+03, 3.97855164e+02,
    1.28889673e+03, 4.31918427e+02, 1.29929211e+03, 4.66289215e+02,
    1.30939929e+03, 5.00919220e+02, 1.31978040e+03, 5.36232544e+02,
    1.24384497e+03, 4.10321808e+02, 1.25335950e+03, 4.43582977e+02,
    1.26316138e+03, 4.77441101e+02, 1.27312439e+03, 5.11582855e+02,
    1.28296838e+03, 5.46477234e+02, 1.21004980e+03, 4.21891449e+02,
    1.21902905e+03, 4.54975250e+02, 1.22836536e+03, 4.88346344e+02,
    1.23789844e+03, 5.22108215e+02, 1.24765979e+03, 5.56257507e+02,
    1.17729895e+03, 4.33295197e+02, 1.18606592e+03, 4.65897308e+02,
    1.19479736e+03, 4.98542847e+02, 1.20411963e+03, 5.31853333e+02,
    1.21337000e+03, 5.65659546e+02 ]
