%YAML:1.0
---
points: [ 1.62905872e+03, 3.98800507e+02, 1.63780872e+03, 4.32758209e+02,
    1.64632715e+03, 4.66453217e+02, 1.65499902e+03, 5.00627319e+02,
    1.66370312e+03, 5.34741333e+02, 1.59057788e+03, 4.07809540e+02,
    1.59875708e+03, 4.41384521e+02, 1.60725256e+03, 4.74817810e+02,
    1.61570862e+03, 5.08373901e+02, 1.62423987e+03, 5.42334534e+02,
    1.55224988e+03, 4.16674194e+02, 1.56033911e+03, 4.49845642e+02,
    1.56857922e+03, 4.82690460e+02, 1.57686023e+03, 5.16183289e+02,
    1.58526831e+03, 5.49686584e+02, 1.51476379e+03, 4.25340942e+02,
    1.52287073e+03, 4.58001923e+02, 1.53105762e+03, 4.90672211e+02,
    1.53901587e+03, 5.23559814e+02, 1.54748999e+03, 5.56620178e+02,
    1.47807678e+03, 4.33852203e+02, 1.48604358e+03, 4.66104828e+02,
    1.49371912e+03, 4.98375092e+02, 1.50161011e+03, 5.30779175e+02,
    1.50974292e+03, 5.63743347e+02, 1.44229492e+03, 4.41874512e+02,
    1.44990698e+03, 4.74063385e+02, 1.45775757e+03, 5.05813904e+02,
    1.46542004e+03, 5.38123535e+02, 1.47356067e+03, 5.70543152e+02,
    1.40721777e+03, 4.50012512e+02, 1.41485803e+03, 4.81574890e+02,
    1.42248792e+03, 5.13153503e+02, 1.43006079e+03, 5.44895691e+02,
    1.43775842e+03, 5.76820374e+02 ]
