%YAML:1.0
---
points: [ 1.05849512e+03, 4.77475433e+02, 1.06212695e+03, 5.12379639e+02,
    1.06533643e+03, 5.48389832e+02, 1.06925940e+03, 5.85082336e+02,
    1.07286938e+03, 6.23076904e+02, 1.02331812e+03, 4.73407410e+02,
    1.02617871e+03, 5.09013458e+02, 1.02877966e+03, 5.45193420e+02,
    1.03208643e+03, 5.82438171e+02, 1.03524451e+03, 6.20810974e+02,
    9.86731995e+02, 4.69731049e+02, 9.89114380e+02, 5.05668823e+02,
    9.91398254e+02, 5.42407654e+02, 9.94065430e+02, 5.79935120e+02,
    9.96527649e+02, 6.18874695e+02, 9.49542297e+02, 4.66140564e+02,
    9.51639282e+02, 5.02085266e+02, 9.53300903e+02, 5.39350037e+02,
    9.55164490e+02, 5.77165833e+02, 9.57606201e+02, 6.16660706e+02,
    9.11425964e+02, 4.62340698e+02, 9.12936829e+02, 4.98290192e+02,
    9.14067871e+02, 5.35874695e+02, 9.15405029e+02, 5.74573242e+02,
    9.16835999e+02, 6.14283813e+02, 8.72377747e+02, 4.58330170e+02,
    8.73411377e+02, 4.94799103e+02, 8.74344849e+02, 5.32551025e+02,
    8.74788940e+02, 5.71549438e+02, 8.75679993e+02, 6.12083740e+02,
    8.32548035e+02, 4.54179871e+02, 8.32983093e+02, 4.91089630e+02,
    8.33301941e+02, 5.29024170e+02, 8.33411560e+02, 5.68494934e+02,
    8.33511475e+02, 6.09188293e+02 ]
