%YAML:1.0
---
points: [ 4.17858429e+02, 2.54864044e+02, 4.21309937e+02, 2.67384705e+02,
    4.24566956e+02, 2.80424835e+02, 4.28211273e+02, 2.93443237e+02,
    4.31678894e+02, 3.07090515e+02, 4.09725128e+02, 2.53860794e+02,
    4.12990570e+02, 2.66984955e+02, 4.16257874e+02, 2.79954681e+02,
    4.19731537e+02, 2.93598938e+02, 4.23013000e+02, 3.07212585e+02,
    4.01180145e+02, 2.53361282e+02, 4.04209839e+02, 2.66311523e+02,
    4.07375122e+02, 2.79834686e+02, 4.10851868e+02, 2.93485901e+02,
    4.14206482e+02, 3.07705109e+02, 3.91959503e+02, 2.52554092e+02,
    3.95242188e+02, 2.65822235e+02, 3.98280945e+02, 2.79538239e+02,
    4.01582214e+02, 2.93422119e+02, 4.05038849e+02, 3.07729034e+02,
    3.82353485e+02, 2.51723694e+02, 3.85869751e+02, 2.65163025e+02,
    3.88794678e+02, 2.79126923e+02, 3.91847656e+02, 2.93248657e+02,
    3.95419128e+02, 3.08242798e+02, 3.72621155e+02, 2.50789871e+02,
    3.75910034e+02, 2.64570068e+02, 3.79150482e+02, 2.78622772e+02,
    3.82108429e+02, 2.93296204e+02, 3.85435730e+02, 3.08226715e+02,
    3.62685455e+02, 2.49880890e+02, 3.65913361e+02, 2.63960815e+02,
    3.68851624e+02, 2.78292236e+02, 3.71930206e+02, 2.93025909e+02,
    3.75206787e+02, 3.08643707e+02 ]
