%YAML:1.0
---
points: [ 3.10878693e+02, 1.87259857e+02, 3.12595978e+02, 1.99117325e+02,
    3.14248718e+02, 2.11298126e+02, 3.15970947e+02, 2.23609131e+02,
    3.17825897e+02, 2.36693710e+02, 2.99203674e+02, 1.86037537e+02,
    3.00603333e+02, 1.98228577e+02, 3.02079437e+02, 2.10290619e+02,
    3.03658539e+02, 2.23115082e+02, 3.05270355e+02, 2.35990799e+02,
    2.86938263e+02, 1.84885056e+02, 2.88255890e+02, 1.97072662e+02,
    2.89435028e+02, 2.09536575e+02, 2.90945435e+02, 2.22284103e+02,
    2.92336609e+02, 2.35457596e+02, 2.74525787e+02, 1.83798828e+02,
    2.75759338e+02, 1.95987274e+02, 2.76720337e+02, 2.08595016e+02,
    2.77999908e+02, 2.21581329e+02, 2.79288208e+02, 2.35028305e+02,
    2.61848877e+02, 1.82775558e+02, 2.62875366e+02, 1.94864502e+02,
    2.63804718e+02, 2.07764282e+02, 2.64723938e+02, 2.20712463e+02,
    2.65816559e+02, 2.34549042e+02, 2.48868805e+02, 1.81524384e+02,
    2.49616394e+02, 1.93949936e+02, 2.50490845e+02, 2.06663406e+02,
    2.51176651e+02, 2.19988419e+02, 2.52237228e+02, 2.33586990e+02,
    2.35714279e+02, 1.80155792e+02, 2.36356003e+02, 1.92926819e+02,
    2.36983582e+02, 2.05647095e+02, 2.37517593e+02, 2.19124786e+02,
    2.38160599e+02, 2.32969894e+02 ]
