%YAML:1.0
---
points: [ 1.74893164e+03, 3.57553619e+02, 1.75996289e+03, 3.93023010e+02,
    1.77083618e+03, 4.28461334e+02, 1.78184583e+03, 4.64044739e+02,
    1.79276562e+03, 4.99876160e+02, 1.70704883e+03, 3.69174072e+02,
    1.71753430e+03, 4.04122375e+02, 1.72828735e+03, 4.38923401e+02,
    1.73880981e+03, 4.74202850e+02, 1.74957043e+03, 5.09471466e+02,
    1.66551575e+03, 3.80585114e+02, 1.67578296e+03, 4.14927490e+02,
    1.68631580e+03, 4.49450378e+02, 1.69667383e+03, 4.84046265e+02,
    1.70709058e+03, 5.18910095e+02, 1.62525293e+03, 3.91544525e+02,
    1.63541663e+03, 4.25472290e+02, 1.64549817e+03, 4.59515045e+02,
    1.65565210e+03, 4.93465118e+02, 1.66624146e+03, 5.28234009e+02,
    1.58566052e+03, 4.02569519e+02, 1.59568530e+03, 4.35687500e+02,
    1.60550903e+03, 4.69420990e+02, 1.61556714e+03, 5.02904175e+02,
    1.62554541e+03, 5.37052307e+02, 1.54734448e+03, 4.12760651e+02,
    1.55687170e+03, 4.45724915e+02, 1.56662183e+03, 4.78772919e+02,
    1.57644824e+03, 5.12154297e+02, 1.58633850e+03, 5.45615540e+02,
    1.50997656e+03, 4.23092102e+02, 1.51942883e+03, 4.55553894e+02,
    1.52882397e+03, 4.87938507e+02, 1.53848157e+03, 5.20736572e+02,
    1.54820496e+03, 5.53945007e+02 ]
