%YAML:1.0
---
points: [ 3.13089111e+02, 1.90130783e+02, 3.15056549e+02, 2.01759720e+02,
    3.16717224e+02, 2.13832047e+02, 3.18691498e+02, 2.25964386e+02,
    3.20599487e+02, 2.38731171e+02, 3.02762054e+02, 1.88218246e+02,
    3.04340149e+02, 2.00229858e+02, 3.05953278e+02, 2.12281204e+02,
    3.07724426e+02, 2.24922409e+02, 3.09517456e+02, 2.37618073e+02,
    2.91866150e+02, 1.86555618e+02, 2.93358398e+02, 1.98458603e+02,
    2.94821564e+02, 2.10897598e+02, 2.96422974e+02, 2.23446304e+02,
    2.97994568e+02, 2.36677490e+02, 2.80661407e+02, 1.84703812e+02,
    2.82070190e+02, 1.96711075e+02, 2.83326538e+02, 2.09368027e+02,
    2.84710266e+02, 2.22164017e+02, 2.86403564e+02, 2.35383408e+02,
    2.68942719e+02, 1.82760025e+02, 2.70378601e+02, 1.94859558e+02,
    2.71356750e+02, 2.07800644e+02, 2.72616333e+02, 2.20713898e+02,
    2.74071228e+02, 2.34288223e+02, 2.56882568e+02, 1.80612518e+02,
    2.58182159e+02, 1.93138000e+02, 2.59234070e+02, 2.06048981e+02,
    2.60222137e+02, 2.19353226e+02, 2.61466522e+02, 2.33067108e+02,
    2.44740768e+02, 1.78451797e+02, 2.45681564e+02, 1.91354172e+02,
    2.46669983e+02, 2.04238205e+02, 2.47540237e+02, 2.17638214e+02,
    2.48524307e+02, 2.31665588e+02 ]
