%YAML:1.0
---
points: [ 4.07240753e+02, 2.45052917e+02, 4.11168488e+02, 2.58362366e+02,
    4.15101379e+02, 2.72359161e+02, 4.19099274e+02, 2.86414703e+02,
    4.23321625e+02, 3.01542480e+02, 3.93007446e+02, 2.46789444e+02,
    3.96596924e+02, 2.60402039e+02, 4.00321259e+02, 2.74149231e+02,
    4.04225555e+02, 2.88717682e+02, 4.07980316e+02, 3.03217499e+02,
    3.78620514e+02, 2.48905182e+02, 3.82040375e+02, 2.62287842e+02,
    3.85451508e+02, 2.76326050e+02, 3.89130768e+02, 2.90415497e+02,
    3.92807526e+02, 3.05339417e+02, 3.64458893e+02, 2.50785446e+02,
    3.67707367e+02, 2.64293427e+02, 3.70921631e+02, 2.78114044e+02,
    3.74311981e+02, 2.92313507e+02, 3.77869812e+02, 3.07209778e+02,
    3.50443542e+02, 2.52680634e+02, 3.53451477e+02, 2.66137482e+02,
    3.56397217e+02, 2.79916595e+02, 3.59548401e+02, 2.94200226e+02,
    3.62781586e+02, 3.09093933e+02, 3.36576721e+02, 2.54645218e+02,
    3.39274689e+02, 2.67921143e+02, 3.42031281e+02, 2.81623840e+02,
    3.44937286e+02, 2.95970856e+02, 3.47976532e+02, 3.10825165e+02,
    3.22831024e+02, 2.56434845e+02, 3.25428223e+02, 2.69795258e+02,
    3.27927338e+02, 2.83366028e+02, 3.30661713e+02, 2.97730530e+02,
    3.33326172e+02, 3.12584839e+02 ]
