%YAML:1.0
---
points: [ 1.06642639e+03, 4.86274048e+02, 1.07051941e+03, 5.20367310e+02,
    1.07425549e+03, 5.55650452e+02, 1.07855640e+03, 5.91755554e+02,
    1.08272510e+03, 6.29215820e+02, 1.03517725e+03, 4.80289795e+02,
    1.03842432e+03, 5.15394348e+02, 1.04172034e+03, 5.50886719e+02,
    1.04526270e+03, 5.87688477e+02, 1.04910217e+03, 6.25491821e+02,
    1.00214185e+03, 4.74459412e+02, 1.00509595e+03, 5.09947601e+02,
    1.00767755e+03, 5.46299316e+02, 1.01121155e+03, 5.83410339e+02,
    1.01428491e+03, 6.22283203e+02, 9.68216614e+02, 4.68711609e+02,
    9.70730896e+02, 5.04329712e+02, 9.73141052e+02, 5.41477234e+02,
    9.75590942e+02, 5.79283813e+02, 9.78804382e+02, 6.18421448e+02,
    9.32651611e+02, 4.62616302e+02, 9.35145508e+02, 4.98547668e+02,
    9.37011963e+02, 5.36222595e+02, 9.39019653e+02, 5.74786804e+02,
    9.41441040e+02, 6.14474121e+02, 8.96287598e+02, 4.56102905e+02,
    8.98254639e+02, 4.92829102e+02, 9.00084473e+02, 5.30577087e+02,
    9.01412842e+02, 5.70108765e+02, 9.03138428e+02, 6.10356018e+02,
    8.58835022e+02, 4.49542084e+02, 8.60356689e+02, 4.86773682e+02,
    8.61508667e+02, 5.25085693e+02, 8.62616638e+02, 5.64949341e+02,
    8.63835266e+02, 6.06129028e+02 ]
