%YAML:1.0
---
points: [ 6.72491699e+02, 5.20274963e+02, 6.70466858e+02, 5.54755127e+02,
    6.67756042e+02, 5.90473022e+02, 6.65322876e+02, 6.27082581e+02,
    6.62777588e+02, 6.65056580e+02, 6.42157410e+02, 5.08414764e+02,
    6.38892456e+02, 5.44222656e+02, 6.35639221e+02, 5.80606262e+02,
    6.32735168e+02, 6.18245728e+02, 6.29372070e+02, 6.56792664e+02,
    6.09072937e+02, 4.96141937e+02, 6.05547485e+02, 5.32796265e+02,
    6.01537109e+02, 5.70342163e+02, 5.97860779e+02, 6.08542297e+02,
    5.93680603e+02, 6.48597900e+02, 5.74207458e+02, 4.83519501e+02,
    5.70351868e+02, 5.20703369e+02, 5.65483948e+02, 5.59356873e+02,
    5.61101685e+02, 5.98649170e+02, 5.56761597e+02, 6.39600525e+02,
    5.36919556e+02, 4.69951172e+02, 5.32797546e+02, 5.07812225e+02,
    5.27366333e+02, 5.47479004e+02, 5.21929871e+02, 5.87897827e+02,
    5.16639038e+02, 6.30167297e+02, 4.97578339e+02, 4.55371521e+02,
    4.92603058e+02, 4.94491882e+02, 4.87141479e+02, 5.34611206e+02,
    4.80729126e+02, 5.76561951e+02, 4.74645203e+02, 6.19832825e+02,
    4.56311646e+02, 4.40066467e+02, 4.50459869e+02, 4.80154572e+02,
    4.44208008e+02, 5.21436218e+02, 4.37307861e+02, 5.64462097e+02,
    4.29993835e+02, 6.08751526e+02 ]
