%YAML:1.0
---
points: [ 1.79414368e+02, 2.03497116e+02, 1.79297058e+02, 2.15189713e+02,
    1.78759506e+02, 2.27330673e+02, 1.78638641e+02, 2.39636063e+02,
    1.78085449e+02, 2.52498901e+02, 1.69886597e+02, 1.99574539e+02,
    1.69248672e+02, 2.11736160e+02, 1.68675797e+02, 2.24102432e+02,
    1.68082672e+02, 2.36838959e+02, 1.67506088e+02, 2.49839188e+02,
    1.59169189e+02, 1.95698654e+02, 1.58569229e+02, 2.07990158e+02,
    1.57632217e+02, 2.20744400e+02, 1.57106186e+02, 2.33721680e+02,
    1.56136810e+02, 2.47290619e+02, 1.47986084e+02, 1.91282654e+02,
    1.47226318e+02, 2.04083130e+02, 1.46249237e+02, 2.17081635e+02,
    1.45286316e+02, 2.30503098e+02, 1.44419769e+02, 2.44311234e+02,
    1.36234894e+02, 1.87125626e+02, 1.35513412e+02, 1.99919434e+02,
    1.34100494e+02, 2.13369431e+02, 1.32813065e+02, 2.26991135e+02,
    1.31690735e+02, 2.41371246e+02, 1.23685257e+02, 1.82230988e+02,
    1.22622467e+02, 1.95507462e+02, 1.21243484e+02, 2.09074051e+02,
    1.19705589e+02, 2.23348129e+02, 1.18406013e+02, 2.37908905e+02,
    1.10553062e+02, 1.77138824e+02, 1.09125893e+02, 1.90843674e+02,
    1.07553177e+02, 2.04856934e+02, 1.05824066e+02, 2.19267227e+02,
    1.03980339e+02, 2.34438553e+02 ]
