%YAML:1.0
---
points: [ 1.23282349e+03, 3.99539062e+02, 1.24263953e+03, 4.33524475e+02,
    1.25255005e+03, 4.67537689e+02, 1.26250122e+03, 5.01893097e+02,
    1.27251355e+03, 5.36581848e+02, 1.19828552e+03, 4.10677338e+02,
    1.20796265e+03, 4.44504242e+02, 1.21756934e+03, 4.78024750e+02,
    1.22737415e+03, 5.11819305e+02, 1.23722546e+03, 5.45881409e+02,
    1.16458020e+03, 4.21744843e+02, 1.17414990e+03, 4.54833405e+02,
    1.18346533e+03, 4.88107147e+02, 1.19273938e+03, 5.21572510e+02,
    1.20247412e+03, 5.55354004e+02, 1.13231873e+03, 4.32371948e+02,
    1.14135657e+03, 4.65234833e+02, 1.15050464e+03, 4.97906189e+02,
    1.15967749e+03, 5.30667114e+02, 1.16930396e+03, 5.64264282e+02,
    1.10056555e+03, 4.42916534e+02, 1.10929041e+03, 4.75234161e+02,
    1.11836511e+03, 5.07495667e+02, 1.12743689e+03, 5.39863708e+02,
    1.13640503e+03, 5.72811279e+02, 1.06965796e+03, 4.52787445e+02,
    1.07833569e+03, 4.84756775e+02, 1.08685510e+03, 5.16748657e+02,
    1.09578418e+03, 5.48929443e+02, 1.10475256e+03, 5.81416870e+02,
    1.03959009e+03, 4.62566467e+02, 1.04818848e+03, 4.94204956e+02,
    1.05648181e+03, 5.25602905e+02, 1.06521631e+03, 5.57447937e+02,
    1.07381750e+03, 5.89542419e+02 ]
