%YAML:1.0
---
points: [ 4.18641296e+02, 2.82739014e+02, 4.22772095e+02, 2.97125153e+02,
    4.26913605e+02, 3.12205444e+02, 4.31154816e+02, 3.27311493e+02,
    4.35422119e+02, 3.43090302e+02, 4.04255981e+02, 2.84291382e+02,
    4.08245453e+02, 2.99159515e+02, 4.12156281e+02, 3.13939423e+02,
    4.16331940e+02, 3.29337830e+02, 4.20183777e+02, 3.45001068e+02,
    3.89746490e+02, 2.86161407e+02, 3.93538055e+02, 3.00806915e+02,
    3.97318207e+02, 3.15863281e+02, 4.01151642e+02, 3.31216187e+02,
    4.05177948e+02, 3.47135193e+02, 3.75268768e+02, 2.87809296e+02,
    3.78847565e+02, 3.02578064e+02, 3.82482300e+02, 3.17591553e+02,
    3.86234161e+02, 3.33243988e+02, 3.89919312e+02, 3.49127777e+02,
    3.60841583e+02, 2.89570892e+02, 3.64215424e+02, 3.04173340e+02,
    3.67603821e+02, 3.19408417e+02, 3.71030914e+02, 3.34939484e+02,
    3.74634125e+02, 3.51262756e+02, 3.46383087e+02, 2.91188904e+02,
    3.49470947e+02, 3.05983643e+02, 3.52726196e+02, 3.21040344e+02,
    3.55943115e+02, 3.36792786e+02, 3.59251801e+02, 3.52920166e+02,
    3.32048767e+02, 2.92730042e+02, 3.35022552e+02, 3.07739105e+02,
    3.37899445e+02, 3.22755219e+02, 3.40981415e+02, 3.38452759e+02,
    3.44188538e+02, 3.54720642e+02 ]
