%YAML:1.0
---
points: [ 3.94540680e+02, 2.80180023e+02, 3.98506409e+02, 2.95374939e+02,
    4.02645935e+02, 3.10947571e+02, 4.06688416e+02, 3.26933502e+02,
    4.11044617e+02, 3.43639893e+02, 3.79339539e+02, 2.83200531e+02,
    3.83157196e+02, 2.98305573e+02, 3.87003296e+02, 3.13547150e+02,
    3.90895020e+02, 3.29571869e+02, 3.94627655e+02, 3.45869781e+02,
    3.64687988e+02, 2.86201294e+02, 3.68214630e+02, 3.00955048e+02,
    3.71781860e+02, 3.16201965e+02, 3.75213837e+02, 3.31846619e+02,
    3.79046570e+02, 3.48189941e+02, 3.50670502e+02, 2.89061188e+02,
    3.53769165e+02, 3.03653778e+02, 3.57141449e+02, 3.18712524e+02,
    3.60356110e+02, 3.34048645e+02, 3.63684052e+02, 3.50271271e+02,
    3.37145386e+02, 2.91826935e+02, 3.39802002e+02, 3.06178925e+02,
    3.42815765e+02, 3.21138214e+02, 3.45871460e+02, 3.36306091e+02,
    3.48954224e+02, 3.52272736e+02, 3.23925446e+02, 2.94439697e+02,
    3.26381897e+02, 3.08684570e+02, 3.29059296e+02, 3.23340118e+02,
    3.31848572e+02, 3.38393433e+02, 3.34501343e+02, 3.54090179e+02,
    3.11271301e+02, 2.97017853e+02, 3.13503143e+02, 3.11085876e+02,
    3.15840729e+02, 3.25381042e+02, 3.18292267e+02, 3.40411926e+02,
    3.20829651e+02, 3.55744690e+02 ]
