%YAML:1.0
---
points: [ 6.48614685e+02, 4.86449707e+02, 6.45667847e+02, 5.22803772e+02,
    6.42616272e+02, 5.60435303e+02, 6.39444580e+02, 5.98776550e+02,
    6.36050842e+02, 6.39181274e+02, 6.06808716e+02, 4.79510223e+02,
    6.03168640e+02, 5.16899963e+02, 5.99342285e+02, 5.54911438e+02,
    5.95387573e+02, 5.94334595e+02, 5.91148621e+02, 6.34975830e+02,
    5.63363342e+02, 4.72570831e+02, 5.58849182e+02, 5.10614380e+02,
    5.54225281e+02, 5.49525452e+02, 5.49355957e+02, 5.89302612e+02,
    5.44256470e+02, 6.30765015e+02, 5.18322327e+02, 4.66088562e+02,
    5.13186218e+02, 5.03860443e+02, 5.07672913e+02, 5.43778931e+02,
    5.02038788e+02, 5.84307556e+02, 4.96315552e+02, 6.26339294e+02,
    4.71555908e+02, 4.59173309e+02, 4.65664673e+02, 4.97368408e+02,
    4.59410278e+02, 5.37581604e+02, 4.52784882e+02, 5.78867798e+02,
    4.45867584e+02, 6.21760254e+02, 4.23585510e+02, 4.51518768e+02,
    4.16898804e+02, 4.90692841e+02, 4.09590729e+02, 5.30991943e+02,
    4.02173279e+02, 5.73252502e+02, 3.94431549e+02, 6.16893616e+02,
    3.74518585e+02, 4.44061310e+02, 3.66513062e+02, 4.83483765e+02,
    3.58499939e+02, 5.24501892e+02, 3.49965546e+02, 5.67077332e+02,
    3.41179321e+02, 6.11552551e+02 ]
