%YAML:1.0
---
points: [ 6.46342590e+02, 3.23055267e+02, 6.47412109e+02, 3.65646332e+02,
    6.48378967e+02, 4.08295471e+02, 6.49316040e+02, 4.50796906e+02,
    6.49962891e+02, 4.93820343e+02, 6.01178711e+02, 3.21480896e+02,
    6.02084106e+02, 3.64810699e+02, 6.02902344e+02, 4.07656860e+02,
    6.03805481e+02, 4.50747742e+02, 6.04601624e+02, 4.94253693e+02,
    5.54653564e+02, 3.20123596e+02, 5.55547668e+02, 3.63806030e+02,
    5.56431885e+02, 4.07352844e+02, 5.57294739e+02, 4.50677826e+02,
    5.57900208e+02, 4.94677399e+02, 5.07684814e+02, 3.18962189e+02,
    5.08487946e+02, 3.62795990e+02, 5.09422821e+02, 4.06817932e+02,
    5.10067902e+02, 4.50660675e+02, 5.10597748e+02, 4.95110016e+02,
    4.59883087e+02, 3.17821960e+02, 4.60323242e+02, 3.61759460e+02,
    4.61010437e+02, 4.06398956e+02, 4.61544647e+02, 4.50620941e+02,
    4.61924805e+02, 4.95547882e+02, 4.11305389e+02, 3.16443604e+02,
    4.11580841e+02, 3.61055725e+02, 4.11892273e+02, 4.05686707e+02,
    4.12499481e+02, 4.50615784e+02, 4.12812622e+02, 4.96006927e+02,
    3.61675873e+02, 3.14979919e+02, 3.61933105e+02, 3.60249451e+02,
    3.62224457e+02, 4.05182892e+02, 3.62637238e+02, 4.50488556e+02,
    3.62914490e+02, 4.96308197e+02 ]
