%YAML:1.0
---
points: [ 1.72974380e+02, 1.92162659e+02, 1.72412888e+02, 2.04282379e+02,
    1.71952011e+02, 2.17160721e+02, 1.71460556e+02, 2.30207947e+02,
    1.70899963e+02, 2.43766968e+02, 1.59192032e+02, 1.89877808e+02,
    1.58516098e+02, 2.02531845e+02, 1.57811829e+02, 2.15549393e+02,
    1.56954330e+02, 2.28900131e+02, 1.56068298e+02, 2.42705978e+02,
    1.44851288e+02, 1.87878296e+02, 1.43989655e+02, 2.00630280e+02,
    1.42968475e+02, 2.13875473e+02, 1.41837906e+02, 2.27347733e+02,
    1.40776428e+02, 2.41376526e+02, 1.30046494e+02, 1.85788467e+02,
    1.28923218e+02, 1.98613632e+02, 1.27638626e+02, 2.12089951e+02,
    1.26351204e+02, 2.25927322e+02, 1.25027641e+02, 2.40140732e+02,
    1.14822121e+02, 1.83658829e+02, 1.13383781e+02, 1.96560638e+02,
    1.11788597e+02, 2.10240448e+02, 1.10182449e+02, 2.24172852e+02,
    1.08463524e+02, 2.38911514e+02, 9.89518356e+01, 1.81324921e+02,
    9.73120041e+01, 1.94549133e+02, 9.55852356e+01, 2.08215195e+02,
    9.35603256e+01, 2.22588959e+02, 9.17327881e+01, 2.37353180e+02,
    8.28865662e+01, 1.78976349e+02, 8.08326721e+01, 1.92250229e+02,
    7.87416382e+01, 2.06272522e+02, 7.65943832e+01, 2.20839249e+02,
    7.42970581e+01, 2.35721298e+02 ]
