%YAML:1.0
---
points: [ 5.79124573e+02, 4.51003174e+02, 5.74502502e+02, 4.89304962e+02,
    5.70268433e+02, 5.29028748e+02, 5.65411194e+02, 5.69806580e+02,
    5.60345581e+02, 6.12456360e+02, 5.36294922e+02, 4.53616180e+02,
    5.31509888e+02, 4.92346375e+02, 5.26516174e+02, 5.32230957e+02,
    5.21104980e+02, 5.73088684e+02, 5.15367737e+02, 6.15636292e+02,
    4.93615936e+02, 4.56594116e+02, 4.88193146e+02, 4.95538422e+02,
    4.82526672e+02, 5.35261108e+02, 4.76242676e+02, 5.76251343e+02,
    4.70071014e+02, 6.18941528e+02, 4.51818817e+02, 4.60144714e+02,
    4.45190826e+02, 4.98370087e+02, 4.39272400e+02, 5.38522766e+02,
    4.32418457e+02, 5.79584412e+02, 4.24733337e+02, 6.22218933e+02,
    4.09993896e+02, 4.63490295e+02, 4.02166779e+02, 5.01547211e+02,
    3.95578094e+02, 5.41429810e+02, 3.87985565e+02, 5.82578491e+02,
    3.80132812e+02, 6.25277527e+02, 3.68375610e+02, 4.66521759e+02,
    3.60002411e+02, 5.04622162e+02, 3.51812256e+02, 5.44386292e+02,
    3.44045441e+02, 5.85695557e+02, 3.35342834e+02, 6.28384644e+02,
    3.26818420e+02, 4.69611938e+02, 3.17913513e+02, 5.07688171e+02,
    3.09072845e+02, 5.47207153e+02, 3.00423645e+02, 5.88371765e+02,
    2.91145844e+02, 6.30881348e+02 ]
