%YAML:1.0
---
points: [ 1.50901886e+02, 1.80379166e+02, 1.49929886e+02, 1.93387726e+02,
    1.49095093e+02, 2.06805298e+02, 1.48119034e+02, 2.20619019e+02,
    1.47118332e+02, 2.35177505e+02, 1.36596695e+02, 1.81576202e+02,
    1.35478394e+02, 1.94682404e+02, 1.34429642e+02, 2.07977890e+02,
    1.33135605e+02, 2.22116272e+02, 1.31934326e+02, 2.36316742e+02,
    1.21999168e+02, 1.82755890e+02, 1.20798943e+02, 1.95956985e+02,
    1.19527458e+02, 2.09380676e+02, 1.18012154e+02, 2.23287186e+02,
    1.16553604e+02, 2.37781052e+02, 1.07888664e+02, 1.84034744e+02,
    1.06196968e+02, 1.97100388e+02, 1.04923935e+02, 2.10632965e+02,
    1.03143791e+02, 2.24600464e+02, 1.01352852e+02, 2.39122375e+02,
    9.38124084e+01, 1.85490601e+02, 9.18284607e+01, 1.98260010e+02,
    9.02308884e+01, 2.11795822e+02, 8.82942963e+01, 2.25771286e+02,
    8.63172913e+01, 2.40243912e+02, 7.98843536e+01, 1.86670990e+02,
    7.76500931e+01, 1.99660461e+02, 7.55429001e+01, 2.12985168e+02,
    7.36280212e+01, 2.26859879e+02, 7.13057938e+01, 2.41309021e+02,
    6.58878403e+01, 1.87828552e+02, 6.36117363e+01, 2.00828690e+02,
    6.12619820e+01, 2.14162003e+02, 5.90173492e+01, 2.28081238e+02,
    5.65957184e+01, 2.42450592e+02 ]
