%YAML:1.0
---
points: [ 4.04597717e+02, 3.05187012e+02, 4.09426941e+02, 3.18856110e+02,
    4.14252930e+02, 3.32106323e+02, 4.18498352e+02, 3.45237976e+02,
    4.23200928e+02, 3.58313324e+02, 3.89163879e+02, 3.08030609e+02,
    3.94154205e+02, 3.21544464e+02, 3.98851166e+02, 3.34692657e+02,
    4.03479553e+02, 3.47547424e+02, 4.07772095e+02, 3.60270996e+02,
    3.74135406e+02, 3.10785400e+02, 3.79056549e+02, 3.24021667e+02,
    3.83848267e+02, 3.36957031e+02, 3.88343109e+02, 3.49852112e+02,
    3.93227539e+02, 3.62339783e+02, 3.59481598e+02, 3.13336823e+02,
    3.64460297e+02, 3.26508453e+02, 3.69328033e+02, 3.39016052e+02,
    3.74203857e+02, 3.51854858e+02, 3.78560699e+02, 3.64421570e+02,
    3.45514313e+02, 3.15803131e+02, 3.50256226e+02, 3.28785095e+02,
    3.55273956e+02, 3.41321716e+02, 3.59929749e+02, 3.53773041e+02,
    3.64679871e+02, 3.66154388e+02, 3.31780762e+02, 3.18090027e+02,
    3.36693024e+02, 3.30959320e+02, 3.41443695e+02, 3.43569824e+02,
    3.46347809e+02, 3.55724945e+02, 3.50932434e+02, 3.67953461e+02,
    3.18584534e+02, 3.20470551e+02, 3.23453766e+02, 3.33151428e+02,
    3.28343506e+02, 3.45552704e+02, 3.32989685e+02, 3.57706238e+02,
    3.37833557e+02, 3.69661713e+02 ]
