%YAML:1.0
---
points: [ 6.59538757e+02, 5.04620331e+02, 6.49260559e+02, 5.34634583e+02,
    6.38374329e+02, 5.64696899e+02, 6.27702820e+02, 5.95536438e+02,
    6.16645630e+02, 6.26791382e+02, 6.39515625e+02, 4.93237946e+02,
    6.28312134e+02, 5.24008789e+02, 6.16901428e+02, 5.54538879e+02,
    6.05655334e+02, 5.86328674e+02, 5.94094666e+02, 6.18314148e+02,
    6.17557251e+02, 4.81071594e+02, 6.05752991e+02, 5.12428528e+02,
    5.93886536e+02, 5.44156433e+02, 5.82472473e+02, 5.76407532e+02,
    5.69834229e+02, 6.09414612e+02, 5.94240173e+02, 4.68210083e+02,
    5.82495300e+02, 5.00505554e+02, 5.69739319e+02, 5.32763367e+02,
    5.57520630e+02, 5.66068237e+02, 5.45316406e+02, 5.99899780e+02,
    5.69544922e+02, 4.54549622e+02, 5.57632141e+02, 4.87608337e+02,
    5.44351868e+02, 5.20954224e+02, 5.31397217e+02, 5.54761475e+02,
    5.18184448e+02, 5.89679260e+02, 5.43608337e+02, 4.40018555e+02,
    5.30870850e+02, 4.74096558e+02, 5.17718811e+02, 5.08418823e+02,
    5.03750549e+02, 5.43286865e+02, 4.90168640e+02, 5.79108276e+02,
    5.16481689e+02, 4.24848206e+02, 5.03151306e+02, 4.59728363e+02,
    4.89411102e+02, 4.95029480e+02, 4.75131714e+02, 5.30967834e+02,
    4.60508484e+02, 5.67679443e+02 ]
