%YAML:1.0
---
points: [ 4.26042755e+02, 3.07591125e+02, 4.23646729e+02, 3.20265564e+02,
    4.21166687e+02, 3.32670807e+02, 4.18788452e+02, 3.44843506e+02,
    4.16464996e+02, 3.57090118e+02, 4.15165253e+02, 3.08606201e+02,
    4.12629913e+02, 3.21621155e+02, 4.10210297e+02, 3.33899536e+02,
    4.08049103e+02, 3.46349030e+02, 4.05508453e+02, 3.58411224e+02,
    4.03552856e+02, 3.09782684e+02, 4.01196472e+02, 3.22680725e+02,
    3.98907318e+02, 3.35335022e+02, 3.96577972e+02, 3.47880463e+02,
    3.94352783e+02, 3.60308502e+02, 3.91687286e+02, 3.10583282e+02,
    3.89575195e+02, 3.24032410e+02, 3.87211670e+02, 3.36565826e+02,
    3.85148926e+02, 3.49336578e+02, 3.82888031e+02, 3.61933990e+02,
    3.79340393e+02, 3.11576508e+02, 3.77445862e+02, 3.25158844e+02,
    3.75272858e+02, 3.38043793e+02, 3.73087952e+02, 3.50844147e+02,
    3.71098480e+02, 3.63634430e+02, 3.66912750e+02, 3.12501831e+02,
    3.65073822e+02, 3.26282410e+02, 3.63102844e+02, 3.39561218e+02,
    3.60924377e+02, 3.52516235e+02, 3.58882233e+02, 3.65272034e+02,
    3.54140350e+02, 3.13538452e+02, 3.52400787e+02, 3.27445190e+02,
    3.50650818e+02, 3.40829437e+02, 3.48593506e+02, 3.54198029e+02,
    3.46673828e+02, 3.67186096e+02 ]
