%YAML:1.0
---
points: [ 5.37145569e+02, 4.40992096e+02, 5.30847778e+02, 4.79777527e+02,
    5.25355408e+02, 5.20088928e+02, 5.18772400e+02, 5.61468445e+02,
    5.12217651e+02, 6.04756104e+02, 4.98671661e+02, 4.48192169e+02,
    4.92685852e+02, 4.87123627e+02, 4.86510498e+02, 5.27188782e+02,
    4.79745300e+02, 5.68380676e+02, 4.72511444e+02, 6.11486023e+02,
    4.61550507e+02, 4.55421204e+02, 4.54958649e+02, 4.94226044e+02,
    4.48402435e+02, 5.34074890e+02, 4.40703186e+02, 5.75102783e+02,
    4.33279144e+02, 6.18016541e+02, 4.25854675e+02, 4.63036407e+02,
    4.18155365e+02, 5.01231445e+02, 4.11459564e+02, 5.40695312e+02,
    4.03247467e+02, 5.81635925e+02, 3.94720520e+02, 6.23784973e+02,
    3.90868195e+02, 4.70491821e+02, 3.81792145e+02, 5.07888977e+02,
    3.74436340e+02, 5.47436096e+02, 3.66232788e+02, 5.87885925e+02,
    3.57174377e+02, 6.30021606e+02, 3.56182983e+02, 4.77343933e+02,
    3.47166656e+02, 5.14657349e+02, 3.38272247e+02, 5.53582031e+02,
    3.29580688e+02, 5.94160095e+02, 3.20361450e+02, 6.35782104e+02,
    3.22292542e+02, 4.84074860e+02, 3.12632233e+02, 5.21427979e+02,
    3.03141815e+02, 5.59913574e+02, 2.94042023e+02, 5.99742004e+02,
    2.84336273e+02, 6.41338135e+02 ]
