%YAML:1.0
---
points: [ 4.17907593e+02, 4.79079132e+02, 4.07278503e+02, 5.12404480e+02,
    3.96175201e+02, 5.45778320e+02, 3.85111237e+02, 5.79810852e+02,
    3.73796112e+02, 6.14331177e+02, 3.84554688e+02, 4.67709045e+02,
    3.72866089e+02, 5.01972137e+02, 3.61415649e+02, 5.36184998e+02,
    3.49653412e+02, 5.71079651e+02, 3.37729889e+02, 6.06424866e+02,
    3.48577087e+02, 4.55932892e+02, 3.36451477e+02, 4.91050812e+02,
    3.24295654e+02, 5.26091003e+02, 3.12414276e+02, 5.61664856e+02,
    2.99730408e+02, 5.98097717e+02, 3.10742371e+02, 4.43543518e+02,
    2.98554291e+02, 4.79385986e+02, 2.85618042e+02, 5.15417847e+02,
    2.72996338e+02, 5.51950500e+02, 2.60472748e+02, 5.89405090e+02,
    2.71163696e+02, 4.30398621e+02, 2.58470062e+02, 4.67006927e+02,
    2.44892715e+02, 5.04079010e+02, 2.31625870e+02, 5.41548706e+02,
    2.18156189e+02, 5.79960876e+02, 2.29499115e+02, 4.16356323e+02,
    2.16137604e+02, 4.54270630e+02, 2.02578293e+02, 4.92278564e+02,
    1.88448700e+02, 5.30700989e+02, 1.74484207e+02, 5.70327759e+02,
    1.85986832e+02, 4.01639526e+02, 1.72207886e+02, 4.40479675e+02,
    1.57855560e+02, 4.79585785e+02, 1.43464691e+02, 5.19315308e+02,
    1.28695953e+02, 5.59641907e+02 ]
