%YAML:1.0
---
points: [ 1.37178833e+02, 1.77333191e+02, 1.35820602e+02, 1.90285980e+02,
    1.34518234e+02, 2.04070587e+02, 1.33029022e+02, 2.18086990e+02,
    1.31505402e+02, 2.32667435e+02, 1.24221169e+02, 1.79822281e+02,
    1.22775894e+02, 1.92946991e+02, 1.21293747e+02, 2.06458481e+02,
    1.19669022e+02, 2.20564713e+02, 1.17948318e+02, 2.35055023e+02,
    1.11315903e+02, 1.82538086e+02, 1.09773354e+02, 1.95726791e+02,
    1.08236877e+02, 2.09013046e+02, 1.06318527e+02, 2.23030594e+02,
    1.04322845e+02, 2.37502609e+02, 9.91280365e+01, 1.85237701e+02,
    9.69431458e+01, 1.98148270e+02, 9.53790054e+01, 2.11559204e+02,
    9.33146515e+01, 2.25428299e+02, 9.11865005e+01, 2.39706390e+02,
    8.70885544e+01, 1.87988922e+02, 8.47057419e+01, 2.00569702e+02,
    8.28327408e+01, 2.14067001e+02, 8.07087402e+01, 2.27622925e+02,
    7.83068924e+01, 2.42109833e+02, 7.53958817e+01, 1.90452408e+02,
    7.28968048e+01, 2.03050644e+02, 7.05614090e+01, 2.16192947e+02,
    6.83618774e+01, 2.29868011e+02, 6.59345703e+01, 2.44097031e+02,
    6.37853050e+01, 1.92939728e+02, 6.13076591e+01, 2.05437057e+02,
    5.88619003e+01, 2.18306702e+02, 5.64057465e+01, 2.32118088e+02,
    5.37743187e+01, 2.45897156e+02 ]
