%YAML:1.0
---
points: [ 5.57896118e+02, 1.49122040e+02, 5.62903809e+02, 1.85482239e+02,
    5.68685669e+02, 2.22365051e+02, 5.73973511e+02, 2.59310730e+02,
    5.79544922e+02, 2.96806091e+02, 5.28175110e+02, 1.62215622e+02,
    5.33530334e+02, 1.98494278e+02, 5.39207336e+02, 2.34686081e+02,
    5.44419495e+02, 2.71401703e+02, 5.49801147e+02, 3.08481903e+02,
    4.99547699e+02, 1.75223434e+02, 5.04862183e+02, 2.11056061e+02,
    5.10290253e+02, 2.46998047e+02, 5.15146606e+02, 2.83147003e+02,
    5.20576599e+02, 3.19766388e+02, 4.72320801e+02, 1.88206207e+02,
    4.76744080e+02, 2.23403931e+02, 4.82369751e+02, 2.58780884e+02,
    4.87202911e+02, 2.94547150e+02, 4.91825714e+02, 3.30704742e+02,
    4.45719055e+02, 2.00664215e+02, 4.49424133e+02, 2.35314377e+02,
    4.54589111e+02, 2.70450653e+02, 4.59556885e+02, 3.05619690e+02,
    4.64338837e+02, 3.41446686e+02, 4.19467194e+02, 2.12676193e+02,
    4.23250793e+02, 2.46947098e+02, 4.27483276e+02, 2.81473267e+02,
    4.32522278e+02, 3.16457916e+02, 4.36887085e+02, 3.51828125e+02,
    3.93950043e+02, 2.24434128e+02, 3.97534851e+02, 2.58377380e+02,
    4.01529083e+02, 2.92343689e+02, 4.05729950e+02, 3.26803101e+02,
    4.10256287e+02, 3.61667877e+02 ]
