%YAML:1.0
---
points: [ 1.60195282e+02, 3.23100739e+02, 1.62484695e+02, 3.35539246e+02,
    1.64751770e+02, 3.47398651e+02, 1.66856842e+02, 3.59272736e+02,
    1.69365860e+02, 3.70794647e+02, 1.46594467e+02, 3.25130585e+02,
    1.49173721e+02, 3.37360748e+02, 1.51488068e+02, 3.49196564e+02,
    1.54075043e+02, 3.60910370e+02, 1.56064041e+02, 3.72479309e+02,
    1.33177490e+02, 3.27051239e+02, 1.35763824e+02, 3.38997986e+02,
    1.38315475e+02, 3.50882446e+02, 1.40647171e+02, 3.62611359e+02,
    1.43430252e+02, 3.73996765e+02, 1.19733849e+02, 3.28701385e+02,
    1.22480446e+02, 3.40709808e+02, 1.25232086e+02, 3.52431946e+02,
    1.27842735e+02, 3.64115997e+02, 1.30076462e+02, 3.75672638e+02,
    1.06557755e+02, 3.30091980e+02, 1.09047325e+02, 3.42538147e+02,
    1.11975945e+02, 3.54234833e+02, 1.14667778e+02, 3.65720673e+02,
    1.17760895e+02, 3.76890045e+02, 9.31394806e+01, 3.31848419e+02,
    9.59842529e+01, 3.43982391e+02, 9.88147964e+01, 3.55889557e+02,
    1.01991714e+02, 3.67166168e+02, 1.04579407e+02, 3.78663940e+02,
    7.99325027e+01, 3.33370941e+02, 8.28637924e+01, 3.45648102e+02,
    8.61156845e+01, 3.57255615e+02, 8.88918610e+01, 3.68855286e+02,
    9.23203583e+01, 3.79767914e+02 ]
