%YAML:1.0
---
points: [ 1.40116119e+02, 7.84345245e+01, 1.42006256e+02, 9.06429367e+01,
    1.44243759e+02, 1.03034897e+02, 1.46172241e+02, 1.15580101e+02,
    1.48271637e+02, 1.28237793e+02, 1.29865540e+02, 8.30595703e+01,
    1.31921982e+02, 9.51465988e+01, 1.33958939e+02, 1.07330627e+02,
    1.35959976e+02, 1.19750748e+02, 1.38050278e+02, 1.32214828e+02,
    1.20000648e+02, 8.76291046e+01, 1.22018379e+02, 9.97957840e+01,
    1.24006493e+02, 1.11725876e+02, 1.25897751e+02, 1.23913002e+02,
    1.27902725e+02, 1.36253922e+02, 1.10698174e+02, 9.21640854e+01,
    1.12282639e+02, 1.03957809e+02, 1.14388199e+02, 1.15893784e+02,
    1.16157066e+02, 1.27969017e+02, 1.18073082e+02, 1.40142334e+02,
    1.01543808e+02, 9.65884781e+01, 1.02945793e+02, 1.08237221e+02,
    1.04835510e+02, 1.19908615e+02, 1.06601013e+02, 1.31871338e+02,
    1.08492233e+02, 1.43856094e+02, 9.25729752e+01, 1.00896912e+02,
    9.39414062e+01, 1.12308105e+02, 9.55092010e+01, 1.23913902e+02,
    9.73133011e+01, 1.35564819e+02, 9.89858856e+01, 1.47565552e+02,
    8.37206726e+01, 1.05073799e+02, 8.51707993e+01, 1.16353951e+02,
    8.65393524e+01, 1.27703621e+02, 8.81980362e+01, 1.39379669e+02,
    8.97985001e+01, 1.51060654e+02 ]
