%YAML:1.0
---
points: [ 3.89328583e+02, 5.50118469e+02, 3.80704498e+02, 5.80294800e+02,
    3.72114441e+02, 6.10268250e+02, 3.63665222e+02, 6.40666504e+02,
    3.54745392e+02, 6.71612061e+02, 3.57194550e+02, 5.42724854e+02,
    3.48382904e+02, 5.73540894e+02, 3.39377777e+02, 6.03964417e+02,
    3.30238403e+02, 6.35289429e+02, 3.21371704e+02, 6.66664734e+02,
    3.23260193e+02, 5.34955566e+02, 3.13994659e+02, 5.66352173e+02,
    3.04587555e+02, 5.97676758e+02, 2.95502899e+02, 6.29481873e+02,
    2.85941437e+02, 6.61598083e+02, 2.87958740e+02, 5.27173279e+02,
    2.78594116e+02, 5.59156921e+02, 2.68915314e+02, 5.91194946e+02,
    2.59347778e+02, 6.23492981e+02, 2.49783005e+02, 6.56275391e+02,
    2.51385590e+02, 5.18591492e+02, 2.41758698e+02, 5.51169434e+02,
    2.31606262e+02, 5.83989441e+02, 2.21601471e+02, 6.17167969e+02,
    2.11652527e+02, 6.50534485e+02, 2.13415146e+02, 5.09710419e+02,
    2.03236954e+02, 5.43270020e+02, 1.93241058e+02, 5.76576172e+02,
    1.82603836e+02, 6.10397461e+02, 1.72434357e+02, 6.44798157e+02,
    1.74152176e+02, 5.00700958e+02, 1.63654251e+02, 5.34692810e+02,
    1.53281876e+02, 5.69013123e+02, 1.42541199e+02, 6.03430237e+02,
    1.31735397e+02, 6.38535095e+02 ]
