%YAML:1.0
---
points: [ 1.80565765e+02, 3.25409027e+02, 1.78716782e+02, 3.37165588e+02,
    1.76917664e+02, 3.48516541e+02, 1.75125458e+02, 3.59747711e+02,
    1.73681290e+02, 3.71109344e+02, 1.68093002e+02, 3.26530914e+02,
    1.66338547e+02, 3.38305664e+02, 1.64584564e+02, 3.49789886e+02,
    1.62992432e+02, 3.61150696e+02, 1.61085938e+02, 3.72420990e+02,
    1.55176315e+02, 3.27498596e+02, 1.53359344e+02, 3.39369812e+02,
    1.51702682e+02, 3.51051025e+02, 1.50044678e+02, 3.62594910e+02,
    1.48752350e+02, 3.73793152e+02, 1.41683151e+02, 3.28254761e+02,
    1.40237549e+02, 3.40471252e+02, 1.38581909e+02, 3.52212067e+02,
    1.37003387e+02, 3.63824127e+02, 1.35380783e+02, 3.75333557e+02,
    1.28003021e+02, 3.29239410e+02, 1.26327461e+02, 3.41571259e+02,
    1.24927910e+02, 3.53554260e+02, 1.23481796e+02, 3.65175659e+02,
    1.22397987e+02, 3.76662476e+02, 1.13642303e+02, 3.29884216e+02,
    1.12339272e+02, 3.42656677e+02, 1.10891747e+02, 3.54804260e+02,
    1.09729668e+02, 3.66511932e+02, 1.08299828e+02, 3.78287109e+02,
    9.91918716e+01, 3.30852692e+02, 9.78894501e+01, 3.43572754e+02,
    9.67868042e+01, 3.55930389e+02, 9.53829346e+01, 3.67815033e+02,
    9.48380280e+01, 3.79555359e+02 ]
