%YAML:1.0
---
points: [ 6.53911987e+02, 2.00314407e+02, 6.51677979e+02, 2.35635605e+02,
    6.49748901e+02, 2.71523895e+02, 6.47620361e+02, 3.07416779e+02,
    6.45261353e+02, 3.43568390e+02, 6.15546692e+02, 1.95013794e+02,
    6.13309509e+02, 2.31223495e+02, 6.11349304e+02, 2.67059479e+02,
    6.08864929e+02, 3.03317474e+02, 6.06520264e+02, 3.39647034e+02,
    5.76251648e+02, 1.90142456e+02, 5.74125366e+02, 2.26466644e+02,
    5.71613647e+02, 2.62699280e+02, 5.69322571e+02, 2.99074738e+02,
    5.66599304e+02, 3.35805939e+02, 5.37129150e+02, 1.85462280e+02,
    5.34288574e+02, 2.21588043e+02, 5.32005676e+02, 2.58357941e+02,
    5.29181335e+02, 2.95073700e+02, 5.26591003e+02, 3.32004639e+02,
    4.96947388e+02, 1.80660233e+02, 4.93757019e+02, 2.16780701e+02,
    4.91140594e+02, 2.53804031e+02, 4.88458466e+02, 2.90709473e+02,
    4.85510071e+02, 3.28228882e+02, 4.56175354e+02, 1.75506607e+02,
    4.53069763e+02, 2.12276840e+02, 4.49815063e+02, 2.49046692e+02,
    4.46987366e+02, 2.86445709e+02, 4.43926178e+02, 3.24095245e+02,
    4.15092438e+02, 1.70420334e+02, 4.11654266e+02, 2.07406052e+02,
    4.08277985e+02, 2.44402069e+02, 4.05224823e+02, 2.81884399e+02,
    4.01871460e+02, 3.19698334e+02 ]
