%YAML:1.0
---
points: [ 8.46077332e+02, 5.97525269e+02, 8.45649231e+02, 6.22977600e+02,
    8.45227417e+02, 6.48485535e+02, 8.44783752e+02, 6.74111511e+02,
    8.44400513e+02, 6.99828186e+02, 8.20994202e+02, 5.97358521e+02,
    8.20513794e+02, 6.23049438e+02, 8.19903015e+02, 6.48646851e+02,
    8.19444702e+02, 6.74455811e+02, 8.18980225e+02, 7.00337891e+02,
    7.95347351e+02, 5.97182190e+02, 7.94690491e+02, 6.22994446e+02,
    7.94193054e+02, 6.48767700e+02, 7.93568970e+02, 6.74844727e+02,
    7.92798462e+02, 7.00988098e+02, 7.69196716e+02, 5.96848022e+02,
    7.68665527e+02, 6.22942261e+02, 7.68007385e+02, 6.48941589e+02,
    7.67353882e+02, 6.75255859e+02, 7.66831665e+02, 7.01662598e+02,
    7.42624390e+02, 5.96730286e+02, 7.42087830e+02, 6.22958801e+02,
    7.41293640e+02, 6.49305603e+02, 7.40588501e+02, 6.75535217e+02,
    7.39857300e+02, 7.02251953e+02, 7.15665894e+02, 5.96510864e+02,
    7.15168701e+02, 6.22982422e+02, 7.14267456e+02, 6.49512939e+02,
    7.13540894e+02, 6.75951355e+02, 7.12882751e+02, 7.02779236e+02,
    6.88445679e+02, 5.96357605e+02, 6.87691162e+02, 6.23041260e+02,
    6.86841614e+02, 6.49612732e+02, 6.86288940e+02, 6.76407715e+02,
    6.85500244e+02, 7.03434570e+02 ]
