%YAML:1.0
---
points: [ 1.71313324e+02, 9.51342926e+01, 1.70802017e+02, 1.07223274e+02,
    1.70271622e+02, 1.19348244e+02, 1.69794968e+02, 1.31439850e+02,
    1.69237671e+02, 1.43631866e+02, 1.58449585e+02, 9.35874710e+01,
    1.58009766e+02, 1.05772385e+02, 1.57393127e+02, 1.17998413e+02,
    1.56897400e+02, 1.30379974e+02, 1.56333755e+02, 1.42532257e+02,
    1.45387283e+02, 9.20594940e+01, 1.44873596e+02, 1.04531075e+02,
    1.44271225e+02, 1.16756577e+02, 1.43635742e+02, 1.28965485e+02,
    1.43012589e+02, 1.41475922e+02, 1.32428909e+02, 9.08219604e+01,
    1.31533508e+02, 1.03066772e+02, 1.31007660e+02, 1.15378632e+02,
    1.30227310e+02, 1.27996063e+02, 1.29652924e+02, 1.40597183e+02,
    1.19072868e+02, 8.96010742e+01, 1.18296700e+02, 1.01601128e+02,
    1.17563499e+02, 1.14248955e+02, 1.16778099e+02, 1.26634895e+02,
    1.15962151e+02, 1.39426315e+02, 1.05657814e+02, 8.81763458e+01,
    1.04752495e+02, 1.00434883e+02, 1.03815338e+02, 1.12897034e+02,
    1.03091385e+02, 1.25368279e+02, 1.02228958e+02, 1.38183533e+02,
    9.20615997e+01, 8.66466904e+01, 9.10522232e+01, 9.92612915e+01,
    9.02225494e+01, 1.11544693e+02, 8.91958694e+01, 1.24175301e+02,
    8.82402802e+01, 1.37029648e+02 ]
