%YAML:1.0
---
points: [ 6.84027039e+02, 2.36356369e+02, 6.77921631e+02, 2.69389740e+02,
    6.71556335e+02, 3.02683289e+02, 6.65526855e+02, 3.36245605e+02,
    6.59437317e+02, 3.70401642e+02, 6.49648376e+02, 2.23506790e+02,
    6.43440552e+02, 2.57604126e+02, 6.36846985e+02, 2.91481415e+02,
    6.30353210e+02, 3.25637695e+02, 6.23690552e+02, 3.60136353e+02,
    6.13690552e+02, 2.10612457e+02, 6.07148010e+02, 2.45223175e+02,
    6.00447205e+02, 2.79814606e+02, 5.93621094e+02, 3.14371643e+02,
    5.86531494e+02, 3.49676941e+02, 5.76675049e+02, 1.97555710e+02,
    5.69904358e+02, 2.32475693e+02, 5.62788086e+02, 2.67596802e+02,
    5.55526123e+02, 3.02963531e+02, 5.48615356e+02, 3.38809692e+02,
    5.38430298e+02, 1.84140228e+02, 5.31166870e+02, 2.19146484e+02,
    5.23544739e+02, 2.54984360e+02, 5.16105286e+02, 2.91096130e+02,
    5.08452057e+02, 3.27458344e+02, 4.98456573e+02, 1.69721039e+02,
    4.90996277e+02, 2.05649139e+02, 4.83359802e+02, 2.41747116e+02,
    4.75422638e+02, 2.78579346e+02, 4.67537506e+02, 3.15652222e+02,
    4.57549042e+02, 1.55201523e+02, 4.49546783e+02, 1.91605515e+02,
    4.41533478e+02, 2.28449020e+02, 4.33382843e+02, 2.65645355e+02,
    4.24936218e+02, 3.03451172e+02 ]
