%YAML:1.0
---
points: [ 8.13518921e+02, 3.82820801e+02, 8.15848206e+02, 4.06919373e+02,
    8.17887146e+02, 4.30671387e+02, 8.20191589e+02, 4.54712677e+02,
    8.22375244e+02, 4.78746094e+02, 7.89408691e+02, 3.84694427e+02,
    7.91473511e+02, 4.08896240e+02, 7.93771057e+02, 4.32841583e+02,
    7.95882202e+02, 4.56728241e+02, 7.98074768e+02, 4.80874908e+02,
    7.64799500e+02, 3.86785095e+02, 7.67117188e+02, 4.10956665e+02,
    7.69405701e+02, 4.34871429e+02, 7.71328979e+02, 4.58908905e+02,
    7.73579956e+02, 4.83035858e+02, 7.40462524e+02, 3.88678772e+02,
    7.42720947e+02, 4.12942261e+02, 7.44959717e+02, 4.36955688e+02,
    7.47156799e+02, 4.60919281e+02, 7.49136658e+02, 4.85334961e+02,
    7.16263428e+02, 3.91040863e+02, 7.18051331e+02, 4.14737213e+02,
    7.20316589e+02, 4.39104584e+02, 7.22440491e+02, 4.63150360e+02,
    7.24401245e+02, 4.87352997e+02, 6.91455444e+02, 3.92673737e+02,
    6.93485901e+02, 4.17062775e+02, 6.95599731e+02, 4.40897919e+02,
    6.97618896e+02, 4.65241516e+02, 6.99931885e+02, 4.89479492e+02,
    6.66756775e+02, 3.94691254e+02, 6.68903442e+02, 4.18897888e+02,
    6.70884644e+02, 4.43115631e+02, 6.73147095e+02, 4.67101166e+02,
    6.75136108e+02, 4.91578827e+02 ]
