%YAML:1.0
---
points: [ 1.81634003e+02, 3.06270264e+02, 1.82121872e+02, 3.19097290e+02,
    1.82360199e+02, 3.32046051e+02, 1.82882767e+02, 3.45291138e+02,
    1.83325623e+02, 3.58926392e+02, 1.70197403e+02, 3.06387787e+02,
    1.70236557e+02, 3.19555054e+02, 1.70451035e+02, 3.32729004e+02,
    1.70725266e+02, 3.46316467e+02, 1.70840347e+02, 3.60162842e+02,
    1.57773514e+02, 3.06864258e+02, 1.57809692e+02, 3.20157013e+02,
    1.57783920e+02, 3.33624023e+02, 1.57891800e+02, 3.47370483e+02,
    1.58028351e+02, 3.61608856e+02, 1.45176529e+02, 3.07063751e+02,
    1.45100037e+02, 3.20572296e+02, 1.44913513e+02, 3.34345093e+02,
    1.44805756e+02, 3.48508331e+02, 1.44798538e+02, 3.62895782e+02,
    1.31998520e+02, 3.07550598e+02, 1.31795425e+02, 3.21150635e+02,
    1.31444199e+02, 3.35251831e+02, 1.31100586e+02, 3.49513916e+02,
    1.31087738e+02, 3.64230560e+02, 1.18303001e+02, 3.07799286e+02,
    1.17992249e+02, 3.21864716e+02, 1.17579056e+02, 3.35889008e+02,
    1.17087494e+02, 3.50508728e+02, 1.16780846e+02, 3.65532593e+02,
    1.04263954e+02, 3.08064423e+02, 1.03781776e+02, 3.22340851e+02,
    1.03256111e+02, 3.36763489e+02, 1.02665619e+02, 3.51529175e+02,
    1.02257660e+02, 3.66638184e+02 ]
