%YAML:1.0
---
points: [ 1.80560776e+02, 1.07165085e+02, 1.78820923e+02, 1.18457558e+02,
    1.76865067e+02, 1.29853912e+02, 1.75087875e+02, 1.41091949e+02,
    1.73257568e+02, 1.52793427e+02, 1.69488495e+02, 1.03012657e+02,
    1.67373230e+02, 1.14705872e+02, 1.65406799e+02, 1.26075081e+02,
    1.63473694e+02, 1.37770370e+02, 1.61572617e+02, 1.49437881e+02,
    1.57638077e+02, 9.90123138e+01, 1.55542297e+02, 1.10697838e+02,
    1.53463867e+02, 1.22287224e+02, 1.51430588e+02, 1.34132233e+02,
    1.49372055e+02, 1.46071060e+02, 1.45387360e+02, 9.47219696e+01,
    1.43364426e+02, 1.06516632e+02, 1.41096390e+02, 1.18437050e+02,
    1.38844482e+02, 1.30492035e+02, 1.36873566e+02, 1.42563553e+02,
    1.32863937e+02, 9.03360519e+01, 1.30662231e+02, 1.02270538e+02,
    1.28309799e+02, 1.14489388e+02, 1.26017799e+02, 1.26524872e+02,
    1.23702934e+02, 1.39074051e+02, 1.19869301e+02, 8.58062134e+01,
    1.17544533e+02, 9.80759201e+01, 1.15186325e+02, 1.10161064e+02,
    1.12687027e+02, 1.22643204e+02, 1.10269638e+02, 1.35181381e+02,
    1.06625763e+02, 8.13061142e+01, 1.04170670e+02, 9.36580582e+01,
    1.01573204e+02, 1.06056335e+02, 9.91006393e+01, 1.18499146e+02,
    9.63443222e+01, 1.31336380e+02 ]
