%YAML:1.0
---
points: [ 6.92637390e+02, 2.60301666e+02, 6.84668152e+02, 2.91509735e+02,
    6.76034424e+02, 3.22951416e+02, 6.67638184e+02, 3.54726959e+02,
    6.59185059e+02, 3.87103394e+02, 6.64263550e+02, 2.44391724e+02,
    6.55417236e+02, 2.76460968e+02, 6.46393494e+02, 3.08481018e+02,
    6.37530396e+02, 3.41008698e+02, 6.28438416e+02, 3.73726746e+02,
    6.33631287e+02, 2.27585724e+02, 6.24389343e+02, 2.60427643e+02,
    6.14940796e+02, 2.93253113e+02, 6.05737244e+02, 3.26356537e+02,
    5.95991638e+02, 3.59988800e+02, 6.01610840e+02, 2.10497635e+02,
    5.92241333e+02, 2.43547638e+02, 5.82281616e+02, 2.77335083e+02,
    5.72444824e+02, 3.11103485e+02, 5.62760864e+02, 3.45553101e+02,
    5.67867371e+02, 1.92332733e+02, 5.58412231e+02, 2.26087997e+02,
    5.47888550e+02, 2.60444611e+02, 5.37523438e+02, 2.94891754e+02,
    5.27105164e+02, 3.30333282e+02, 5.32802917e+02, 1.73095169e+02,
    5.22640686e+02, 2.07756012e+02, 5.12274170e+02, 2.42570129e+02,
    5.01171539e+02, 2.78286041e+02, 4.90272369e+02, 3.14255859e+02,
    4.96317596e+02, 1.53232315e+02, 4.85552124e+02, 1.88557098e+02,
    4.74565002e+02, 2.24271149e+02, 4.63245117e+02, 2.60496521e+02,
    4.51583282e+02, 2.97289246e+02 ]
