%YAML:1.0
---
points: [ 1.82968826e+02, 1.15274147e+02, 1.80502472e+02, 1.25925644e+02,
    1.77807907e+02, 1.36666809e+02, 1.75233215e+02, 1.47367676e+02,
    1.72601028e+02, 1.58369110e+02, 1.73781174e+02, 1.09953323e+02,
    1.71057755e+02, 1.20924950e+02, 1.68243515e+02, 1.31888718e+02,
    1.65446609e+02, 1.42865005e+02, 1.62593109e+02, 1.54051743e+02,
    1.63833527e+02, 1.04594933e+02, 1.61002396e+02, 1.15677330e+02,
    1.58046906e+02, 1.26888222e+02, 1.55210007e+02, 1.38134399e+02,
    1.52216766e+02, 1.49441330e+02, 1.53391373e+02, 9.87847748e+01,
    1.50531662e+02, 1.10160767e+02, 1.47441925e+02, 1.21540077e+02,
    1.44305084e+02, 1.33190353e+02, 1.41291473e+02, 1.44655579e+02,
    1.42581146e+02, 9.29148102e+01, 1.39751434e+02, 1.04469864e+02,
    1.36362015e+02, 1.16133965e+02, 1.33121231e+02, 1.27785431e+02,
    1.29883728e+02, 1.39858704e+02, 1.31322739e+02, 8.67477570e+01,
    1.28068222e+02, 9.84539413e+01, 1.24857010e+02, 1.10327103e+02,
    1.21375465e+02, 1.22319336e+02, 1.17979507e+02, 1.34584335e+02,
    1.19546127e+02, 8.03442841e+01, 1.16248917e+02, 9.22697220e+01,
    1.12677322e+02, 1.04300362e+02, 1.09149071e+02, 1.16530548e+02,
    1.05422401e+02, 1.29114380e+02 ]
