%YAML:1.0
---
points: [ 1.85591766e+02, 3.08160461e+02, 1.86066208e+02, 3.20280640e+02,
    1.86115601e+02, 3.32950867e+02, 1.86613739e+02, 3.45835571e+02,
    1.87083633e+02, 3.59015320e+02, 1.76346420e+02, 3.07639130e+02,
    1.76363693e+02, 3.20454956e+02, 1.76469589e+02, 3.33270111e+02,
    1.76674667e+02, 3.46524353e+02, 1.76757935e+02, 3.59990906e+02,
    1.66172028e+02, 3.07436829e+02, 1.66104706e+02, 3.20421143e+02,
    1.66088882e+02, 3.33709351e+02, 1.66190323e+02, 3.47262909e+02,
    1.66272217e+02, 3.60996124e+02, 1.55572479e+02, 3.07256409e+02,
    1.55485703e+02, 3.20570587e+02, 1.55230545e+02, 3.34103119e+02,
    1.55181061e+02, 3.48008698e+02, 1.55098282e+02, 3.62086365e+02,
    1.44327789e+02, 3.06962067e+02, 1.44331604e+02, 3.20457916e+02,
    1.43870590e+02, 3.34427124e+02, 1.43581116e+02, 3.48586090e+02,
    1.43424545e+02, 3.63298615e+02, 1.32653381e+02, 3.06668854e+02,
    1.32317657e+02, 3.20578125e+02, 1.31976562e+02, 3.34639648e+02,
    1.31592361e+02, 3.49187103e+02, 1.31233582e+02, 3.64289246e+02,
    1.20385696e+02, 3.06249756e+02, 1.20071342e+02, 3.20563690e+02,
    1.19626839e+02, 3.35104584e+02, 1.18997139e+02, 3.49900574e+02,
    1.18698769e+02, 3.65238800e+02 ]
