%YAML:1.0
---
points: [ 6.04314697e+02, 3.20739868e+02, 6.10514648e+02, 3.46768311e+02,
    6.16993591e+02, 3.72658630e+02, 6.23223816e+02, 3.98733917e+02,
    6.29507996e+02, 4.25133240e+02, 5.82617004e+02, 3.29614380e+02,
    5.89305420e+02, 3.55535614e+02, 5.95729675e+02, 3.81113953e+02,
    6.01852539e+02, 4.07153992e+02, 6.08241516e+02, 4.33102844e+02,
    5.61794312e+02, 3.38456787e+02, 5.68258606e+02, 3.64063171e+02,
    5.74612610e+02, 3.89574768e+02, 5.80675964e+02, 4.15286652e+02,
    5.86921082e+02, 4.41217865e+02, 5.41502686e+02, 3.47094635e+02,
    5.47578308e+02, 3.72504913e+02, 5.54221558e+02, 3.97736420e+02,
    5.60147339e+02, 4.23341736e+02, 5.65901672e+02, 4.48901672e+02,
    5.21640625e+02, 3.55693298e+02, 5.27245483e+02, 3.80701874e+02,
    5.33594482e+02, 4.06087494e+02, 5.39606018e+02, 4.31348236e+02,
    5.45486633e+02, 4.56777252e+02, 5.01738953e+02, 3.63873016e+02,
    5.07445557e+02, 3.88993713e+02, 5.13214355e+02, 4.13946014e+02,
    5.19433044e+02, 4.39117157e+02, 5.25248657e+02, 4.64338287e+02,
    4.82368073e+02, 3.72230774e+02, 4.87738831e+02, 3.97121277e+02,
    4.93516327e+02, 4.21755341e+02, 4.99366943e+02, 4.46638733e+02,
    5.05189972e+02, 4.71643188e+02 ]
