%YAML:1.0
---
points: [ 8.47346375e+02, 2.99361877e+02, 8.42879578e+02, 3.29651154e+02,
    8.37950806e+02, 3.60389893e+02, 8.33431641e+02, 3.91288940e+02,
    8.28697205e+02, 4.22429321e+02, 8.18624573e+02, 2.89090729e+02,
    8.13724304e+02, 3.20411316e+02, 8.08806519e+02, 3.51314392e+02,
    8.03967285e+02, 3.82715668e+02, 7.99192505e+02, 4.14255341e+02,
    7.88718445e+02, 2.78970917e+02, 7.83602661e+02, 3.10572052e+02,
    7.78474670e+02, 3.42314026e+02, 7.73545959e+02, 3.73991119e+02,
    7.68269897e+02, 4.06309174e+02, 7.57690979e+02, 2.68542725e+02,
    7.52816162e+02, 3.00523254e+02, 7.47322571e+02, 3.32783722e+02,
    7.41932190e+02, 3.64904541e+02, 7.36796692e+02, 3.97590698e+02,
    7.25686646e+02, 2.57739838e+02, 7.20568481e+02, 2.89950867e+02,
    7.14750488e+02, 3.22640839e+02, 7.09290405e+02, 3.55477295e+02,
    7.03553223e+02, 3.88608398e+02, 6.92451477e+02, 2.46272049e+02,
    6.87033142e+02, 2.79322571e+02, 6.81449585e+02, 3.12290771e+02,
    6.75580200e+02, 3.45691101e+02, 6.69684692e+02, 3.79529724e+02,
    6.58661011e+02, 2.34637604e+02, 6.52832825e+02, 2.67956970e+02,
    6.47115784e+02, 3.01573730e+02, 6.40972717e+02, 3.35410309e+02,
    6.34704590e+02, 3.69762726e+02 ]
