%YAML:1.0
---
points: [ 2.34377899e+02, 1.27685249e+02, 2.33117996e+02, 1.38017944e+02,
    2.31707443e+02, 1.48512695e+02, 2.30350723e+02, 1.58978653e+02,
    2.28977570e+02, 1.69557892e+02, 2.25027588e+02, 1.24470467e+02,
    2.23581268e+02, 1.35049316e+02, 2.22108505e+02, 1.45726105e+02,
    2.20612915e+02, 1.56348572e+02, 2.19230148e+02, 1.67044510e+02,
    2.15108887e+02, 1.21059845e+02, 2.13591919e+02, 1.31838455e+02,
    2.12038895e+02, 1.42640671e+02, 2.10579514e+02, 1.53395767e+02,
    2.08938293e+02, 1.64360809e+02, 2.04783859e+02, 1.17612358e+02,
    2.03417572e+02, 1.28636459e+02, 2.01745499e+02, 1.39649780e+02,
    2.00200439e+02, 1.50547089e+02, 1.98648575e+02, 1.61670135e+02,
    1.94185028e+02, 1.14338173e+02, 1.92856735e+02, 1.25242256e+02,
    1.91073196e+02, 1.36331299e+02, 1.89396683e+02, 1.47387543e+02,
    1.87778900e+02, 1.58773788e+02, 1.83373993e+02, 1.10543633e+02,
    1.81762436e+02, 1.21799385e+02, 1.80055328e+02, 1.32873672e+02,
    1.78362152e+02, 1.44305862e+02, 1.76650269e+02, 1.55725891e+02,
    1.72153076e+02, 1.06770660e+02, 1.70516724e+02, 1.18083145e+02,
    1.68726074e+02, 1.29582916e+02, 1.66847870e+02, 1.40895645e+02,
    1.65059189e+02, 1.52760117e+02 ]
