%YAML:1.0
---
points: [ 5.50852905e+02, 3.06577332e+02, 5.49750366e+02, 3.34228027e+02,
    5.48795715e+02, 3.61656281e+02, 5.47607422e+02, 3.89465363e+02,
    5.46375244e+02, 4.17475952e+02, 5.20570801e+02, 3.02882355e+02,
    5.19344849e+02, 3.30961426e+02, 5.18315796e+02, 3.58838562e+02,
    5.17151428e+02, 3.86852875e+02, 5.15929871e+02, 4.14852753e+02,
    4.89569000e+02, 2.99531250e+02, 4.88350922e+02, 3.28024353e+02,
    4.87026672e+02, 3.56070038e+02, 4.85705811e+02, 3.84272888e+02,
    4.84494293e+02, 4.12697540e+02, 4.58203644e+02, 2.96351562e+02,
    4.56747467e+02, 3.24585327e+02, 4.55462830e+02, 3.53249817e+02,
    4.54085632e+02, 3.81583099e+02, 4.52825439e+02, 4.10246460e+02,
    4.26170959e+02, 2.92743866e+02, 4.24502686e+02, 3.21380859e+02,
    4.23128540e+02, 3.50229218e+02, 4.21716034e+02, 3.78832367e+02,
    4.20085663e+02, 4.07863190e+02, 3.93401001e+02, 2.89227661e+02,
    3.91900848e+02, 3.18228333e+02, 3.90480103e+02, 3.46927612e+02,
    3.88895935e+02, 3.76205078e+02, 3.87359161e+02, 4.05353119e+02,
    3.60448822e+02, 2.85768188e+02, 3.58772369e+02, 3.14707428e+02,
    3.57112427e+02, 3.43960266e+02, 3.55549438e+02, 3.73121826e+02,
    3.53926727e+02, 4.02700623e+02 ]
