%YAML:1.0
---
points: [ 1.39735443e+02, 2.99034424e+02, 1.39463120e+02, 3.13054138e+02,
    1.39202988e+02, 3.27388947e+02, 1.38906372e+02, 3.42267944e+02,
    1.38911301e+02, 3.57455719e+02, 1.28160553e+02, 3.01611969e+02,
    1.27935516e+02, 3.15629730e+02, 1.27741402e+02, 3.29787476e+02,
    1.27298813e+02, 3.44285858e+02, 1.26811356e+02, 3.59487610e+02,
    1.16956291e+02, 3.04109222e+02, 1.16638229e+02, 3.17831635e+02,
    1.16269203e+02, 3.31937775e+02, 1.15639793e+02, 3.46607147e+02,
    1.15323830e+02, 3.61516632e+02, 1.06272667e+02, 3.06632935e+02,
    1.05567665e+02, 3.20187408e+02, 1.05177826e+02, 3.34324066e+02,
    1.04575356e+02, 3.48552277e+02, 1.03834633e+02, 3.63312347e+02,
    9.57429352e+01, 3.09006317e+02, 9.47590485e+01, 3.22405945e+02,
    9.42280807e+01, 3.36248901e+02, 9.36768036e+01, 3.50337463e+02,
    9.31295471e+01, 3.64823334e+02, 8.56453705e+01, 3.11390991e+02,
    8.45180893e+01, 3.24628540e+02, 8.36323700e+01, 3.38221069e+02,
    8.31924133e+01, 3.51915649e+02, 8.22437592e+01, 3.66544525e+02,
    7.55500336e+01, 3.13253662e+02, 7.44329910e+01, 3.26692444e+02,
    7.35413666e+01, 3.40053986e+02, 7.26095581e+01, 3.53832306e+02,
    7.21082611e+01, 3.67668640e+02 ]
