%YAML:1.0
---
points: [ 2.93527740e+02, 2.47145309e+02, 2.86763245e+02, 2.76618011e+02,
    2.80062439e+02, 3.06449188e+02, 2.73354675e+02, 3.36198273e+02,
    2.66305756e+02, 3.66425018e+02, 2.58244476e+02, 2.35917816e+02,
    2.50924820e+02, 2.66254761e+02, 2.43984619e+02, 2.96441132e+02,
    2.36853867e+02, 3.26726837e+02, 2.29685501e+02, 3.57384003e+02,
    2.21234848e+02, 2.24699341e+02, 2.13723145e+02, 2.55432449e+02,
    2.06511856e+02, 2.86140594e+02, 1.99184967e+02, 3.16955750e+02,
    1.91603088e+02, 3.48262848e+02, 1.83409775e+02, 2.13371933e+02,
    1.75756638e+02, 2.44321976e+02, 1.68271362e+02, 2.75635529e+02,
    1.60451019e+02, 3.06905731e+02, 1.52976593e+02, 3.38688141e+02,
    1.44283722e+02, 2.01423370e+02, 1.36444580e+02, 2.32828049e+02,
    1.28471359e+02, 2.64541870e+02, 1.20492210e+02, 2.96492828e+02,
    1.12486305e+02, 3.28738892e+02, 1.04020874e+02, 1.89078629e+02,
    9.58898163e+01, 2.21133728e+02, 8.76612701e+01, 2.53279236e+02,
    7.94482880e+01, 2.85738037e+02, 7.11932449e+01, 3.18576691e+02,
    6.25428429e+01, 1.76388535e+02, 5.42224312e+01, 2.08871521e+02,
    4.54959602e+01, 2.41472229e+02, 3.71960983e+01, 2.74648315e+02,
    2.84339485e+01, 3.07890228e+02 ]
