%YAML:1.0
---
points: [ 1.53117233e+02, 3.01984711e+02, 1.53533813e+02, 3.15445984e+02,
    1.53661880e+02, 3.29103241e+02, 1.53964340e+02, 3.43079498e+02,
    1.54414795e+02, 3.57676086e+02, 1.39838974e+02, 3.02668945e+02,
    1.39913864e+02, 3.16527588e+02, 1.40037247e+02, 3.30277863e+02,
    1.40243729e+02, 3.44665924e+02, 1.40084335e+02, 3.59248199e+02,
    1.25893715e+02, 3.03695374e+02, 1.25909225e+02, 3.17416107e+02,
    1.25774033e+02, 3.31612152e+02, 1.25650116e+02, 3.45974152e+02,
    1.25845818e+02, 3.60923706e+02, 1.11685249e+02, 3.04479675e+02,
    1.11390854e+02, 3.18487122e+02, 1.11241257e+02, 3.32836823e+02,
    1.11186028e+02, 3.47398956e+02, 1.10820389e+02, 3.62408783e+02,
    9.69791183e+01, 3.05404388e+02, 9.66482925e+01, 3.19509613e+02,
    9.63021011e+01, 3.33932129e+02, 9.59194336e+01, 3.48758331e+02,
    9.59031982e+01, 3.64076111e+02, 8.19194260e+01, 3.06063385e+02,
    8.13406448e+01, 3.20512848e+02, 8.08456955e+01, 3.35047974e+02,
    8.05832138e+01, 3.50074493e+02, 7.99724655e+01, 3.65607117e+02,
    6.66529388e+01, 3.06667847e+02, 6.58959885e+01, 3.21387146e+02,
    6.54384155e+01, 3.36085052e+02, 6.48036041e+01, 3.51354004e+02,
    6.47251968e+01, 3.66687561e+02 ]
