%YAML:1.0
---
points: [ 2.30181198e+02, 1.19891800e+02, 2.29769516e+02, 1.30754440e+02,
    2.29254868e+02, 1.41744690e+02, 2.28871826e+02, 1.52630432e+02,
    2.28358780e+02, 1.63712311e+02, 2.19292953e+02, 1.18135765e+02,
    2.18727051e+02, 1.29330231e+02, 2.18344559e+02, 1.40446625e+02,
    2.17757767e+02, 1.51400253e+02, 2.17239304e+02, 1.62512894e+02,
    2.07936081e+02, 1.16718468e+02, 2.07469757e+02, 1.27971352e+02,
    2.06887985e+02, 1.39057495e+02, 2.06346954e+02, 1.50156082e+02,
    2.05803635e+02, 1.61423477e+02, 1.96397751e+02, 1.15148972e+02,
    1.96038635e+02, 1.26326805e+02, 1.95407333e+02, 1.37708969e+02,
    1.94820786e+02, 1.48903275e+02, 1.94267929e+02, 1.60210129e+02,
    1.84958572e+02, 1.13610062e+02, 1.84359802e+02, 1.24893196e+02,
    1.83665970e+02, 1.36228821e+02, 1.83145462e+02, 1.47506500e+02,
    1.82462982e+02, 1.59127487e+02, 1.72883911e+02, 1.11819481e+02,
    1.72339523e+02, 1.23330521e+02, 1.71681107e+02, 1.34649429e+02,
    1.71086395e+02, 1.46203857e+02, 1.70460281e+02, 1.57751724e+02,
    1.61022537e+02, 1.10221352e+02, 1.60230591e+02, 1.21778137e+02,
    1.59541428e+02, 1.33247635e+02, 1.58878922e+02, 1.44654938e+02,
    1.58004517e+02, 1.56398514e+02 ]
