%YAML:1.0
---
points: [ 8.33019409e+02, 2.75951569e+02, 8.31418945e+02, 3.08003632e+02,
    8.29355042e+02, 3.40117523e+02, 8.27588867e+02, 3.72338959e+02,
    8.25660767e+02, 4.04844330e+02, 8.00485474e+02, 2.70714233e+02,
    7.98291138e+02, 3.03354950e+02, 7.96399597e+02, 3.35585907e+02,
    7.94349487e+02, 3.68319336e+02, 7.92304382e+02, 4.01252655e+02,
    7.66606750e+02, 2.65594147e+02, 7.64528809e+02, 2.98436981e+02,
    7.62402832e+02, 3.31301575e+02, 7.60318604e+02, 3.64168121e+02,
    7.57962830e+02, 3.97410736e+02, 7.32535095e+02, 2.60679535e+02,
    7.30351929e+02, 2.93431793e+02, 7.28154236e+02, 3.26767242e+02,
    7.25818970e+02, 3.59867401e+02, 7.23595215e+02, 3.93273254e+02,
    6.97464539e+02, 2.55510254e+02, 6.95379883e+02, 2.88338074e+02,
    6.92742981e+02, 3.22010254e+02, 6.90444336e+02, 3.55446808e+02,
    6.87821472e+02, 3.89313324e+02, 6.61845337e+02, 2.50020401e+02,
    6.59624634e+02, 2.83428802e+02, 6.56981140e+02, 3.16965729e+02,
    6.54507751e+02, 3.50769806e+02, 6.51773865e+02, 3.85155518e+02,
    6.26026001e+02, 2.44527771e+02, 6.23322388e+02, 2.78115356e+02,
    6.20597229e+02, 3.12103302e+02, 6.17857361e+02, 3.46020691e+02,
    6.15084595e+02, 3.80689514e+02 ]
