%YAML:1.0
---
points: [ 1.39767761e+02, 3.04452606e+02, 1.39787292e+02, 3.17591522e+02,
    1.39368332e+02, 3.30978485e+02, 1.39296448e+02, 3.44483398e+02,
    1.39466095e+02, 3.58267456e+02, 1.29123413e+02, 3.04186890e+02,
    1.28718582e+02, 3.17781860e+02, 1.28366653e+02, 3.31320557e+02,
    1.28208969e+02, 3.45482697e+02, 1.27793236e+02, 3.59678375e+02,
    1.17607285e+02, 3.04113037e+02, 1.17146385e+02, 3.17910614e+02,
    1.16641335e+02, 3.31765320e+02, 1.16200256e+02, 3.46289307e+02,
    1.15953888e+02, 3.60875366e+02, 1.05378021e+02, 3.03667053e+02,
    1.04937927e+02, 3.18130188e+02, 1.04198929e+02, 3.32466583e+02,
    1.03848145e+02, 3.47042419e+02, 1.03335594e+02, 3.62222717e+02,
    9.25355988e+01, 3.03713684e+02, 9.20885696e+01, 3.18038757e+02,
    9.13222351e+01, 3.33001862e+02, 9.05670013e+01, 3.48028778e+02,
    9.01639557e+01, 3.63480103e+02, 7.90670929e+01, 3.03197357e+02,
    7.83400269e+01, 3.18357574e+02, 7.76168976e+01, 3.33274353e+02,
    7.68239670e+01, 3.48841949e+02, 7.60641937e+01, 3.64672424e+02,
    6.50382462e+01, 3.02797302e+02, 6.41676025e+01, 3.18229828e+02,
    6.34183350e+01, 3.33761871e+02, 6.23702888e+01, 3.49609467e+02,
    6.19461174e+01, 3.65715027e+02 ]
