%YAML:1.0
---
points: [ 7.80786682e+02, 2.40405273e+02, 7.83888000e+02, 2.73840027e+02,
    7.87348022e+02, 3.07618134e+02, 7.90547607e+02, 3.41068573e+02,
    7.93729309e+02, 3.75353455e+02, 7.48139526e+02, 2.46009903e+02,
    7.51455078e+02, 2.79700775e+02, 7.54707031e+02, 3.12996643e+02,
    7.57769409e+02, 3.46513428e+02, 7.61075073e+02, 3.80523499e+02,
    7.15741455e+02, 2.51744293e+02, 7.19005005e+02, 2.85427368e+02,
    7.22371155e+02, 3.18552429e+02, 7.25217346e+02, 3.51773926e+02,
    7.28402039e+02, 3.85690430e+02, 6.84255066e+02, 2.57791779e+02,
    6.86916626e+02, 2.90831604e+02, 6.90427795e+02, 3.23959656e+02,
    6.93265991e+02, 3.57116119e+02, 6.96130066e+02, 3.90656769e+02,
    6.52904541e+02, 2.63667358e+02, 6.55218079e+02, 2.96366119e+02,
    6.58464966e+02, 3.29257019e+02, 6.61286743e+02, 3.62291260e+02,
    6.64164917e+02, 3.95845154e+02, 6.21710449e+02, 2.69222565e+02,
    6.24155273e+02, 3.01803864e+02, 6.26763733e+02, 3.34378052e+02,
    6.29534607e+02, 3.67288330e+02, 6.32385559e+02, 4.00606079e+02,
    5.90864929e+02, 2.74691254e+02, 5.93091064e+02, 3.07255432e+02,
    5.95644470e+02, 3.39446472e+02, 5.98161926e+02, 3.72217468e+02,
    6.00862671e+02, 4.05327545e+02 ]
