%YAML:1.0
---
points: [ 2.13319077e+02, 1.07936394e+02, 2.14562302e+02, 1.19450188e+02,
    2.15884415e+02, 1.30845337e+02, 2.17136703e+02, 1.42210876e+02,
    2.18495422e+02, 1.53700836e+02, 2.02073441e+02, 1.10175919e+02,
    2.03391922e+02, 1.21553162e+02, 2.04744476e+02, 1.32765411e+02,
    2.06046539e+02, 1.44210495e+02, 2.07346268e+02, 1.55640823e+02,
    1.91115005e+02, 1.12221703e+02, 1.92371826e+02, 1.23697815e+02,
    1.93634109e+02, 1.34797562e+02, 1.94845932e+02, 1.46129501e+02,
    1.96132553e+02, 1.57680328e+02, 1.80203354e+02, 1.14466759e+02,
    1.81369644e+02, 1.25665787e+02, 1.82818176e+02, 1.36822418e+02,
    1.83987900e+02, 1.48041626e+02, 1.85131348e+02, 1.59602173e+02,
    1.69621124e+02, 1.16585136e+02, 1.70707443e+02, 1.27629547e+02,
    1.71920593e+02, 1.38755112e+02, 1.73026733e+02, 1.49914780e+02,
    1.74136734e+02, 1.61396194e+02, 1.58981903e+02, 1.18597130e+02,
    1.59989197e+02, 1.29627899e+02, 1.61088593e+02, 1.40730042e+02,
    1.62259445e+02, 1.51880310e+02, 1.63345474e+02, 1.63105957e+02,
    1.48434921e+02, 1.20585464e+02, 1.49408905e+02, 1.31593033e+02,
    1.50524170e+02, 1.42644012e+02, 1.51555374e+02, 1.53662537e+02,
    1.52645828e+02, 1.64875473e+02 ]
