%YAML:1.0
---
points: [ 5.16315186e+02, 2.47768631e+02, 5.08606842e+02, 2.76245178e+02,
    5.00881683e+02, 3.04868713e+02, 4.93266357e+02, 3.33556335e+02,
    4.85473724e+02, 3.62687744e+02, 4.86984650e+02, 2.34209427e+02,
    4.78934204e+02, 2.63431763e+02, 4.70813812e+02, 2.92372406e+02,
    4.62730072e+02, 3.21719238e+02, 4.54574890e+02, 3.51402435e+02,
    4.55952637e+02, 2.20171158e+02, 4.47613770e+02, 2.49783737e+02,
    4.39178589e+02, 2.79542725e+02, 4.30900665e+02, 3.09455902e+02,
    4.22247833e+02, 3.39744385e+02, 4.23839355e+02, 2.05694000e+02,
    4.15414886e+02, 2.35923935e+02, 4.06439941e+02, 2.66177856e+02,
    3.97626526e+02, 2.96538605e+02, 3.88974335e+02, 3.27601227e+02,
    3.90499908e+02, 1.90592316e+02, 3.81576721e+02, 2.21214447e+02,
    3.72240479e+02, 2.52185791e+02, 3.63167877e+02, 2.83299530e+02,
    3.53782227e+02, 3.14813904e+02, 3.55527161e+02, 1.74676208e+02,
    3.46394562e+02, 2.06137039e+02, 3.36952332e+02, 2.37579239e+02,
    3.27312683e+02, 2.69349792e+02, 3.17692291e+02, 3.01603363e+02,
    3.19591309e+02, 1.58461136e+02, 3.09995148e+02, 1.90421158e+02,
    3.00294098e+02, 2.22423157e+02, 2.90337036e+02, 2.54941971e+02,
    2.80244843e+02, 2.87704224e+02 ]
