%YAML:1.0
---
points: [ 1.18806725e+02, 3.02801910e+02, 1.18684235e+02, 3.16334442e+02,
    1.18431068e+02, 3.30314026e+02, 1.18283066e+02, 3.44528595e+02,
    1.18338364e+02, 3.59007111e+02, 1.04926132e+02, 3.03190460e+02,
    1.04460930e+02, 3.17227722e+02, 1.04092743e+02, 3.31222595e+02,
    1.03951126e+02, 3.45693268e+02, 1.03540131e+02, 3.60521637e+02,
    9.02276230e+01, 3.03869110e+02, 8.98071518e+01, 3.17862915e+02,
    8.92317352e+01, 3.32199921e+02, 8.86992035e+01, 3.46758209e+02,
    8.85128250e+01, 3.61732422e+02, 7.54527359e+01, 3.04478577e+02,
    7.47411270e+01, 3.18674316e+02, 7.41138992e+01, 3.33243164e+02,
    7.36043167e+01, 3.47901184e+02, 7.28684540e+01, 3.62972656e+02,
    6.03020363e+01, 3.04816650e+02, 5.92239685e+01, 3.19265869e+02,
    5.85387421e+01, 3.34032349e+02, 5.78559875e+01, 3.48949036e+02,
    5.77867126e+01, 3.64068420e+02, 4.47071075e+01, 3.05355072e+02,
    4.38040810e+01, 3.19909760e+02, 4.28401794e+01, 3.34705353e+02,
    4.23641739e+01, 3.49586334e+02, 4.15604134e+01, 3.65089569e+02,
    2.89886818e+01, 3.05552795e+02, 2.79253426e+01, 3.20419556e+02,
    2.73070889e+01, 3.34999298e+02, 2.63789024e+01, 3.50501282e+02,
    2.62989578e+01, 3.65484863e+02 ]
