%YAML:1.0
---
points: [ 6.97410156e+02, 5.77724648e+01, 7.05558105e+02, 9.28754807e+01,
    7.13699707e+02, 1.28217728e+02, 7.21951599e+02, 1.63474533e+02,
    7.30185181e+02, 1.99243622e+02, 6.65818970e+02, 7.08304291e+01,
    6.74391479e+02, 1.05874260e+02, 6.82468567e+02, 1.40924271e+02,
    6.90571899e+02, 1.75864349e+02, 6.98686462e+02, 2.11310364e+02,
    6.35301453e+02, 8.39947662e+01, 6.43530579e+02, 1.18673866e+02,
    6.51658508e+02, 1.53456573e+02, 6.59563416e+02, 1.88047729e+02,
    6.67663757e+02, 2.23229126e+02, 6.05745605e+02, 9.69314499e+01,
    6.13438293e+02, 1.31215057e+02, 6.21766724e+02, 1.65548141e+02,
    6.29451477e+02, 1.99975311e+02, 6.37357117e+02, 2.34534424e+02,
    5.76552063e+02, 1.09819664e+02, 5.83721069e+02, 1.43429092e+02,
    5.91734253e+02, 1.77579224e+02, 5.99677002e+02, 2.11554459e+02,
    6.07398315e+02, 2.46027252e+02, 5.47851196e+02, 1.22025620e+02,
    5.55063354e+02, 1.55567276e+02, 5.62523743e+02, 1.89170807e+02,
    5.70375732e+02, 2.22931824e+02, 5.77835510e+02, 2.57092865e+02,
    5.19595947e+02, 1.34181763e+02, 5.26766174e+02, 1.67352173e+02,
    5.33856567e+02, 2.00479431e+02, 5.41415771e+02, 2.33835663e+02,
    5.48798340e+02, 2.67517914e+02 ]
