%YAML:1.0
---
points: [ 2.81318756e+02, 1.13972992e+02, 2.82044220e+02, 1.25082977e+02,
    2.82752777e+02, 1.36188766e+02, 2.83397095e+02, 1.47351303e+02,
    2.84120300e+02, 1.58623581e+02, 2.69993896e+02, 1.14511642e+02,
    2.70673096e+02, 1.25883476e+02, 2.71356445e+02, 1.36903534e+02,
    2.72058014e+02, 1.47977844e+02, 2.72660492e+02, 1.59296646e+02,
    2.58613342e+02, 1.15348190e+02, 2.59264618e+02, 1.26525650e+02,
    2.60006622e+02, 1.37701019e+02, 2.60510864e+02, 1.48802048e+02,
    2.61157135e+02, 1.60095642e+02, 2.47415207e+02, 1.16208092e+02,
    2.47983765e+02, 1.27335709e+02, 2.48636139e+02, 1.38332657e+02,
    2.49212906e+02, 1.49589050e+02, 2.49870148e+02, 1.60777985e+02,
    2.36208191e+02, 1.17111244e+02, 2.36667236e+02, 1.28105927e+02,
    2.37344345e+02, 1.39235153e+02, 2.37873276e+02, 1.50300064e+02,
    2.38370605e+02, 1.61491150e+02, 2.24765289e+02, 1.17705666e+02,
    2.25372711e+02, 1.28783920e+02, 2.26008469e+02, 1.39835159e+02,
    2.26488815e+02, 1.51010590e+02, 2.27087769e+02, 1.62289078e+02,
    2.13611206e+02, 1.18379059e+02, 2.14152145e+02, 1.29473373e+02,
    2.14547775e+02, 1.40490021e+02, 2.15227112e+02, 1.51557541e+02,
    2.15652008e+02, 1.62826172e+02 ]
