%YAML:1.0
---
points: [ 9.82856873e+02, 2.60947876e+02, 9.84500854e+02, 2.93456940e+02,
    9.85894409e+02, 3.26270355e+02, 9.87275574e+02, 3.59181305e+02,
    9.88817078e+02, 3.92263947e+02, 9.49617493e+02, 2.62312256e+02,
    9.51072876e+02, 2.95333435e+02, 9.52594604e+02, 3.28134888e+02,
    9.53842773e+02, 3.60839722e+02, 9.55204895e+02, 3.93824585e+02,
    9.16378906e+02, 2.64194977e+02, 9.17632690e+02, 2.97075562e+02,
    9.18941345e+02, 3.29793762e+02, 9.20286499e+02, 3.62475555e+02,
    9.21632568e+02, 3.95756958e+02, 8.83184265e+02, 2.66066162e+02,
    8.84497620e+02, 2.98571838e+02, 8.85692688e+02, 3.31525269e+02,
    8.86870483e+02, 3.64310120e+02, 8.88097107e+02, 3.97326843e+02,
    8.49991455e+02, 2.68013000e+02, 8.51008240e+02, 3.00326294e+02,
    8.52323181e+02, 3.33171082e+02, 8.53443237e+02, 3.65873840e+02,
    8.54423340e+02, 3.98999939e+02, 8.16793274e+02, 2.69615967e+02,
    8.17861267e+02, 3.02014404e+02, 8.18815613e+02, 3.34506958e+02,
    8.19910339e+02, 3.67370331e+02, 8.21108765e+02, 4.00570068e+02,
    7.84003296e+02, 2.71079437e+02, 7.84687927e+02, 3.03604889e+02,
    7.85698486e+02, 3.35945374e+02, 7.86575195e+02, 3.68881775e+02,
    7.87496338e+02, 4.01893585e+02 ]
