%YAML:1.0
---
points: [ 2.91186646e+02, 1.26148819e+02, 2.90346741e+02, 1.36710236e+02,
    2.89228912e+02, 1.47139481e+02, 2.88413452e+02, 1.57675171e+02,
    2.87413757e+02, 1.68350510e+02, 2.81896088e+02, 1.23472168e+02,
    2.80858887e+02, 1.34231461e+02, 2.79826904e+02, 1.44796127e+02,
    2.78913849e+02, 1.55531342e+02, 2.77921051e+02, 1.66273697e+02,
    2.72310242e+02, 1.20979774e+02, 2.71209015e+02, 1.31826019e+02,
    2.70170135e+02, 1.42544113e+02, 2.69108795e+02, 1.53201721e+02,
    2.68074768e+02, 1.64125839e+02, 2.62296692e+02, 1.18274406e+02,
    2.61342255e+02, 1.29147217e+02, 2.60171570e+02, 1.40107498e+02,
    2.59140991e+02, 1.51053589e+02, 2.58115173e+02, 1.61936142e+02,
    2.52194153e+02, 1.15600044e+02, 2.51262878e+02, 1.26411797e+02,
    2.50014160e+02, 1.37507019e+02, 2.48849396e+02, 1.48632019e+02,
    2.47691574e+02, 1.59823563e+02, 2.41696152e+02, 1.12658264e+02,
    2.40731186e+02, 1.23876541e+02, 2.39572052e+02, 1.34855682e+02,
    2.38343460e+02, 1.46047958e+02, 2.37179718e+02, 1.57448395e+02,
    2.31216629e+02, 1.09783493e+02, 2.30035065e+02, 1.20916939e+02,
    2.28850479e+02, 1.32263809e+02, 2.27622238e+02, 1.43572311e+02,
    2.26288406e+02, 1.55012451e+02 ]
