%YAML:1.0
---
points: [ 1.01431104e+03, 2.97500458e+02, 1.01127179e+03, 3.28298676e+02,
    1.00758698e+03, 3.58883423e+02, 1.00453711e+03, 3.89798462e+02,
    1.00130322e+03, 4.21190887e+02, 9.86520325e+02, 2.89274628e+02,
    9.82995972e+02, 3.20571228e+02, 9.79462952e+02, 3.51630310e+02,
    9.75792725e+02, 3.82988312e+02, 9.72503296e+02, 4.14534271e+02,
    9.57625671e+02, 2.81264099e+02, 9.53794312e+02, 3.12794434e+02,
    9.49932129e+02, 3.44404999e+02, 9.46585815e+02, 3.76119110e+02,
    9.42813416e+02, 4.08154602e+02, 9.27739502e+02, 2.72799957e+02,
    9.24255493e+02, 3.04686035e+02, 9.20317139e+02, 3.36696930e+02,
    9.16490784e+02, 3.68850616e+02, 9.12746887e+02, 4.01348724e+02,
    8.97244202e+02, 2.64415161e+02, 8.93603149e+02, 2.96458984e+02,
    8.89557312e+02, 3.28900543e+02, 8.85458496e+02, 3.61324860e+02,
    8.81373291e+02, 3.94229004e+02, 8.65778259e+02, 2.55459427e+02,
    8.62070740e+02, 2.87860718e+02, 8.58242188e+02, 3.20570862e+02,
    8.53749939e+02, 3.53665192e+02, 8.49708618e+02, 3.86875702e+02,
    8.33787354e+02, 2.46258698e+02, 8.29811707e+02, 2.79261902e+02,
    8.25818970e+02, 3.12305573e+02, 8.21633911e+02, 3.45542969e+02,
    8.17252502e+02, 3.79406464e+02 ]
