%YAML:1.0
---
points: [ 1.07583850e+03, 1.65224487e+02, 1.07353845e+03, 1.96108505e+02,
    1.07076880e+03, 2.26798706e+02, 1.06858911e+03, 2.57716949e+02,
    1.06593506e+03, 2.88762512e+02, 1.05028491e+03, 1.55675369e+02,
    1.04757690e+03, 1.87401764e+02, 1.04472009e+03, 2.18531906e+02,
    1.04228625e+03, 2.49938278e+02, 1.03954907e+03, 2.81507599e+02,
    1.02331366e+03, 1.46328842e+02, 1.02058911e+03, 1.78281754e+02,
    1.01763788e+03, 2.10197937e+02, 1.01520227e+03, 2.41726227e+02,
    1.01213959e+03, 2.73921539e+02, 9.95680054e+02, 1.36742996e+02,
    9.92912537e+02, 1.68858246e+02, 9.89852539e+02, 2.01464691e+02,
    9.87050415e+02, 2.33603149e+02, 9.84585632e+02, 2.66106415e+02,
    9.67030029e+02, 1.26702438e+02, 9.64512451e+02, 1.59316162e+02,
    9.61176697e+02, 1.92131348e+02, 9.58381531e+02, 2.24826706e+02,
    9.55348877e+02, 2.57889832e+02, 9.37560425e+02, 1.16289474e+02,
    9.34822021e+02, 1.49395645e+02, 9.32078430e+02, 1.82463898e+02,
    9.28684998e+02, 2.15779251e+02, 9.25787354e+02, 2.49499237e+02,
    9.07518982e+02, 1.05511368e+02, 9.04722839e+02, 1.39220871e+02,
    9.01719727e+02, 1.72528641e+02, 8.98628235e+02, 2.06517563e+02,
    8.95600769e+02, 2.40526169e+02 ]
