%YAML:1.0
---
points: [ 1.16967957e+02, 3.02941742e+02, 1.16812363e+02, 3.16283813e+02,
    1.16683067e+02, 3.30128815e+02, 1.16538292e+02, 3.44169464e+02,
    1.16618294e+02, 3.58716644e+02, 1.03532883e+02, 3.04476379e+02,
    1.03173859e+02, 3.18061951e+02, 1.02895012e+02, 3.31767700e+02,
    1.02736778e+02, 3.45933258e+02, 1.02359421e+02, 3.60468414e+02,
    8.98027496e+01, 3.05968781e+02, 8.94032135e+01, 3.19631958e+02,
    8.90817947e+01, 3.33448639e+02, 8.86535034e+01, 3.47525391e+02,
    8.84864349e+01, 3.61903687e+02, 7.62380066e+01, 3.07565948e+02,
    7.56232376e+01, 3.21194183e+02, 7.52383041e+01, 3.34920441e+02,
    7.48458405e+01, 3.49028198e+02, 7.43419113e+01, 3.63545959e+02,
    6.28965645e+01, 3.09081482e+02, 6.19157829e+01, 3.22562500e+02,
    6.16274261e+01, 3.36341553e+02, 6.10513992e+01, 3.50415283e+02,
    6.08569412e+01, 3.64576508e+02, 4.95651016e+01, 3.10523590e+02,
    4.87032890e+01, 3.23918457e+02, 4.77903709e+01, 3.37768097e+02,
    4.76345634e+01, 3.51506439e+02, 4.68472481e+01, 3.65979675e+02,
    3.63617249e+01, 3.11722656e+02, 3.54763680e+01, 3.25231842e+02,
    3.47685738e+01, 3.38652069e+02, 3.40202751e+01, 3.52845123e+02,
    3.40394135e+01, 3.66605591e+02 ]
