%YAML:1.0
---
points: [ 1.23354729e+02, 1.95075043e+02, 1.23246201e+02, 2.05694427e+02,
    1.23079659e+02, 2.16553574e+02, 1.23007614e+02, 2.27490295e+02,
    1.22908928e+02, 2.38912552e+02, 1.11375587e+02, 1.96322540e+02,
    1.11269135e+02, 2.06965881e+02, 1.11172089e+02, 2.17948914e+02,
    1.10828934e+02, 2.29027832e+02, 1.10574928e+02, 2.40512909e+02,
    9.93983154e+01, 1.97724045e+02, 9.90887222e+01, 2.08410080e+02,
    9.88371735e+01, 2.19362762e+02, 9.83504257e+01, 2.30610306e+02,
    9.79548264e+01, 2.42007263e+02, 8.77725525e+01, 1.99198654e+02,
    8.70088654e+01, 2.09802841e+02, 8.67047272e+01, 2.20993668e+02,
    8.62278366e+01, 2.32040985e+02, 8.56234131e+01, 2.43707306e+02,
    7.59712677e+01, 2.00487305e+02, 7.51238632e+01, 2.11217606e+02,
    7.46072159e+01, 2.22140823e+02, 7.39407196e+01, 2.33669693e+02,
    7.30764771e+01, 2.45163406e+02, 6.40416412e+01, 2.01980942e+02,
    6.32128067e+01, 2.12693268e+02, 6.23008652e+01, 2.23734879e+02,
    6.15446892e+01, 2.34960526e+02, 6.07682648e+01, 2.46626419e+02,
    5.24425659e+01, 2.03233887e+02, 5.13007774e+01, 2.14112213e+02,
    5.03785782e+01, 2.25001831e+02, 4.94529839e+01, 2.36517548e+02,
    4.84946709e+01, 2.47970749e+02 ]
