%YAML:1.0
---
points: [ 1.13616431e+03, 2.78039062e+02, 1.13837781e+03, 3.09630341e+02,
    1.14054712e+03, 3.41483368e+02, 1.14294336e+03, 3.73386444e+02,
    1.14525757e+03, 4.05653442e+02, 1.10344226e+03, 2.80533844e+02,
    1.10566504e+03, 3.12444397e+02, 1.10778589e+03, 3.44149902e+02,
    1.10997839e+03, 3.75942596e+02, 1.11224707e+03, 4.08031342e+02,
    1.07067114e+03, 2.83134399e+02, 1.07295349e+03, 3.14842041e+02,
    1.07491016e+03, 3.46580109e+02, 1.07702002e+03, 3.78356110e+02,
    1.07922937e+03, 4.10524567e+02, 1.03852686e+03, 2.85973328e+02,
    1.04052344e+03, 3.17428223e+02, 1.04257568e+03, 3.49230286e+02,
    1.04448657e+03, 3.80841492e+02, 1.04656799e+03, 4.12725861e+02,
    1.00634039e+03, 2.88569458e+02, 1.00808435e+03, 3.19735321e+02,
    1.01002325e+03, 3.51460754e+02, 1.01184717e+03, 3.83102386e+02,
    1.01360889e+03, 4.15206238e+02, 9.74175354e+02, 2.91182343e+02,
    9.75875610e+02, 3.22463196e+02, 9.77852356e+02, 3.53759491e+02,
    9.79552368e+02, 3.85520050e+02, 9.81388123e+02, 4.17477783e+02,
    9.42489014e+02, 2.93439026e+02, 9.44117859e+02, 3.24685486e+02,
    9.45682983e+02, 3.56004669e+02, 9.47623047e+02, 3.87536224e+02,
    9.49230957e+02, 4.19376801e+02 ]
