%YAML:1.0
---
points: [ 1.29636499e+03, 1.98387787e+02, 1.30076770e+03, 2.27668396e+02,
    1.30499011e+03, 2.56841583e+02, 1.30932874e+03, 2.86326294e+02,
    1.31354846e+03, 3.15671814e+02, 1.26601306e+03, 2.03325729e+02,
    1.27036011e+03, 2.32789276e+02, 1.27450195e+03, 2.61766724e+02,
    1.27867432e+03, 2.91258942e+02, 1.28303516e+03, 3.20426117e+02,
    1.23570349e+03, 2.08412888e+02, 1.23979846e+03, 2.37816284e+02,
    1.24393127e+03, 2.66877838e+02, 1.24824976e+03, 2.96097595e+02,
    1.25237573e+03, 3.25347656e+02, 1.20584119e+03, 2.13644730e+02,
    1.20998193e+03, 2.42672623e+02, 1.21375854e+03, 2.71768982e+02,
    1.21791113e+03, 3.01022644e+02, 1.22226294e+03, 3.30071777e+02,
    1.17573792e+03, 2.18823181e+02, 1.18006165e+03, 2.47590118e+02,
    1.18389478e+03, 2.76762054e+02, 1.18784436e+03, 3.05708832e+02,
    1.19182080e+03, 3.34869720e+02, 1.14619836e+03, 2.23671814e+02,
    1.15024304e+03, 2.52608658e+02, 1.15428796e+03, 2.81499908e+02,
    1.15834094e+03, 3.10410187e+02, 1.16233215e+03, 3.39530518e+02,
    1.11700073e+03, 2.28627670e+02, 1.12100269e+03, 2.57429047e+02,
    1.12481616e+03, 2.86237915e+02, 1.12877258e+03, 3.14840485e+02,
    1.13280298e+03, 3.44029327e+02 ]
