%YAML:1.0
---
points: [ 3.33066254e+02, 1.19114189e+02, 3.34045166e+02, 1.29845963e+02,
    3.34934326e+02, 1.40623703e+02, 3.36013580e+02, 1.51358948e+02,
    3.37024902e+02, 1.62327988e+02, 3.21895599e+02, 1.19970627e+02,
    3.22864685e+02, 1.30993256e+02, 3.23727325e+02, 1.41524658e+02,
    3.24725464e+02, 1.52524902e+02, 3.25730774e+02, 1.63374100e+02,
    3.10720459e+02, 1.20976532e+02, 3.11561859e+02, 1.31870499e+02,
    3.12468079e+02, 1.42656876e+02, 3.13394958e+02, 1.53356491e+02,
    3.14328827e+02, 1.64442429e+02, 2.99650299e+02, 1.22066811e+02,
    3.00520844e+02, 1.32783127e+02, 3.01374847e+02, 1.43650192e+02,
    3.02171753e+02, 1.54486130e+02, 3.03151611e+02, 1.65284363e+02,
    2.88652466e+02, 1.23232994e+02, 2.89546753e+02, 1.33785553e+02,
    2.90369019e+02, 1.44575409e+02, 2.91209229e+02, 1.55308868e+02,
    2.92000793e+02, 1.66276337e+02, 2.77730865e+02, 1.24298553e+02,
    2.78428925e+02, 1.35010925e+02, 2.79291687e+02, 1.45508102e+02,
    2.80090240e+02, 1.56184845e+02, 2.80884094e+02, 1.67215668e+02,
    2.66831757e+02, 1.25335854e+02, 2.67588837e+02, 1.35906372e+02,
    2.68309448e+02, 1.46530975e+02, 2.69154907e+02, 1.57231628e+02,
    2.69920532e+02, 1.68057648e+02 ]
