%YAML:1.0
---
points: [ 1.45120239e+02, 2.05349091e+02, 1.45130646e+02, 2.15545547e+02,
    1.44872803e+02, 2.25908035e+02, 1.44870193e+02, 2.36449280e+02,
    1.44832977e+02, 2.47420212e+02, 1.34001770e+02, 2.03922745e+02,
    1.33839737e+02, 2.14349548e+02, 1.33679214e+02, 2.24899704e+02,
    1.33417603e+02, 2.35814926e+02, 1.33206360e+02, 2.46733383e+02,
    1.22493210e+02, 2.02525101e+02, 1.22205681e+02, 2.13236618e+02,
    1.21759827e+02, 2.23974823e+02, 1.21553276e+02, 2.34861130e+02,
    1.21051399e+02, 2.46215012e+02, 1.10418068e+02, 2.01081223e+02,
    1.10156975e+02, 2.11846237e+02, 1.09664314e+02, 2.22838531e+02,
    1.09129631e+02, 2.34053711e+02, 1.08631844e+02, 2.45435532e+02,
    9.82599869e+01, 1.99809509e+02, 9.77649841e+01, 2.10531570e+02,
    9.70537415e+01, 2.21787384e+02, 9.64951172e+01, 2.33091934e+02,
    9.56559753e+01, 2.44808167e+02, 8.55909042e+01, 1.98232986e+02,
    8.47823334e+01, 2.09159958e+02, 8.41442642e+01, 2.20466156e+02,
    8.32533798e+01, 2.32085281e+02, 8.24898605e+01, 2.43978485e+02,
    7.26465912e+01, 1.96691589e+02, 7.17215271e+01, 2.07840363e+02,
    7.08110657e+01, 2.19310638e+02, 6.98689575e+01, 2.31040878e+02,
    6.88457947e+01, 2.43095901e+02 ]
