%YAML:1.0
---
points: [ 3.28045197e+02, 1.15887001e+02, 3.29602966e+02, 1.26786453e+02,
    3.31159454e+02, 1.37608597e+02, 3.32797058e+02, 1.48523438e+02,
    3.34380127e+02, 1.59355835e+02, 3.16771851e+02, 1.18120590e+02,
    3.18317993e+02, 1.29037888e+02, 3.19862305e+02, 1.39745239e+02,
    3.21344666e+02, 1.50501801e+02, 3.22879852e+02, 1.61401901e+02,
    3.05629608e+02, 1.20200172e+02, 3.07195587e+02, 1.31076233e+02,
    3.08632690e+02, 1.41810974e+02, 3.10071533e+02, 1.52538116e+02,
    3.11555969e+02, 1.63518326e+02, 2.94696442e+02, 1.22534592e+02,
    2.96136261e+02, 1.33150986e+02, 2.97537262e+02, 1.43851578e+02,
    2.98944824e+02, 1.54665466e+02, 3.00442932e+02, 1.65323410e+02,
    2.83986725e+02, 1.24759537e+02, 2.85252472e+02, 1.35218811e+02,
    2.86707214e+02, 1.45880234e+02, 2.88121002e+02, 1.56577408e+02,
    2.89483398e+02, 1.67265457e+02, 2.73323151e+02, 1.26952629e+02,
    2.74589600e+02, 1.37399490e+02, 2.75950012e+02, 1.47796585e+02,
    2.77241547e+02, 1.58372025e+02, 2.78683868e+02, 1.69034790e+02,
    2.62854248e+02, 1.28881256e+02, 2.64133179e+02, 1.39403030e+02,
    2.65397156e+02, 1.49773682e+02, 2.66656189e+02, 1.60086761e+02,
    2.68003601e+02, 1.70738159e+02 ]
