%YAML:1.0
---
points: [ 1.12099353e+03, 2.68932220e+02, 1.12474316e+03, 3.00705200e+02,
    1.12875989e+03, 3.32767883e+02, 1.13285376e+03, 3.64665710e+02,
    1.13705005e+03, 3.97124664e+02, 1.08817566e+03, 2.74870819e+02,
    1.09205115e+03, 3.06763214e+02, 1.09593140e+03, 3.38404419e+02,
    1.09986365e+03, 3.70349731e+02, 1.10371936e+03, 4.02491882e+02,
    1.05564270e+03, 2.80980804e+02, 1.05952673e+03, 3.12540924e+02,
    1.06345117e+03, 3.44212982e+02, 1.06702551e+03, 3.75700562e+02,
    1.07068542e+03, 4.07759766e+02, 1.02401965e+03, 2.86949585e+02,
    1.02768103e+03, 3.18197937e+02, 1.03151770e+03, 3.49616028e+02,
    1.03487427e+03, 3.81266327e+02, 1.03862439e+03, 4.12754303e+02,
    9.92686462e+02, 2.92875458e+02, 9.96116150e+02, 3.23726288e+02,
    9.99598389e+02, 3.55094452e+02, 1.00318170e+03, 3.86412323e+02,
    1.00661646e+03, 4.18001343e+02, 9.61626709e+02, 2.98538452e+02,
    9.65060547e+02, 3.29368256e+02, 9.68469788e+02, 3.60224976e+02,
    9.71765442e+02, 3.91467316e+02, 9.75252625e+02, 4.22939362e+02,
    9.31413574e+02, 3.04016968e+02, 9.34403992e+02, 3.34675873e+02,
    9.37683960e+02, 3.65394043e+02, 9.41066223e+02, 3.96391876e+02,
    9.44288940e+02, 4.27647064e+02 ]
