%YAML:1.0
---
points: [ 1.54862354e+03, 1.60428787e+02, 1.55836560e+03, 1.89081375e+02,
    1.56785876e+03, 2.17856201e+02, 1.57759644e+03, 2.46938171e+02,
    1.58738269e+03, 2.76302551e+02, 1.51545667e+03, 1.73488708e+02,
    1.52473425e+03, 2.02159561e+02, 1.53417517e+03, 2.30465561e+02,
    1.54355322e+03, 2.59344910e+02, 1.55318994e+03, 2.88210510e+02,
    1.48260840e+03, 1.86717758e+02, 1.49176636e+03, 2.14971115e+02,
    1.50080225e+03, 2.42926239e+02, 1.51023340e+03, 2.71235413e+02,
    1.51940845e+03, 3.00096008e+02, 1.45107007e+03, 1.99625061e+02,
    1.45988281e+03, 2.27364044e+02, 1.46893750e+03, 2.55190445e+02,
    1.47761877e+03, 2.83152771e+02, 1.48675476e+03, 3.11411438e+02,
    1.42011633e+03, 2.12391891e+02, 1.42859424e+03, 2.39686356e+02,
    1.43730786e+03, 2.67217285e+02, 1.44597986e+03, 2.94698730e+02,
    1.45466992e+03, 3.22648407e+02, 1.38989661e+03, 2.24493500e+02,
    1.39836255e+03, 2.51669067e+02, 1.40669165e+03, 2.78790924e+02,
    1.41524438e+03, 3.06081329e+02, 1.42370959e+03, 3.33561676e+02,
    1.36060864e+03, 2.36486435e+02, 1.36895789e+03, 2.63298676e+02,
    1.37700854e+03, 2.89850739e+02, 1.38536755e+03, 3.16747437e+02,
    1.39365491e+03, 3.44101166e+02 ]
