%YAML:1.0
---
points: [ 1.54870813e+03, 1.07584450e+02, 1.54756067e+03, 1.38861237e+02,
    1.54548730e+03, 1.70337234e+02, 1.54367407e+03, 2.02020538e+02,
    1.54186279e+03, 2.34185989e+02, 1.52822351e+03, 9.67543030e+01,
    1.52659937e+03, 1.28739471e+02, 1.52462683e+03, 1.60563965e+02,
    1.52233350e+03, 1.92782455e+02, 1.52006653e+03, 2.25373108e+02,
    1.50632227e+03, 8.62152939e+01, 1.50450281e+03, 1.18519180e+02,
    1.50231213e+03, 1.50655289e+02, 1.50048035e+03, 1.83400696e+02,
    1.49740967e+03, 2.16448502e+02, 1.48339905e+03, 7.53400192e+01,
    1.48159607e+03, 1.07888527e+02, 1.47909692e+03, 1.40930450e+02,
    1.47684534e+03, 1.73647034e+02, 1.47504639e+03, 2.07141327e+02,
    1.45999487e+03, 6.41524353e+01, 1.45806238e+03, 9.72033234e+01,
    1.45486597e+03, 1.30585754e+02, 1.45269409e+03, 1.63987015e+02,
    1.45040991e+03, 1.97784454e+02, 1.43603333e+03, 5.24868202e+01,
    1.43329736e+03, 8.63544922e+01, 1.43075000e+03, 1.19930550e+02,
    1.42824133e+03, 1.53854141e+02, 1.42587439e+03, 1.88303329e+02,
    1.41123340e+03, 4.07704887e+01, 1.40877869e+03, 7.46858597e+01,
    1.40644019e+03, 1.08804039e+02, 1.40375208e+03, 1.43271774e+02,
    1.40124060e+03, 1.78059204e+02 ]
