%YAML:1.0
---
points: [ 1.31117773e+03, 1.57518280e+02, 1.31870300e+03, 1.92592361e+02,
    1.32683057e+03, 2.28066025e+02, 1.33455884e+03, 2.63496307e+02,
    1.34268555e+03, 2.99553711e+02, 1.27328333e+03, 1.70433456e+02,
    1.28070471e+03, 2.05534088e+02, 1.28837903e+03, 2.40424286e+02,
    1.29603247e+03, 2.75602905e+02, 1.30367566e+03, 3.11184357e+02,
    1.23616736e+03, 1.83474472e+02, 1.24343994e+03, 2.18048981e+02,
    1.25070874e+03, 2.52613312e+02, 1.25827734e+03, 2.87191803e+02,
    1.26552100e+03, 3.22516815e+02, 1.20060510e+03, 1.96285889e+02,
    1.20741846e+03, 2.30115234e+02, 1.21461914e+03, 2.64355713e+02,
    1.22164099e+03, 2.98495972e+02, 1.22870557e+03, 3.33268341e+02,
    1.16568994e+03, 2.08830017e+02, 1.17231018e+03, 2.41877365e+02,
    1.17929126e+03, 2.75706573e+02, 1.18610388e+03, 3.09528473e+02,
    1.19282629e+03, 3.43885590e+02, 1.13217090e+03, 2.20545151e+02,
    1.13843848e+03, 2.53556091e+02, 1.14469885e+03, 2.86598236e+02,
    1.15152258e+03, 3.20043823e+02, 1.15843225e+03, 3.53853149e+02,
    1.09942151e+03, 2.31948425e+02, 1.10559900e+03, 2.64493286e+02,
    1.11171155e+03, 2.97263885e+02, 1.11800378e+03, 3.30256104e+02,
    1.12452600e+03, 3.63543671e+02 ]
