%YAML:1.0
---
points: [ 3.94187378e+02, 7.78188782e+01, 3.97197479e+02, 8.95103683e+01,
    4.00315002e+02, 1.01649071e+02, 4.03295807e+02, 1.13381126e+02,
    4.06392944e+02, 1.25703766e+02, 3.81340576e+02, 8.21828308e+01,
    3.84237610e+02, 9.41123352e+01, 3.87216461e+02, 1.05748383e+02,
    3.90150269e+02, 1.17420670e+02, 3.92997650e+02, 1.29595230e+02,
    3.68606171e+02, 8.67951889e+01, 3.71489746e+02, 9.82026978e+01,
    3.74283020e+02, 1.09932220e+02, 3.77056519e+02, 1.21588623e+02,
    3.79921600e+02, 1.33475464e+02, 3.56361633e+02, 9.10751724e+01,
    3.59018097e+02, 1.02398827e+02, 3.61771606e+02, 1.14075241e+02,
    3.64428711e+02, 1.25589279e+02, 3.67191620e+02, 1.37300400e+02,
    3.44383148e+02, 9.53858109e+01, 3.46839600e+02, 1.06548569e+02,
    3.49499542e+02, 1.17987366e+02, 3.52080719e+02, 1.29547180e+02,
    3.54773041e+02, 1.40978729e+02, 3.32652863e+02, 9.95637665e+01,
    3.35100647e+02, 1.10718811e+02, 3.37512970e+02, 1.21822891e+02,
    3.40123596e+02, 1.33184341e+02, 3.42574890e+02, 1.44694946e+02,
    3.21282135e+02, 1.03486549e+02, 3.23661255e+02, 1.14684151e+02,
    3.25997162e+02, 1.25625359e+02, 3.28416656e+02, 1.36809143e+02,
    3.30864197e+02, 1.48024521e+02 ]
