%YAML:1.0
---
points: [ 1.50466644e+02, 2.14371460e+02, 1.50385498e+02, 2.24172195e+02,
    1.49816696e+02, 2.34132401e+02, 1.49716187e+02, 2.44180038e+02,
    1.49274597e+02, 2.54639450e+02, 1.42701248e+02, 2.11544159e+02,
    1.42120987e+02, 2.21706390e+02, 1.41799911e+02, 2.31831589e+02,
    1.41426453e+02, 2.42256332e+02, 1.40954330e+02, 2.52864685e+02,
    1.34175842e+02, 2.08860550e+02, 1.33656570e+02, 2.19144531e+02,
    1.33098358e+02, 2.29536331e+02, 1.32581573e+02, 2.40268677e+02,
    1.31931396e+02, 2.51047714e+02, 1.25168709e+02, 2.05981201e+02,
    1.24666122e+02, 2.16464111e+02, 1.23885757e+02, 2.27045029e+02,
    1.23350716e+02, 2.38120697e+02, 1.22690765e+02, 2.49135101e+02,
    1.15884056e+02, 2.02960358e+02, 1.15440781e+02, 2.13634277e+02,
    1.14393738e+02, 2.24557480e+02, 1.13574409e+02, 2.35673340e+02,
    1.12846977e+02, 2.47177048e+02, 1.06108635e+02, 1.99750198e+02,
    1.05435341e+02, 2.10636215e+02, 1.04570724e+02, 2.21769852e+02,
    1.03531540e+02, 2.33304138e+02, 1.02702576e+02, 2.44887909e+02,
    9.57082825e+01, 1.96401596e+02, 9.50311432e+01, 2.07546448e+02,
    9.40434113e+01, 2.18943604e+02, 9.30048676e+01, 2.30600098e+02,
    9.18847351e+01, 2.42586884e+02 ]
