%YAML:1.0
---
points: [ 4.09480286e+02, 8.97810516e+01, 4.10509491e+02, 1.01331444e+02,
    4.11115753e+02, 1.13121246e+02, 4.12069977e+02, 1.24807045e+02,
    4.12771240e+02, 1.37098694e+02, 3.97953033e+02, 8.92757187e+01,
    3.98761475e+02, 1.01465210e+02, 3.99510986e+02, 1.13163628e+02,
    4.00114227e+02, 1.24911232e+02, 4.00884186e+02, 1.36861496e+02,
    3.86098602e+02, 8.93352814e+01, 3.86818085e+02, 1.01093628e+02,
    3.87587494e+02, 1.12943703e+02, 3.88171631e+02, 1.24857376e+02,
    3.88769806e+02, 1.37089294e+02, 3.74188843e+02, 8.90015869e+01,
    3.74825073e+02, 1.00943115e+02, 3.75600128e+02, 1.13070282e+02,
    3.76019226e+02, 1.24908653e+02, 3.76836639e+02, 1.37093369e+02,
    3.62242798e+02, 8.92608185e+01, 3.62954926e+02, 1.00909821e+02,
    3.63583649e+02, 1.12884270e+02, 3.63905212e+02, 1.24883911e+02,
    3.64640686e+02, 1.37060028e+02, 3.50161987e+02, 8.89394531e+01,
    3.50785675e+02, 1.00810928e+02, 3.51449524e+02, 1.12814217e+02,
    3.51815704e+02, 1.24828949e+02, 3.52462585e+02, 1.37221680e+02,
    3.38219910e+02, 8.88038025e+01, 3.38793610e+02, 1.00932182e+02,
    3.39301544e+02, 1.12647652e+02, 3.39771942e+02, 1.25006966e+02,
    3.40179657e+02, 1.37202408e+02 ]
