%YAML:1.0
---
points: [ 1.64180542e+03, 1.62771042e+02, 1.64271582e+03, 1.92299942e+02,
    1.64301184e+03, 2.21958420e+02, 1.64376758e+03, 2.51571960e+02,
    1.64427637e+03, 2.81660767e+02, 1.61942126e+03, 1.57445251e+02,
    1.61995020e+03, 1.87540161e+02, 1.62038525e+03, 2.17430145e+02,
    1.62058044e+03, 2.47532455e+02, 1.62079858e+03, 2.77702271e+02,
    1.59582690e+03, 1.52475418e+02, 1.59633679e+03, 1.82575699e+02,
    1.59655884e+03, 2.12924057e+02, 1.59687744e+03, 2.43312210e+02,
    1.59665515e+03, 2.73953033e+02, 1.57162659e+03, 1.47505890e+02,
    1.57240747e+03, 1.77685333e+02, 1.57247168e+03, 2.08357452e+02,
    1.57275269e+03, 2.39067871e+02, 1.57303638e+03, 2.70022095e+02,
    1.54720728e+03, 1.42439362e+02, 1.54797070e+03, 1.72706772e+02,
    1.54827466e+03, 2.03513718e+02, 1.54838184e+03, 2.34426514e+02,
    1.54841089e+03, 2.65688934e+02, 1.52191699e+03, 1.37258377e+02,
    1.52204053e+03, 1.68396988e+02, 1.52239771e+03, 1.99085876e+02,
    1.52240942e+03, 2.30350189e+02, 1.52265845e+03, 2.61732513e+02,
    1.49598547e+03, 1.32440186e+02, 1.49622522e+03, 1.63651657e+02,
    1.49627686e+03, 1.94754379e+02, 1.49629980e+03, 2.26237839e+02,
    1.49632996e+03, 2.57828430e+02 ]
