%YAML:1.0
---
points: [ 1.35854932e+03, 1.93013397e+02, 1.36014697e+03, 2.27796494e+02,
    1.36130237e+03, 2.62762238e+02, 1.36299512e+03, 2.97770691e+02,
    1.36437659e+03, 3.33432343e+02, 1.32391748e+03, 1.91999924e+02,
    1.32497375e+03, 2.27380310e+02, 1.32617969e+03, 2.62336823e+02,
    1.32736523e+03, 2.97610748e+02, 1.32861389e+03, 3.33260223e+02,
    1.28850671e+03, 1.91498169e+02, 1.28959167e+03, 2.26821365e+02,
    1.29043860e+03, 2.62097931e+02, 1.29159924e+03, 2.97365112e+02,
    1.29258679e+03, 3.33152344e+02, 1.25310852e+03, 1.91277222e+02,
    1.25428210e+03, 2.26235321e+02, 1.25480652e+03, 2.61671692e+02,
    1.25585681e+03, 2.97145996e+02, 1.25724268e+03, 3.32737946e+02,
    1.21741199e+03, 1.90879211e+02, 1.21848169e+03, 2.25600693e+02,
    1.21912537e+03, 2.61258636e+02, 1.22003162e+03, 2.96698151e+02,
    1.22084009e+03, 3.32623505e+02, 1.18175940e+03, 1.90227020e+02,
    1.18282153e+03, 2.25248795e+02, 1.18365027e+03, 2.60556152e+02,
    1.18434241e+03, 2.96356293e+02, 1.18524170e+03, 3.32262177e+02,
    1.14642358e+03, 1.89460556e+02, 1.14731421e+03, 2.24659454e+02,
    1.14813708e+03, 2.60052856e+02, 1.14865649e+03, 2.95675659e+02,
    1.14933545e+03, 3.31608978e+02 ]
