%YAML:1.0
---
points: [ 1.21575699e+02, 2.10034393e+02, 1.23887665e+02, 2.21701660e+02,
    1.26134926e+02, 2.33033463e+02, 1.28364548e+02, 2.44467468e+02,
    1.30659988e+02, 2.55846008e+02, 1.09934380e+02, 2.12035477e+02,
    1.12243332e+02, 2.23518509e+02, 1.14610542e+02, 2.34938004e+02,
    1.16984962e+02, 2.46341751e+02, 1.19239594e+02, 2.57587555e+02,
    9.81085358e+01, 2.13910507e+02, 1.00635849e+02, 2.25380707e+02,
    1.02934196e+02, 2.36908600e+02, 1.05297951e+02, 2.48223633e+02,
    1.07691971e+02, 2.59472778e+02, 8.66751175e+01, 2.15670013e+02,
    8.89977646e+01, 2.27265762e+02, 9.14979858e+01, 2.38668640e+02,
    9.38550339e+01, 2.49987213e+02, 9.62718277e+01, 2.61402344e+02,
    7.52292252e+01, 2.17442322e+02, 7.74481277e+01, 2.29230042e+02,
    8.00246887e+01, 2.40459549e+02, 8.25119171e+01, 2.51845734e+02,
    8.48435516e+01, 2.63211517e+02, 6.38135452e+01, 2.19401062e+02,
    6.61135178e+01, 2.30952652e+02, 6.85132065e+01, 2.42418106e+02,
    7.10650101e+01, 2.53431747e+02, 7.36611481e+01, 2.64974365e+02,
    5.24216232e+01, 2.21217163e+02, 5.49401855e+01, 2.32874115e+02,
    5.72120361e+01, 2.44081238e+02, 5.96841125e+01, 2.55436508e+02,
    6.21957664e+01, 2.66612640e+02 ]
