%YAML:1.0
---
points: [ 1.71386108e+03, 2.01714630e+02, 1.71487854e+03, 2.29524399e+02,
    1.71491931e+03, 2.57517334e+02, 1.71528296e+03, 2.85521729e+02,
    1.71545850e+03, 3.13751038e+02, 1.69718372e+03, 1.95144699e+02,
    1.69753931e+03, 2.23397034e+02, 1.69781641e+03, 2.51444199e+02,
    1.69770215e+03, 2.80028381e+02, 1.69752820e+03, 3.08592743e+02,
    1.67931396e+03, 1.88704895e+02, 1.67953577e+03, 2.17184387e+02,
    1.67972693e+03, 2.45601456e+02, 1.67994263e+03, 2.74422760e+02,
    1.67935730e+03, 3.03567017e+02, 1.66043506e+03, 1.82118149e+02,
    1.66088562e+03, 2.10733322e+02, 1.66057458e+03, 2.39791519e+02,
    1.66085132e+03, 2.68677612e+02, 1.66129065e+03, 2.97948334e+02,
    1.64148462e+03, 1.75410721e+02, 1.64197986e+03, 2.04422241e+02,
    1.64123743e+03, 2.33780731e+02, 1.64132117e+03, 2.63082428e+02,
    1.64139612e+03, 2.92703308e+02, 1.62197241e+03, 1.68376022e+02,
    1.62169653e+03, 1.98080215e+02, 1.62156384e+03, 2.27578979e+02,
    1.62146851e+03, 2.57335938e+02, 1.62155884e+03, 2.87319641e+02,
    1.60200183e+03, 1.61494476e+02, 1.60202539e+03, 1.91296387e+02,
    1.60200720e+03, 2.21031555e+02, 1.60185852e+03, 2.50997864e+02,
    1.60178650e+03, 2.81460083e+02 ]
