%YAML:1.0
---
points: [ 1.36530591e+03, 2.16433319e+02, 1.36418909e+03, 2.50070190e+02,
    1.36249365e+03, 2.83918243e+02, 1.36130652e+03, 3.17903290e+02,
    1.35998120e+03, 3.52343506e+02, 1.33645715e+03, 2.09445923e+02,
    1.33449353e+03, 2.43793884e+02, 1.33278003e+03, 2.77877167e+02,
    1.33139746e+03, 3.12426117e+02, 1.32980225e+03, 3.46928192e+02,
    1.30616638e+03, 2.02755646e+02, 1.30431995e+03, 2.37503647e+02,
    1.30222546e+03, 2.71898743e+02, 1.30078601e+03, 3.06707489e+02,
    1.29891541e+03, 3.41659668e+02, 1.27516174e+03, 1.96277420e+02,
    1.27374084e+03, 2.30763748e+02, 1.27131970e+03, 2.65871887e+02,
    1.26956213e+03, 3.00924927e+02, 1.26821729e+03, 3.36157135e+02,
    1.24369824e+03, 1.89481964e+02, 1.24238989e+03, 2.24183212e+02,
    1.23982996e+03, 2.59548828e+02, 1.23772668e+03, 2.94884247e+02,
    1.23596216e+03, 3.30592926e+02, 1.21180603e+03, 1.82210083e+02,
    1.21019690e+03, 2.17574371e+02, 1.20824182e+03, 2.52878708e+02,
    1.20583154e+03, 2.88675873e+02, 1.20381335e+03, 3.24689697e+02,
    1.17963477e+03, 1.75015839e+02, 1.17772559e+03, 2.10555908e+02,
    1.17578809e+03, 2.46259354e+02, 1.17361035e+03, 2.82366455e+02,
    1.17125891e+03, 3.18688019e+02 ]
