%YAML:1.0
---
points: [ 1.42697723e+02, 2.19116058e+02, 1.41691696e+02, 2.30095261e+02,
    1.40602798e+02, 2.40806763e+02, 1.39549210e+02, 2.51749359e+02,
    1.38525452e+02, 2.62509857e+02, 1.31125458e+02, 2.18513382e+02,
    1.30071671e+02, 2.29745514e+02, 1.29061737e+02, 2.40634598e+02,
    1.28022644e+02, 2.51705551e+02, 1.27107010e+02, 2.62509369e+02,
    1.19100327e+02, 2.17988403e+02, 1.18084946e+02, 2.29124176e+02,
    1.16991302e+02, 2.40422684e+02, 1.15987335e+02, 2.51530884e+02,
    1.15010368e+02, 2.62459290e+02, 1.06746506e+02, 2.17218338e+02,
    1.05833031e+02, 2.28838150e+02, 1.04897217e+02, 2.39952789e+02,
    1.03733093e+02, 2.51481293e+02, 1.02777451e+02, 2.62607666e+02,
    9.42327347e+01, 2.16634033e+02, 9.32443390e+01, 2.28154007e+02,
    9.21949387e+01, 2.39797073e+02, 9.13008499e+01, 2.51005325e+02,
    9.01872635e+01, 2.62801575e+02, 8.11844406e+01, 2.15890305e+02,
    8.02799988e+01, 2.27750153e+02, 7.93073349e+01, 2.39516281e+02,
    7.84438553e+01, 2.51078415e+02, 7.75571518e+01, 2.62667969e+02,
    6.80482483e+01, 2.15180069e+02, 6.71427917e+01, 2.27258072e+02,
    6.62413025e+01, 2.38991714e+02, 6.53637238e+01, 2.50887115e+02,
    6.44250641e+01, 2.62617432e+02 ]
