%YAML:1.0
---
points: [ 4.11287079e+02, 9.76266098e+01, 4.11399750e+02, 1.08809723e+02,
    4.11100555e+02, 1.20305672e+02, 4.11069427e+02, 1.31791931e+02,
    4.10786743e+02, 1.43441498e+02, 4.01827393e+02, 9.52136459e+01,
    4.01633667e+02, 1.06802429e+02, 4.01400665e+02, 1.18265419e+02,
    4.01097382e+02, 1.30104095e+02, 4.00808502e+02, 1.41578445e+02,
    3.91816315e+02, 9.30992966e+01, 3.91695099e+02, 1.04647537e+02,
    3.91134766e+02, 1.16406860e+02, 3.90936981e+02, 1.28060623e+02,
    3.90712433e+02, 1.40068359e+02, 3.81676758e+02, 9.07471161e+01,
    3.81546173e+02, 1.02631721e+02, 3.80789032e+02, 1.14278122e+02,
    3.80693176e+02, 1.26290253e+02, 3.80508423e+02, 1.38125443e+02,
    3.71020752e+02, 8.84572754e+01, 3.70928009e+02, 1.00296722e+02,
    3.70550690e+02, 1.12377014e+02, 3.69970642e+02, 1.24292229e+02,
    3.69761414e+02, 1.36392227e+02, 3.60604706e+02, 8.62220688e+01,
    3.60272827e+02, 9.81457825e+01, 3.59848358e+02, 1.10172775e+02,
    3.59391754e+02, 1.22245583e+02, 3.58901794e+02, 1.34672501e+02,
    3.49746277e+02, 8.40140457e+01, 3.49515625e+02, 9.58922958e+01,
    3.48983582e+02, 1.08035378e+02, 3.48566559e+02, 1.20115051e+02,
    3.47962006e+02, 1.32691589e+02 ]
