%YAML:1.0
---
points: [ 1.46094421e+02, 2.22298065e+02, 1.44044373e+02, 2.33062759e+02,
    1.41909180e+02, 2.43538498e+02, 1.39909164e+02, 2.54066650e+02,
    1.37744354e+02, 2.64723938e+02, 1.35514343e+02, 2.21154068e+02,
    1.33334488e+02, 2.32078339e+02, 1.31215134e+02, 2.42656067e+02,
    1.29211197e+02, 2.53451874e+02, 1.27163193e+02, 2.64154724e+02,
    1.24228882e+02, 2.19912491e+02, 1.22009201e+02, 2.30962006e+02,
    1.19984673e+02, 2.41881577e+02, 1.17865944e+02, 2.52769913e+02,
    1.15688858e+02, 2.63666656e+02, 1.12540657e+02, 2.18486282e+02,
    1.10562180e+02, 2.29844147e+02, 1.08457657e+02, 2.40938629e+02,
    1.06259155e+02, 2.51948883e+02, 1.04152832e+02, 2.63267212e+02,
    1.00577034e+02, 2.17101074e+02, 9.85227966e+01, 2.28667419e+02,
    9.62972794e+01, 2.39990082e+02, 9.42763214e+01, 2.51393494e+02,
    9.20442276e+01, 2.62784882e+02, 8.81682434e+01, 2.15717682e+02,
    8.61119385e+01, 2.27400925e+02, 8.40503616e+01, 2.39043900e+02,
    8.17834015e+01, 2.50560715e+02, 7.97488403e+01, 2.61983826e+02,
    7.53801651e+01, 2.14097549e+02, 7.33179550e+01, 2.26134262e+02,
    7.11003418e+01, 2.37927826e+02, 6.91114197e+01, 2.49734344e+02,
    6.69187164e+01, 2.61527222e+02 ]
