%YAML:1.0
---
points: [ 1.36349878e+03, 1.60607407e+02, 1.36714380e+03, 1.99764969e+02,
    1.37049353e+03, 2.38581085e+02, 1.37424866e+03, 2.76481140e+02,
    1.37761426e+03, 3.14216492e+02, 1.32413562e+03, 1.68169037e+02,
    1.32781201e+03, 2.07451416e+02, 1.33157373e+03, 2.45455215e+02,
    1.33517236e+03, 2.83331757e+02, 1.33872522e+03, 3.20665710e+02,
    1.28487390e+03, 1.75795410e+02, 1.28881348e+03, 2.14622940e+02,
    1.29257129e+03, 2.52656738e+02, 1.29655408e+03, 2.90279938e+02,
    1.30047192e+03, 3.27469025e+02, 1.24635461e+03, 1.83460938e+02,
    1.25055383e+03, 2.22013367e+02, 1.25460083e+03, 2.59719666e+02,
    1.25872485e+03, 2.96842407e+02, 1.26290100e+03, 3.33738098e+02,
    1.20824683e+03, 1.91250931e+02, 1.21260364e+03, 2.29158813e+02,
    1.21685205e+03, 2.66525757e+02, 1.22121362e+03, 3.03430084e+02,
    1.22544495e+03, 3.40054901e+02, 1.17060510e+03, 1.98325516e+02,
    1.17538550e+03, 2.36223038e+02, 1.18001331e+03, 2.73370361e+02,
    1.18446130e+03, 3.09843445e+02, 1.18901550e+03, 3.46302765e+02,
    1.13383899e+03, 2.05492462e+02, 1.13880359e+03, 2.43260620e+02,
    1.14358728e+03, 2.80072968e+02, 1.14843066e+03, 3.16395691e+02,
    1.15306250e+03, 3.52303802e+02 ]
