%YAML:1.0
---
points: [ 1.72927161e+03, 2.49664948e+02, 1.73643896e+03, 2.75407227e+02,
    1.74291284e+03, 3.01227631e+02, 1.74986877e+03, 3.27164856e+02,
    1.75677869e+03, 3.53297150e+02, 1.70033301e+03, 2.56446838e+02,
    1.70701257e+03, 2.82346649e+02, 1.71377209e+03, 3.07835785e+02,
    1.72049536e+03, 3.33782806e+02, 1.72715735e+03, 3.59734711e+02,
    1.67091846e+03, 2.63658478e+02, 1.67770715e+03, 2.89198517e+02,
    1.68440637e+03, 3.14555725e+02, 1.69113977e+03, 3.40291809e+02,
    1.69731348e+03, 3.66394012e+02, 1.64209277e+03, 2.70656860e+02,
    1.64866736e+03, 2.96229828e+02, 1.65510132e+03, 3.21560120e+02,
    1.66165259e+03, 3.46917786e+02, 1.66847058e+03, 3.72665070e+02,
    1.61313318e+03, 2.77769531e+02, 1.61970642e+03, 3.03085907e+02,
    1.62598938e+03, 3.28510010e+02, 1.63252124e+03, 3.53718842e+02,
    1.63908704e+03, 3.79449310e+02, 1.58468774e+03, 2.84685913e+02,
    1.59085510e+03, 3.09975555e+02, 1.59718359e+03, 3.35186096e+02,
    1.60349707e+03, 3.60417114e+02, 1.61023804e+03, 3.85856659e+02,
    1.55643457e+03, 2.91661499e+02, 1.56276990e+03, 3.16683807e+02,
    1.56899817e+03, 3.41564453e+02, 1.57516296e+03, 3.66678711e+02,
    1.58135046e+03, 3.92208588e+02 ]
