%YAML:1.0
---
points: [ 4.11894684e+02, 7.91537476e+01, 4.13515137e+02, 9.18848419e+01,
    4.14832092e+02, 1.05122238e+02, 4.16213287e+02, 1.17716705e+02,
    4.17707581e+02, 1.30407059e+02, 3.98882080e+02, 8.13312149e+01,
    4.00368774e+02, 9.46305542e+01, 4.01767151e+02, 1.07269051e+02,
    4.03213806e+02, 1.20154778e+02, 4.04407715e+02, 1.32752762e+02,
    3.85657318e+02, 8.40583954e+01, 3.87174988e+02, 9.70101242e+01,
    3.88678070e+02, 1.09972694e+02, 3.90074463e+02, 1.22410538e+02,
    3.91516754e+02, 1.34928558e+02, 3.72603302e+02, 8.64485092e+01,
    3.74279572e+02, 9.95519028e+01, 3.75634216e+02, 1.12189285e+02,
    3.77151611e+02, 1.24945633e+02, 3.78663574e+02, 1.37466324e+02,
    3.59667389e+02, 8.94134445e+01, 3.61289062e+02, 1.02049599e+02,
    3.62877991e+02, 1.14780029e+02, 3.64318726e+02, 1.27300102e+02,
    3.65863770e+02, 1.39767258e+02, 3.46841980e+02, 9.17203445e+01,
    3.48502289e+02, 1.04781570e+02, 3.50134827e+02, 1.17191017e+02,
    3.51719604e+02, 1.29535538e+02, 3.53239929e+02, 1.41902100e+02,
    3.34273743e+02, 9.43321686e+01, 3.35947815e+02, 1.07045822e+02,
    3.37645782e+02, 1.19530701e+02, 3.39279022e+02, 1.31967087e+02,
    3.40995117e+02, 1.44076355e+02 ]
