%YAML:1.0
---
points: [ 1.38685889e+03, 1.87418182e+02, 1.38304272e+03, 2.25715240e+02,
    1.37865161e+03, 2.63468628e+02, 1.37465955e+03, 3.00697021e+02,
    1.37050305e+03, 3.37543793e+02, 1.35277942e+03, 1.85659958e+02,
    1.34855444e+03, 2.24346634e+02, 1.34426294e+03, 2.62131500e+02,
    1.34041699e+03, 2.99482239e+02, 1.33661377e+03, 3.36406891e+02,
    1.31748755e+03, 1.83655548e+02, 1.31340381e+03, 2.22792755e+02,
    1.30944592e+03, 2.60887360e+02, 1.30595691e+03, 2.98385132e+02,
    1.30189331e+03, 3.35500610e+02, 1.28198267e+03, 1.82190170e+02,
    1.27860400e+03, 2.21230820e+02, 1.27454504e+03, 2.59616241e+02,
    1.27091760e+03, 2.97196167e+02, 1.26775720e+03, 3.34545166e+02,
    1.24614929e+03, 1.80665237e+02, 1.24314905e+03, 2.19595016e+02,
    1.23924304e+03, 2.58192261e+02, 1.23584216e+03, 2.96060608e+02,
    1.23259363e+03, 3.33674988e+02, 1.21030347e+03, 1.78660187e+02,
    1.20718835e+03, 2.18095337e+02, 1.20414954e+03, 2.56720795e+02,
    1.20080945e+03, 2.94930573e+02, 1.19765601e+03, 3.32682648e+02,
    1.17410034e+03, 1.76841522e+02, 1.17136597e+03, 2.16564072e+02,
    1.16869507e+03, 2.55300842e+02, 1.16557043e+03, 2.93537903e+02,
    1.16295959e+03, 3.31464630e+02 ]
