%YAML:1.0
---
points: [ 1.52004407e+03, 3.82220688e+01, 1.53372888e+03, 6.91805649e+01,
    1.54739319e+03, 1.00302368e+02, 1.56120544e+03, 1.31740234e+02,
    1.57512573e+03, 1.63736069e+02, 1.48426550e+03, 5.86149063e+01,
    1.49754004e+03, 8.94456406e+01, 1.51075195e+03, 1.20151390e+02,
    1.52418054e+03, 1.51250137e+02, 1.53760437e+03, 1.82627838e+02,
    1.44951807e+03, 7.88444977e+01, 1.46227759e+03, 1.09241020e+02,
    1.47517664e+03, 1.39535828e+02, 1.48799219e+03, 1.69971268e+02,
    1.50097034e+03, 2.01211639e+02, 1.41620398e+03, 9.85041046e+01,
    1.42844373e+03, 1.28165588e+02, 1.44099670e+03, 1.58124985e+02,
    1.45331714e+03, 1.88274506e+02, 1.46593176e+03, 2.18637787e+02,
    1.38375720e+03, 1.17681664e+02, 1.39548511e+03, 1.46707489e+02,
    1.40756311e+03, 1.76256851e+02, 1.41958337e+03, 2.05800156e+02,
    1.43162854e+03, 2.36071487e+02, 1.35258411e+03, 1.35822205e+02,
    1.36395435e+03, 1.64609177e+02, 1.37546619e+03, 1.93495148e+02,
    1.38724377e+03, 2.22676758e+02, 1.39903662e+03, 2.52400879e+02,
    1.32250317e+03, 1.53443542e+02, 1.33349854e+03, 1.81798080e+02,
    1.34458643e+03, 2.10248383e+02, 1.35589331e+03, 2.38905838e+02,
    1.36734253e+03, 2.68044403e+02 ]
