%YAML:1.0
---
points: [ 2.23482651e+02, 2.18257019e+02, 2.25288727e+02, 2.28730042e+02,
    2.27120178e+02, 2.38917709e+02, 2.28811966e+02, 2.49487961e+02,
    2.30661804e+02, 2.59713531e+02, 2.12744629e+02, 2.19984436e+02,
    2.14769043e+02, 2.30533035e+02, 2.16672165e+02, 2.40744415e+02,
    2.18451859e+02, 2.51167511e+02, 2.20345551e+02, 2.61366760e+02,
    2.02412491e+02, 2.21669327e+02, 2.04198807e+02, 2.32227859e+02,
    2.06135330e+02, 2.42375610e+02, 2.07869232e+02, 2.52831436e+02,
    2.09711090e+02, 2.63088989e+02, 1.91702621e+02, 2.23341080e+02,
    1.93708557e+02, 2.34001770e+02, 1.95614151e+02, 2.44153427e+02,
    1.97409286e+02, 2.54507309e+02, 1.99296127e+02, 2.64777924e+02,
    1.81257690e+02, 2.25085052e+02, 1.83083221e+02, 2.35605896e+02,
    1.85035355e+02, 2.45950684e+02, 1.86888321e+02, 2.56260193e+02,
    1.88730042e+02, 2.66642822e+02, 1.70594315e+02, 2.26750504e+02,
    1.72510376e+02, 2.37403152e+02, 1.74410828e+02, 2.47707077e+02,
    1.76316849e+02, 2.57961121e+02, 1.78392349e+02, 2.68395355e+02,
    1.60044586e+02, 2.28519958e+02, 1.62058792e+02, 2.39029572e+02,
    1.63939056e+02, 2.49357010e+02, 1.65825333e+02, 2.59605560e+02,
    1.67804077e+02, 2.70015320e+02 ]
