%YAML:1.0
---
points: [ 4.19218292e+02, 8.80030365e+01, 4.18295532e+02, 1.00453255e+02,
    4.16961578e+02, 1.13665085e+02, 4.15832794e+02, 1.25812462e+02,
    4.14739655e+02, 1.38545013e+02, 4.08045959e+02, 8.71963730e+01,
    4.06887512e+02, 1.00448807e+02, 4.05678497e+02, 1.12888329e+02,
    4.04579132e+02, 1.25645164e+02, 4.03379395e+02, 1.38031509e+02,
    3.96474518e+02, 8.66035690e+01, 3.95248718e+02, 9.97792435e+01,
    3.94025299e+02, 1.12617325e+02, 3.92915009e+02, 1.25415977e+02,
    3.91755371e+02, 1.37811020e+02, 3.84686737e+02, 8.59243927e+01,
    3.83666473e+02, 9.93389130e+01, 3.82434570e+02, 1.12328049e+02,
    3.81282654e+02, 1.24840286e+02, 3.80309143e+02, 1.37597977e+02,
    3.72695496e+02, 8.57256165e+01, 3.71727417e+02, 9.86051483e+01,
    3.70605774e+02, 1.11878868e+02, 3.69553558e+02, 1.24743095e+02,
    3.68454224e+02, 1.37588669e+02, 3.60599854e+02, 8.51254883e+01,
    3.59719421e+02, 9.85547256e+01, 3.58710205e+02, 1.11393921e+02,
    3.57672638e+02, 1.24347771e+02, 3.56700012e+02, 1.37298965e+02,
    3.48471924e+02, 8.45992661e+01, 3.47651886e+02, 9.80806122e+01,
    3.46741577e+02, 1.11228584e+02, 3.45776459e+02, 1.24215218e+02,
    3.44844849e+02, 1.37123856e+02 ]
