%YAML:1.0
---
points: [ 3.47068085e+02, 2.11449860e+02, 3.46213989e+02, 2.22248245e+02,
    3.45172089e+02, 2.32628708e+02, 3.44278168e+02, 2.43350815e+02,
    3.43346954e+02, 2.53812805e+02, 3.38195984e+02, 2.11094238e+02,
    3.37184662e+02, 2.22102524e+02, 3.36246552e+02, 2.32582581e+02,
    3.35287689e+02, 2.43332031e+02, 3.34304962e+02, 2.53885223e+02,
    3.29044373e+02, 2.10800842e+02, 3.27962341e+02, 2.21786316e+02,
    3.26977814e+02, 2.32524841e+02, 3.26043060e+02, 2.43352737e+02,
    3.25090698e+02, 2.54113678e+02, 3.19342926e+02, 2.10315643e+02,
    3.18514313e+02, 2.21570267e+02, 3.17527161e+02, 2.32445206e+02,
    3.16598419e+02, 2.43364868e+02, 3.15754578e+02, 2.54208420e+02,
    3.09727814e+02, 2.10233475e+02, 3.09000946e+02, 2.21347046e+02,
    3.07951172e+02, 2.32423431e+02, 3.07093994e+02, 2.43394958e+02,
    3.06174683e+02, 2.54272430e+02, 2.99939362e+02, 2.09696808e+02,
    2.99127350e+02, 2.21199173e+02, 2.98221252e+02, 2.32323639e+02,
    2.97251648e+02, 2.43352661e+02, 2.96334412e+02, 2.54590744e+02,
    2.89943787e+02, 2.09403259e+02, 2.89046295e+02, 2.20996353e+02,
    2.88269836e+02, 2.32288666e+02, 2.87351196e+02, 2.43397949e+02,
    2.86361572e+02, 2.54870499e+02 ]
