%YAML:1.0
---
points: [ 9.50379944e+02, 5.29645630e+02, 9.49870422e+02, 5.47904785e+02,
    9.49459290e+02, 5.65789368e+02, 9.49188110e+02, 5.83778625e+02,
    9.48646790e+02, 6.02115662e+02, 9.33633179e+02, 5.28649658e+02,
    9.33240051e+02, 5.46844727e+02, 9.32628113e+02, 5.65031311e+02,
    9.32270508e+02, 5.83216064e+02, 9.31818359e+02, 6.01568420e+02,
    9.16590515e+02, 5.27667725e+02, 9.15992249e+02, 5.46038940e+02,
    9.15437317e+02, 5.64332703e+02, 9.15033508e+02, 5.82464294e+02,
    9.14262573e+02, 6.01064758e+02, 8.99061096e+02, 5.26737671e+02,
    8.98578674e+02, 5.45083862e+02, 8.97992798e+02, 5.63461365e+02,
    8.97400513e+02, 5.81845642e+02, 8.97038635e+02, 6.00527832e+02,
    8.81502258e+02, 5.25605286e+02, 8.81073242e+02, 5.44220459e+02,
    8.80361694e+02, 5.62629150e+02, 8.79782104e+02, 5.81233582e+02,
    8.79190674e+02, 5.99952148e+02, 8.63644287e+02, 5.24538818e+02,
    8.63245422e+02, 5.43387695e+02, 8.62605957e+02, 5.61753235e+02,
    8.61741638e+02, 5.80542969e+02, 8.61248840e+02, 5.99321411e+02,
    8.45601013e+02, 5.23533081e+02, 8.45066162e+02, 5.42259766e+02,
    8.44484253e+02, 5.60968262e+02, 8.43933899e+02, 5.79765381e+02,
    8.43291687e+02, 5.98695740e+02 ]
