%YAML:1.0
---
points: [ 4.03942596e+02, 7.47004547e+01, 4.07028320e+02, 8.73766937e+01,
    4.10168427e+02, 1.00359497e+02, 4.13075714e+02, 1.12948318e+02,
    4.16068909e+02, 1.25694122e+02, 3.90570587e+02, 7.87292709e+01,
    3.93632355e+02, 9.16884613e+01, 3.96697205e+02, 1.04276283e+02,
    3.99652710e+02, 1.16795341e+02, 4.02520355e+02, 1.29387054e+02,
    3.77377319e+02, 8.32909546e+01, 3.80409882e+02, 9.59873199e+01,
    3.83447296e+02, 1.08504967e+02, 3.86371674e+02, 1.20829086e+02,
    3.89453400e+02, 1.33169815e+02, 3.64497498e+02, 8.75800858e+01,
    3.67553040e+02, 9.99538040e+01, 3.70534393e+02, 1.12301460e+02,
    3.73542450e+02, 1.24712341e+02, 3.76553558e+02, 1.36737549e+02,
    3.51844116e+02, 9.17676010e+01, 3.54902893e+02, 1.03971390e+02,
    3.57929993e+02, 1.16249931e+02, 3.60909973e+02, 1.28298782e+02,
    3.63952942e+02, 1.40430023e+02, 3.39396210e+02, 9.57957153e+01,
    3.42534637e+02, 1.08020996e+02, 3.45555023e+02, 1.20154732e+02,
    3.48646301e+02, 1.31912689e+02, 3.51539917e+02, 1.43879181e+02,
    3.27461212e+02, 9.97209549e+01, 3.30530029e+02, 1.12047104e+02,
    3.33541809e+02, 1.23805161e+02, 3.36583221e+02, 1.35668320e+02,
    3.39569794e+02, 1.47113617e+02 ]
