%YAML:1.0
---
points: [ 1.33852747e+03, 1.47336258e+02, 1.34721179e+03, 1.86169693e+02,
    1.35536487e+03, 2.24385498e+02, 1.36364697e+03, 2.62249390e+02,
    1.37178320e+03, 2.99893433e+02, 1.29890161e+03, 1.60413742e+02,
    1.30743127e+03, 1.98745621e+02, 1.31590833e+03, 2.36410416e+02,
    1.32410645e+03, 2.73687103e+02, 1.33251343e+03, 3.10612152e+02,
    1.25987793e+03, 1.73298004e+02, 1.26865515e+03, 2.11194534e+02,
    1.27709827e+03, 2.48344803e+02, 1.28541650e+03, 2.85020874e+02,
    1.29363733e+03, 3.21527374e+02, 1.22237000e+03, 1.85788300e+02,
    1.23113501e+03, 2.23127899e+02, 1.23948193e+03, 2.59695038e+02,
    1.24809265e+03, 2.95876984e+02, 1.25641821e+03, 3.31846649e+02,
    1.18570593e+03, 1.98217728e+02, 1.19427148e+03, 2.34751144e+02,
    1.20278491e+03, 2.70964691e+02, 1.21146411e+03, 3.06489655e+02,
    1.21964734e+03, 3.42001495e+02, 1.14976550e+03, 2.10153107e+02,
    1.15859692e+03, 2.46120972e+02, 1.16719287e+03, 2.81690491e+02,
    1.17570959e+03, 3.16914795e+02, 1.18449731e+03, 3.51766815e+02,
    1.11542273e+03, 2.21475998e+02, 1.12385596e+03, 2.57298767e+02,
    1.13265417e+03, 2.92205719e+02, 1.14135706e+03, 3.26806824e+02,
    1.14973010e+03, 3.61283203e+02 ]
