%YAML:1.0
---
points: [ 7.47654907e+02, 5.71573364e+02, 7.49821228e+02, 5.88612488e+02,
    7.52599182e+02, 6.05546936e+02, 7.54945496e+02, 6.22611267e+02,
    7.57485901e+02, 6.39650208e+02, 7.31190247e+02, 5.74501465e+02,
    7.33595520e+02, 5.91598694e+02, 7.36243103e+02, 6.08355469e+02,
    7.38512878e+02, 6.25272461e+02, 7.41164856e+02, 6.42422607e+02,
    7.14557007e+02, 5.77208374e+02, 7.17144714e+02, 5.94273743e+02,
    7.19584351e+02, 6.11244751e+02, 7.22093445e+02, 6.28202637e+02,
    7.24439209e+02, 6.45181946e+02, 6.98304688e+02, 5.80241150e+02,
    7.00777405e+02, 5.97138916e+02, 7.03230103e+02, 6.13767395e+02,
    7.05698730e+02, 6.30622437e+02, 7.07971436e+02, 6.47826782e+02,
    6.82075256e+02, 5.82742798e+02, 6.84436035e+02, 5.99700989e+02,
    6.86703125e+02, 6.16735535e+02, 6.89351074e+02, 6.33557678e+02,
    6.91512878e+02, 6.50544067e+02, 6.65704041e+02, 5.85678284e+02,
    6.68225037e+02, 6.02513000e+02, 6.70381409e+02, 6.19356201e+02,
    6.72801331e+02, 6.36270569e+02, 6.75338562e+02, 6.53422180e+02,
    6.49546204e+02, 5.88399048e+02, 6.52034607e+02, 6.05387756e+02,
    6.54256897e+02, 6.22299133e+02, 6.56507568e+02, 6.39078979e+02,
    6.58838684e+02, 6.55837891e+02 ]
