%YAML:1.0
---
points: [ 3.60997070e+02, 8.41159744e+01, 3.63923401e+02, 9.71633759e+01,
    3.66843567e+02, 1.09439613e+02, 3.69663422e+02, 1.21739326e+02,
    3.72574615e+02, 1.34140518e+02, 3.48272614e+02, 8.83573914e+01,
    3.51317169e+02, 1.01005775e+02, 3.54207550e+02, 1.13229126e+02,
    3.57092590e+02, 1.25635521e+02, 3.59876251e+02, 1.37580597e+02,
    3.35698456e+02, 9.25136185e+01, 3.38786957e+02, 1.04970337e+02,
    3.41722626e+02, 1.17000671e+02, 3.44570953e+02, 1.29170380e+02,
    3.47496521e+02, 1.41124619e+02, 3.23504700e+02, 9.65443954e+01,
    3.26568085e+02, 1.08660400e+02, 3.29553406e+02, 1.20812462e+02,
    3.32477783e+02, 1.32650726e+02, 3.35396149e+02, 1.44683670e+02,
    3.11675201e+02, 1.00385979e+02, 3.14608948e+02, 1.12469124e+02,
    3.17653320e+02, 1.24368973e+02, 3.20527588e+02, 1.36094406e+02,
    3.23547821e+02, 1.47849091e+02, 2.99981293e+02, 1.04051910e+02,
    3.03046265e+02, 1.16174866e+02, 3.06068054e+02, 1.27878799e+02,
    3.08989807e+02, 1.39491837e+02, 3.11914001e+02, 1.51043213e+02,
    2.88648224e+02, 1.07836403e+02, 2.91597382e+02, 1.19685677e+02,
    2.94688995e+02, 1.31275818e+02, 2.97718689e+02, 1.42786530e+02,
    3.00758759e+02, 1.54059921e+02 ]
