%YAML:1.0
---
points: [ 4.30066223e+02, 1.97511078e+02, 4.29801697e+02, 2.08823517e+02,
    4.29421234e+02, 2.20420746e+02, 4.28962280e+02, 2.31650177e+02,
    4.28685211e+02, 2.43200241e+02, 4.20164734e+02, 1.97712067e+02,
    4.19783020e+02, 2.09317917e+02, 4.19271820e+02, 2.20731995e+02,
    4.18894226e+02, 2.32378494e+02, 4.18712921e+02, 2.43589432e+02,
    4.09801178e+02, 1.97936584e+02, 4.09436401e+02, 2.09631851e+02,
    4.08753815e+02, 2.21444611e+02, 4.08768005e+02, 2.32762573e+02,
    4.08265228e+02, 2.44322617e+02, 3.99168518e+02, 1.98224136e+02,
    3.98909180e+02, 2.10032333e+02, 3.98587738e+02, 2.21684769e+02,
    3.98200684e+02, 2.33275589e+02, 3.97842346e+02, 2.44895935e+02,
    3.88484161e+02, 1.98663818e+02, 3.88250519e+02, 2.10319168e+02,
    3.87735870e+02, 2.22343948e+02, 3.87614868e+02, 2.33717957e+02,
    3.87373810e+02, 2.45496155e+02, 3.77621063e+02, 1.98825211e+02,
    3.77415558e+02, 2.10892929e+02, 3.77121124e+02, 2.22545792e+02,
    3.76774139e+02, 2.34381546e+02, 3.76703705e+02, 2.46079605e+02,
    3.66613159e+02, 1.99181747e+02, 3.66569702e+02, 2.11264801e+02,
    3.66288940e+02, 2.23198410e+02, 3.66056580e+02, 2.34897995e+02,
    3.65840790e+02, 2.46757294e+02 ]
