%YAML:1.0
---
points: [ 1.21170068e+03, 1.76475433e+02, 1.22010083e+03, 2.14189301e+02,
    1.22819836e+03, 2.51057068e+02, 1.23642651e+03, 2.87686188e+02,
    1.24439050e+03, 3.24277527e+02, 1.17470703e+03, 1.88327698e+02,
    1.18319678e+03, 2.25548721e+02, 1.19144409e+03, 2.62100220e+02,
    1.19962451e+03, 2.98165955e+02, 1.20776929e+03, 3.34050568e+02,
    1.13834155e+03, 1.99820526e+02, 1.14695129e+03, 2.36707336e+02,
    1.15535718e+03, 2.72629456e+02, 1.16370740e+03, 3.08402771e+02,
    1.17185632e+03, 3.43829651e+02, 1.10315320e+03, 2.11397537e+02,
    1.11182190e+03, 2.47476059e+02, 1.12049988e+03, 2.82968750e+02,
    1.12868982e+03, 3.18258209e+02, 1.13730359e+03, 3.53196350e+02,
    1.06883569e+03, 2.22503494e+02, 1.07727844e+03, 2.58160828e+02,
    1.08586169e+03, 2.93146088e+02, 1.09451013e+03, 3.27783386e+02,
    1.10271484e+03, 3.62369598e+02, 1.03515759e+03, 2.33171295e+02,
    1.04380396e+03, 2.68358612e+02, 1.05250916e+03, 3.02924194e+02,
    1.06114233e+03, 3.37274078e+02, 1.06962231e+03, 3.71356659e+02,
    1.00241809e+03, 2.43492783e+02, 1.01127667e+03, 2.78309814e+02,
    1.01980829e+03, 3.12522125e+02, 1.02843555e+03, 3.46421112e+02,
    1.03718591e+03, 3.80058716e+02 ]
