%YAML:1.0
---
points: [ 4.20657013e+02, 1.89499100e+02, 4.23210175e+02, 2.01567932e+02,
    4.25842529e+02, 2.13228821e+02, 4.28356628e+02, 2.24839966e+02,
    4.31097412e+02, 2.36731857e+02, 4.08010010e+02, 1.92511902e+02,
    4.10700439e+02, 2.04300186e+02, 4.13333069e+02, 2.15782669e+02,
    4.15948822e+02, 2.27475998e+02, 4.18528534e+02, 2.38998474e+02,
    3.95382141e+02, 1.95335968e+02, 3.98090759e+02, 2.07025635e+02,
    4.00640594e+02, 2.18506439e+02, 4.03345612e+02, 2.30026443e+02,
    4.05962738e+02, 2.41427658e+02, 3.83093475e+02, 1.98048782e+02,
    3.85791138e+02, 2.09606308e+02, 3.88328369e+02, 2.20979187e+02,
    3.91051117e+02, 2.32389496e+02, 3.93696075e+02, 2.43861847e+02,
    3.70854095e+02, 2.00801682e+02, 3.73506287e+02, 2.12145798e+02,
    3.76158875e+02, 2.23580612e+02, 3.78798950e+02, 2.34779312e+02,
    3.81436493e+02, 2.46223343e+02, 3.58786987e+02, 2.03341141e+02,
    3.61545258e+02, 2.14848907e+02, 3.64178040e+02, 2.26080139e+02,
    3.66866425e+02, 2.37314056e+02, 3.69509064e+02, 2.48401749e+02,
    3.47126770e+02, 2.06047424e+02, 3.49800385e+02, 2.17421524e+02,
    3.52405762e+02, 2.28552277e+02, 3.55037079e+02, 2.39625580e+02,
    3.57684784e+02, 2.50675003e+02 ]
