%YAML:1.0
---
points: [ 1.26231860e+03, 2.18483002e+02, 1.25799731e+03, 2.55377747e+02,
    1.25332214e+03, 2.91478973e+02, 1.24900220e+03, 3.27209961e+02,
    1.24455273e+03, 3.62453491e+02, 1.22959863e+03, 2.15332321e+02,
    1.22504626e+03, 2.52562256e+02, 1.22065588e+03, 2.88746368e+02,
    1.21646826e+03, 3.24706390e+02, 1.21227100e+03, 3.60250916e+02,
    1.19604712e+03, 2.12386459e+02, 1.19162122e+03, 2.49746338e+02,
    1.18736987e+03, 2.86391968e+02, 1.18349487e+03, 3.22488739e+02,
    1.17941248e+03, 3.58288483e+02, 1.16217285e+03, 2.09173141e+02,
    1.15839136e+03, 2.46652588e+02, 1.15399756e+03, 2.83634949e+02,
    1.15009900e+03, 3.19880005e+02, 1.14659631e+03, 3.56065247e+02,
    1.12766650e+03, 2.06188522e+02, 1.12415173e+03, 2.43790497e+02,
    1.12018445e+03, 2.81104919e+02, 1.11650610e+03, 3.17546631e+02,
    1.11274841e+03, 3.53844788e+02, 1.09283130e+03, 2.02598862e+02,
    1.08969897e+03, 2.40642731e+02, 1.08624817e+03, 2.78143433e+02,
    1.08246448e+03, 3.14969910e+02, 1.07936401e+03, 3.51520599e+02,
    1.05809314e+03, 1.99181793e+02, 1.05479199e+03, 2.37691772e+02,
    1.05175110e+03, 2.75364838e+02, 1.04852014e+03, 3.12455902e+02,
    1.04532715e+03, 3.49277313e+02 ]
