%YAML:1.0
---
points: [ 1.06095056e+03, 4.93055542e+02, 1.06468188e+03, 5.11935547e+02,
    1.06833801e+03, 5.30455994e+02, 1.07183459e+03, 5.49527039e+02,
    1.07549988e+03, 5.68464844e+02, 1.04242395e+03, 4.96628296e+02,
    1.04575659e+03, 5.15460083e+02, 1.04945227e+03, 5.34129272e+02,
    1.05316199e+03, 5.53021118e+02, 1.05663342e+03, 5.71771057e+02,
    1.02328473e+03, 5.00224060e+02, 1.02697864e+03, 5.18951294e+02,
    1.03049146e+03, 5.37708069e+02, 1.03397644e+03, 5.56435059e+02,
    1.03767480e+03, 5.75516113e+02, 1.00452325e+03, 5.03583832e+02,
    1.00812720e+03, 5.22636108e+02, 1.01168927e+03, 5.41205444e+02,
    1.01530560e+03, 5.60070679e+02, 1.01868927e+03, 5.78965393e+02,
    9.85780273e+02, 5.07453003e+02, 9.89484131e+02, 5.26024719e+02,
    9.92681091e+02, 5.44830505e+02, 9.96390320e+02, 5.63506714e+02,
    9.99789795e+02, 5.82417725e+02, 9.66929077e+02, 5.10766083e+02,
    9.70516052e+02, 5.29587402e+02, 9.74196594e+02, 5.48356750e+02,
    9.77465515e+02, 5.66983337e+02, 9.81100159e+02, 5.86112366e+02,
    9.48497864e+02, 5.14238220e+02, 9.51982971e+02, 5.33202881e+02,
    9.55271118e+02, 5.51652039e+02, 9.58895813e+02, 5.70530090e+02,
    9.62313416e+02, 5.89407410e+02 ]
