%YAML:1.0
---
points: [ 3.77149292e+02, 9.82792130e+01, 3.75804047e+02, 1.10842766e+02,
    3.74327057e+02, 1.23093102e+02, 3.73068115e+02, 1.35348526e+02,
    3.71678497e+02, 1.47211334e+02, 3.66337280e+02, 9.73386078e+01,
    3.64818970e+02, 1.10088539e+02, 3.63423523e+02, 1.22248055e+02,
    3.62087433e+02, 1.34531860e+02, 3.60706390e+02, 1.46568802e+02,
    3.55036591e+02, 9.64177704e+01, 3.53608063e+02, 1.09191727e+02,
    3.52208862e+02, 1.21560127e+02, 3.50940552e+02, 1.33790100e+02,
    3.49534912e+02, 1.46120636e+02, 3.43597778e+02, 9.54861984e+01,
    3.42375153e+02, 1.08285355e+02, 3.40933838e+02, 1.20865196e+02,
    3.39651459e+02, 1.33277908e+02, 3.38423248e+02, 1.45360962e+02,
    3.32010712e+02, 9.45928268e+01, 3.30896454e+02, 1.07375519e+02,
    3.29560547e+02, 1.20114250e+02, 3.28268982e+02, 1.32570511e+02,
    3.27172485e+02, 1.44927261e+02, 3.20265808e+02, 9.35695496e+01,
    3.19132141e+02, 1.06578781e+02, 3.18072754e+02, 1.19237305e+02,
    3.16900787e+02, 1.31777313e+02, 3.15767181e+02, 1.44199036e+02,
    3.08605103e+02, 9.24591675e+01, 3.07480530e+02, 1.05716484e+02,
    3.06454712e+02, 1.18441605e+02, 3.05304138e+02, 1.31216339e+02,
    3.04304291e+02, 1.43589203e+02 ]
