%YAML:1.0
---
points: [ 1.11472009e+03, 3.02857056e+02, 1.10891589e+03, 3.34787170e+02,
    1.10272693e+03, 3.66383972e+02, 1.09728772e+03, 3.97684021e+02,
    1.09155261e+03, 4.28708405e+02, 1.08667480e+03, 2.97435425e+02,
    1.08073767e+03, 3.29863892e+02, 1.07490137e+03, 3.61555817e+02,
    1.06938989e+03, 3.93310394e+02, 1.06371313e+03, 4.24513977e+02,
    1.05781323e+03, 2.91855499e+02, 1.05185669e+03, 3.24620728e+02,
    1.04595544e+03, 3.56828735e+02, 1.04054980e+03, 3.88673920e+02,
    1.03476221e+03, 4.20395782e+02, 1.02817578e+03, 2.86386597e+02,
    1.02262909e+03, 3.19387085e+02, 1.01684692e+03, 3.51832764e+02,
    1.01139923e+03, 3.84168182e+02, 1.00622388e+03, 4.16324188e+02,
    9.97769775e+02, 2.80485474e+02, 9.92591980e+02, 3.13756989e+02,
    9.86802490e+02, 3.46764954e+02, 9.81421570e+02, 3.79412567e+02,
    9.75994995e+02, 4.11799591e+02, 9.67143555e+02, 2.74419647e+02,
    9.61855103e+02, 3.08350555e+02, 9.56618469e+02, 3.41538574e+02,
    9.51168823e+02, 3.74632721e+02, 9.46122009e+02, 4.07419159e+02,
    9.35918945e+02, 2.68250488e+02, 9.30749084e+02, 3.02637512e+02,
    9.25749573e+02, 3.36274872e+02, 9.20558594e+02, 3.69832092e+02,
    9.15508972e+02, 4.02814270e+02 ]
