%YAML:1.0
---
points: [ 3.25345276e+02, 1.27551437e+02, 3.23418365e+02, 1.38527206e+02,
    3.21370239e+02, 1.49237473e+02, 3.19496460e+02, 1.59889618e+02,
    3.17638672e+02, 1.70504959e+02, 3.16075195e+02, 1.25849770e+02,
    3.14007538e+02, 1.36903412e+02, 3.12040161e+02, 1.47795303e+02,
    3.10190582e+02, 1.58564560e+02, 3.08355103e+02, 1.69161743e+02,
    3.06363007e+02, 1.24012665e+02, 3.04270905e+02, 1.35292297e+02,
    3.02354218e+02, 1.46232346e+02, 3.00571625e+02, 1.57157776e+02,
    2.98627319e+02, 1.67967041e+02, 2.96333008e+02, 1.22258385e+02,
    2.94482056e+02, 1.33681030e+02, 2.92556671e+02, 1.44753174e+02,
    2.90676086e+02, 1.55721420e+02, 2.88903107e+02, 1.66704727e+02,
    2.86316650e+02, 1.20449738e+02, 2.84491028e+02, 1.31814804e+02,
    2.82606659e+02, 1.43166962e+02, 2.80726654e+02, 1.54263702e+02,
    2.78961182e+02, 1.65441132e+02, 2.75875763e+02, 1.18565468e+02,
    2.74284485e+02, 1.30145752e+02, 2.72446045e+02, 1.41541504e+02,
    2.70667542e+02, 1.52801178e+02, 2.68945038e+02, 1.64039337e+02,
    2.65510468e+02, 1.16800285e+02, 2.63796936e+02, 1.28468842e+02,
    2.62116852e+02, 1.39918640e+02, 2.60405792e+02, 1.51262314e+02,
    2.58692230e+02, 1.62552750e+02 ]
