%YAML:1.0
---
points: [ 6.39281494e+02, 3.11844696e+02, 6.45246948e+02, 3.37687561e+02,
    6.51702148e+02, 3.63499908e+02, 6.58139465e+02, 3.89310669e+02,
    6.64293213e+02, 4.15529419e+02, 6.17926575e+02, 3.21399597e+02,
    6.24486389e+02, 3.47159637e+02, 6.30725525e+02, 3.72573273e+02,
    6.36909058e+02, 3.98392822e+02, 6.43347961e+02, 4.24229095e+02,
    5.97451965e+02, 3.30898956e+02, 6.03817505e+02, 3.56433868e+02,
    6.10080383e+02, 3.81648254e+02, 6.15967590e+02, 4.07141846e+02,
    6.22339966e+02, 4.32824310e+02, 5.77586853e+02, 3.40175934e+02,
    5.83725342e+02, 3.65354767e+02, 5.90209290e+02, 3.90319092e+02,
    5.95806580e+02, 4.15674805e+02, 6.01653015e+02, 4.41308075e+02,
    5.58368896e+02, 3.49341309e+02, 5.63770264e+02, 3.74120697e+02,
    5.69853821e+02, 3.99291016e+02, 5.75801270e+02, 4.24306458e+02,
    5.81538208e+02, 4.49669556e+02, 5.38870117e+02, 3.58225922e+02,
    5.44432007e+02, 3.82968201e+02, 5.50049561e+02, 4.07600464e+02,
    5.56089966e+02, 4.32555511e+02, 5.61625305e+02, 4.57688660e+02,
    5.19857666e+02, 3.66890961e+02, 5.25272156e+02, 3.91451843e+02,
    5.30706360e+02, 4.15908630e+02, 5.36438599e+02, 4.40632721e+02,
    5.42051880e+02, 4.65523041e+02 ]
