%YAML:1.0
---
points: [ 4.00326904e+02, 1.86409195e+02, 4.05901672e+02, 1.97675827e+02,
    4.11589355e+02, 2.08852509e+02, 4.17281097e+02, 2.20245987e+02,
    4.23076202e+02, 2.31738617e+02, 3.88568512e+02, 1.91574356e+02,
    3.94272797e+02, 2.02618118e+02, 3.99878235e+02, 2.13530579e+02,
    4.05489136e+02, 2.24646652e+02, 4.11010223e+02, 2.35762497e+02,
    3.77330750e+02, 1.96335266e+02, 3.82840149e+02, 2.07295303e+02,
    3.88330505e+02, 2.17993057e+02, 3.93809692e+02, 2.28904144e+02,
    3.99270447e+02, 2.39895538e+02, 3.66630096e+02, 2.01027740e+02,
    3.71947571e+02, 2.11594986e+02, 3.77394226e+02, 2.22246124e+02,
    3.82719696e+02, 2.32843124e+02, 3.88085022e+02, 2.43738083e+02,
    3.56434479e+02, 2.05561676e+02, 3.61442139e+02, 2.15993240e+02,
    3.66705688e+02, 2.26348114e+02, 3.71911163e+02, 2.36775955e+02,
    3.77250885e+02, 2.47341187e+02, 3.46356445e+02, 2.09771454e+02,
    3.51359070e+02, 2.20133331e+02, 3.56444336e+02, 2.30373062e+02,
    3.61516968e+02, 2.40569122e+02, 3.66779755e+02, 2.51024719e+02,
    3.36776031e+02, 2.13937195e+02, 3.41736908e+02, 2.24175308e+02,
    3.46609863e+02, 2.34118256e+02, 3.51530426e+02, 2.44241302e+02,
    3.56574921e+02, 2.54437881e+02 ]
