%YAML:1.0
---
points: [ 3.96709778e+02, 1.72087448e+02, 4.00053741e+02, 1.82384552e+02,
    4.03675323e+02, 1.93264755e+02, 4.07243225e+02, 2.04206543e+02,
    4.11127930e+02, 2.15785599e+02, 3.85314209e+02, 1.77252457e+02,
    3.88661041e+02, 1.87670197e+02, 3.91993805e+02, 1.98152420e+02,
    3.95382446e+02, 2.09111160e+02, 3.98971527e+02, 2.20397278e+02,
    3.74358337e+02, 1.82365005e+02, 3.77533966e+02, 1.92639297e+02,
    3.80678284e+02, 2.03137299e+02, 3.83801453e+02, 2.13865219e+02,
    3.87097107e+02, 2.25049759e+02, 3.64097168e+02, 1.87305923e+02,
    3.66736115e+02, 1.97425262e+02, 3.69797607e+02, 2.07812698e+02,
    3.72676971e+02, 2.18410126e+02, 3.75739960e+02, 2.29399078e+02,
    3.53988251e+02, 1.92121902e+02, 3.56461456e+02, 2.02052185e+02,
    3.59281097e+02, 2.12203125e+02, 3.62039795e+02, 2.22641876e+02,
    3.64845276e+02, 2.33596313e+02, 3.44301392e+02, 1.96656723e+02,
    3.46604980e+02, 2.06419128e+02, 3.49062500e+02, 2.16514359e+02,
    3.51729919e+02, 2.26724426e+02, 3.54382324e+02, 2.37554611e+02,
    3.34927338e+02, 2.00977509e+02, 3.37131165e+02, 2.10677475e+02,
    3.39290649e+02, 2.20572906e+02, 3.41741272e+02, 2.30782639e+02,
    3.44143250e+02, 2.41250732e+02 ]
