%YAML:1.0
---
points: [ 6.48779724e+02, 4.48472992e+02, 6.54418762e+02, 4.76256805e+02,
    6.60258850e+02, 5.03708405e+02, 6.65704163e+02, 5.31768188e+02,
    6.71535645e+02, 5.60076721e+02, 6.23832703e+02, 4.55721283e+02,
    6.29768555e+02, 4.83441071e+02, 6.35543884e+02, 5.10890137e+02,
    6.41262085e+02, 5.38703674e+02, 6.46917603e+02, 5.66564331e+02,
    5.99696533e+02, 4.63120697e+02, 6.05587097e+02, 4.90569183e+02,
    6.11346008e+02, 5.18101685e+02, 6.16544983e+02, 5.45552429e+02,
    6.22372009e+02, 5.73407715e+02, 5.76056274e+02, 4.70434387e+02,
    5.81530090e+02, 4.97666504e+02, 5.87400085e+02, 5.24906982e+02,
    5.92618774e+02, 5.52369263e+02, 5.97955505e+02, 5.79988586e+02,
    5.52826477e+02, 4.77584259e+02, 5.57785156e+02, 5.04582977e+02,
    5.63513611e+02, 5.31731506e+02, 5.68946655e+02, 5.58913452e+02,
    5.74266479e+02, 5.86600891e+02, 5.29437500e+02, 4.84564728e+02,
    5.34607056e+02, 5.11638397e+02, 5.39700623e+02, 5.38542236e+02,
    5.45231384e+02, 5.65647278e+02, 5.50348877e+02, 5.93013062e+02,
    5.06670471e+02, 4.91521118e+02, 5.11625916e+02, 5.18415955e+02,
    5.16685181e+02, 5.45118469e+02, 5.21864075e+02, 5.72031006e+02,
    5.27056396e+02, 5.99175537e+02 ]
