%YAML:1.0
---
points: [ 9.60454651e+02, 3.19181305e+02, 9.60260498e+02, 3.51015503e+02,
    9.59806458e+02, 3.82264771e+02, 9.59591003e+02, 4.13096497e+02,
    9.59355164e+02, 4.43728210e+02, 9.29587402e+02, 3.18677551e+02,
    9.29507324e+02, 3.50697357e+02, 9.29352966e+02, 3.82011871e+02,
    9.29278259e+02, 4.12952545e+02, 9.29212891e+02, 4.43648438e+02,
    8.98335022e+02, 3.18399323e+02, 8.98421387e+02, 3.50451782e+02,
    8.98438721e+02, 3.81768921e+02, 8.98538391e+02, 4.12823242e+02,
    8.98511719e+02, 4.43740814e+02, 8.66830933e+02, 3.17901001e+02,
    8.67258545e+02, 3.50143799e+02, 8.67574036e+02, 3.81571655e+02,
    8.67781067e+02, 4.12673737e+02, 8.68230347e+02, 4.43773224e+02,
    8.35164001e+02, 3.17492157e+02, 8.35625916e+02, 3.49644684e+02,
    8.36161255e+02, 3.81441162e+02, 8.36540771e+02, 4.12577911e+02,
    8.36887939e+02, 4.43736053e+02, 8.03188721e+02, 3.16839050e+02,
    8.03927612e+02, 3.49381317e+02, 8.04536682e+02, 3.81221832e+02,
    8.05229004e+02, 4.12521423e+02, 8.05790466e+02, 4.43748291e+02,
    7.71016541e+02, 3.16313354e+02, 7.71968872e+02, 3.48910828e+02,
    7.72803101e+02, 3.80774445e+02, 7.73692810e+02, 4.12410065e+02,
    7.74485657e+02, 4.43650909e+02 ]
