%YAML:1.0
---
points: [ 2.72616211e+02, 1.33886169e+02, 2.72570221e+02, 1.44755798e+02,
    2.72389282e+02, 1.55313141e+02, 2.72403564e+02, 1.65719177e+02,
    2.72277374e+02, 1.76275650e+02, 2.62193207e+02, 1.33875534e+02,
    2.62192566e+02, 1.44654282e+02, 2.62193756e+02, 1.55392365e+02,
    2.62178375e+02, 1.65988556e+02, 2.62209930e+02, 1.76296799e+02,
    2.51576172e+02, 1.34058487e+02, 2.51663712e+02, 1.44753128e+02,
    2.51699127e+02, 1.55489044e+02, 2.51714340e+02, 1.66142715e+02,
    2.51787781e+02, 1.76425110e+02, 2.41004654e+02, 1.33996887e+02,
    2.41271652e+02, 1.44897507e+02, 2.41292328e+02, 1.55449646e+02,
    2.41378708e+02, 1.66222168e+02, 2.41422546e+02, 1.76519653e+02,
    2.30387604e+02, 1.34028870e+02, 2.30470947e+02, 1.44993027e+02,
    2.30605148e+02, 1.55647156e+02, 2.30829956e+02, 1.66280396e+02,
    2.31005875e+02, 1.76699295e+02, 2.19502472e+02, 1.33881134e+02,
    2.19814575e+02, 1.44853226e+02, 2.20043976e+02, 1.55682129e+02,
    2.20349731e+02, 1.66355331e+02, 2.20535843e+02, 1.77026871e+02,
    2.08611328e+02, 1.33859451e+02, 2.08972504e+02, 1.44933258e+02,
    2.09410904e+02, 1.55586624e+02, 2.09554871e+02, 1.66340240e+02,
    2.09976654e+02, 1.77093613e+02 ]
