%YAML:1.0
---
points: [ 9.27256165e+02, 5.43495911e+02, 9.21781189e+02, 5.65520691e+02,
    9.17062317e+02, 5.87802856e+02, 9.12374512e+02, 6.10324829e+02,
    9.07365784e+02, 6.33118225e+02, 9.13335022e+02, 5.37121338e+02,
    9.08247742e+02, 5.59609436e+02, 9.03345703e+02, 5.82252991e+02,
    8.98407471e+02, 6.05306885e+02, 8.93512634e+02, 6.28412109e+02,
    8.99440308e+02, 5.30705383e+02, 8.94240906e+02, 5.53682068e+02,
    8.89053162e+02, 5.76679199e+02, 8.84270020e+02, 6.00048645e+02,
    8.78722107e+02, 6.23602051e+02, 8.84733826e+02, 5.24148254e+02,
    8.79761169e+02, 5.47589905e+02, 8.74339355e+02, 5.70897278e+02,
    8.69298462e+02, 5.94628784e+02, 8.64169983e+02, 6.18665405e+02,
    8.69775879e+02, 5.17366516e+02, 8.64772461e+02, 5.41109802e+02,
    8.58972839e+02, 5.64756958e+02, 8.53581116e+02, 5.88813904e+02,
    8.48298828e+02, 6.13481079e+02, 8.54135376e+02, 5.10128113e+02,
    8.48877625e+02, 5.34382507e+02, 8.43481812e+02, 5.58614624e+02,
    8.37655151e+02, 5.83260681e+02, 8.32199524e+02, 6.08144958e+02,
    8.38307434e+02, 5.02855072e+02, 8.32729126e+02, 5.27500427e+02,
    8.27356934e+02, 5.52308777e+02, 8.21545105e+02, 5.77126221e+02,
    8.15628235e+02, 6.02489624e+02 ]
