%YAML:1.0
---
points: [ 2.08676437e+02, 1.25472076e+02, 2.09574005e+02, 1.36575043e+02,
    2.10603973e+02, 1.47738174e+02, 2.11515289e+02, 1.58780853e+02,
    2.12324570e+02, 1.69874527e+02, 1.97581955e+02, 1.25825073e+02,
    1.98587601e+02, 1.37417328e+02, 1.99678314e+02, 1.48427643e+02,
    2.00753326e+02, 1.59507614e+02, 2.01675995e+02, 1.70359146e+02,
    1.86343323e+02, 1.26383820e+02, 1.87400009e+02, 1.38030258e+02,
    1.88563873e+02, 1.49125961e+02, 1.89601456e+02, 1.60247742e+02,
    1.90589874e+02, 1.71022614e+02, 1.74998306e+02, 1.27171707e+02,
    1.76339279e+02, 1.38469406e+02, 1.77568451e+02, 1.49614120e+02,
    1.78710373e+02, 1.60704376e+02, 1.79854767e+02, 1.71784454e+02,
    1.64063644e+02, 1.27570923e+02, 1.65138947e+02, 1.39179245e+02,
    1.66345749e+02, 1.50297363e+02, 1.67634735e+02, 1.61286987e+02,
    1.68782318e+02, 1.72331299e+02, 1.52628036e+02, 1.28325790e+02,
    1.53876923e+02, 1.39706848e+02, 1.55207962e+02, 1.50843948e+02,
    1.56538635e+02, 1.61997116e+02, 1.57801804e+02, 1.72971786e+02,
    1.41400345e+02, 1.28818848e+02, 1.42817871e+02, 1.40401276e+02,
    1.44002869e+02, 1.51618683e+02, 1.45354202e+02, 1.62571960e+02,
    1.46675934e+02, 1.73591446e+02 ]
