%YAML:1.0
---
points: [ 7.69855774e+02, 2.91110260e+02, 7.72547363e+02, 3.24569672e+02,
    7.75488464e+02, 3.57385834e+02, 7.78066956e+02, 3.89936218e+02,
    7.80712280e+02, 4.22216492e+02, 7.36930359e+02, 2.92221313e+02,
    7.39929626e+02, 3.25891510e+02, 7.43104553e+02, 3.58811157e+02,
    7.45731812e+02, 3.91388214e+02, 7.48780823e+02, 4.23535461e+02,
    7.03546875e+02, 2.93529114e+02, 7.07010071e+02, 3.27361023e+02,
    7.10330688e+02, 3.60231415e+02, 7.13228638e+02, 3.92740967e+02,
    7.16414185e+02, 4.25049164e+02, 6.70477905e+02, 2.95030518e+02,
    6.74112000e+02, 3.28610901e+02, 6.77461975e+02, 3.61440002e+02,
    6.80755676e+02, 3.94096283e+02, 6.84134338e+02, 4.26581665e+02,
    6.37453735e+02, 2.96293030e+02, 6.40544373e+02, 3.29819977e+02,
    6.44357178e+02, 3.62851807e+02, 6.48099487e+02, 3.95540497e+02,
    6.51310730e+02, 4.28056274e+02, 6.03641663e+02, 2.97393616e+02,
    6.07448608e+02, 3.31144318e+02, 6.11357788e+02, 3.64334656e+02,
    6.15015381e+02, 3.96882233e+02, 6.18541443e+02, 4.29514160e+02,
    5.70321655e+02, 2.98616821e+02, 5.74313171e+02, 3.32538483e+02,
    5.78100647e+02, 3.65618927e+02, 5.81915161e+02, 3.98327393e+02,
    5.85801086e+02, 4.30808289e+02 ]
