%YAML:1.0
---
points: [ 4.26697540e+02, 1.79779343e+02, 4.30278992e+02, 1.89742371e+02,
    4.33892731e+02, 2.00608688e+02, 4.37670227e+02, 2.11246902e+02,
    4.41739655e+02, 2.22493896e+02, 4.16170227e+02, 1.80453293e+02,
    4.19469818e+02, 1.90786880e+02, 4.22913177e+02, 2.01401489e+02,
    4.26656433e+02, 2.12417374e+02, 4.30415253e+02, 2.23508438e+02,
    4.05074219e+02, 1.81232544e+02, 4.08294647e+02, 1.91631393e+02,
    4.11603851e+02, 2.02351120e+02, 4.15196167e+02, 2.13130280e+02,
    4.18784241e+02, 2.24444870e+02, 3.93850403e+02, 1.81866745e+02,
    3.97146667e+02, 1.92397430e+02, 4.00298889e+02, 2.03202545e+02,
    4.03849579e+02, 2.14254745e+02, 4.07208710e+02, 2.25488159e+02,
    3.82522278e+02, 1.82819199e+02, 3.85858490e+02, 1.93179077e+02,
    3.88833954e+02, 2.04202454e+02, 3.92057495e+02, 2.15178223e+02,
    3.95448151e+02, 2.26504593e+02, 3.71192596e+02, 1.83589844e+02,
    3.74267487e+02, 1.94190582e+02, 3.77341339e+02, 2.04921021e+02,
    3.80342865e+02, 2.16084793e+02, 3.83649902e+02, 2.27578262e+02,
    3.59999481e+02, 1.84476044e+02, 3.62898834e+02, 1.94988007e+02,
    3.65773254e+02, 2.05707443e+02, 3.68774902e+02, 2.17011658e+02,
    3.71777496e+02, 2.28569077e+02 ]
