%YAML:1.0
---
points: [ 1.13178833e+03, 5.10335480e+02, 1.13564673e+03, 5.33875427e+02,
    1.13952527e+03, 5.57408264e+02, 1.14355127e+03, 5.81123535e+02,
    1.14760364e+03, 6.04792175e+02, 1.10789355e+03, 5.14234741e+02,
    1.11191284e+03, 5.37851318e+02, 1.11589050e+03, 5.61139099e+02,
    1.11960913e+03, 5.84776428e+02, 1.12354004e+03, 6.08401367e+02,
    1.08443933e+03, 5.18172607e+02, 1.08812976e+03, 5.41527100e+02,
    1.09189392e+03, 5.65078796e+02, 1.09574536e+03, 5.88342468e+02,
    1.09964868e+03, 6.12181763e+02, 1.06076587e+03, 5.22135315e+02,
    1.06466821e+03, 5.45341919e+02, 1.06861316e+03, 5.68568665e+02,
    1.07224268e+03, 5.92030518e+02, 1.07595862e+03, 6.15612610e+02,
    1.03765662e+03, 5.25778076e+02, 1.04133984e+03, 5.49290039e+02,
    1.04484790e+03, 5.72315491e+02, 1.04869482e+03, 5.95627075e+02,
    1.05250256e+03, 6.19162476e+02, 1.01443982e+03, 5.29492188e+02,
    1.01815253e+03, 5.52836853e+02, 1.02178918e+03, 5.75809387e+02,
    1.02545422e+03, 5.99105652e+02, 1.02906177e+03, 6.22715088e+02,
    9.91547607e+02, 5.33439453e+02, 9.95306091e+02, 5.56404663e+02,
    9.98675720e+02, 5.79586853e+02, 1.00232239e+03, 6.02650574e+02,
    1.00610272e+03, 6.26016296e+02 ]
