%YAML:1.0
---
points: [ 2.18831024e+02, 1.35055283e+02, 2.17150818e+02, 1.45932709e+02,
    2.15517883e+02, 1.56264603e+02, 2.13867966e+02, 1.66767120e+02,
    2.12303391e+02, 1.77101028e+02, 2.08675568e+02, 1.32956024e+02,
    2.06953217e+02, 1.44020645e+02, 2.05296417e+02, 1.54514847e+02,
    2.03771439e+02, 1.65103012e+02, 2.02109116e+02, 1.75587601e+02,
    1.98016159e+02, 1.30943466e+02, 1.96327072e+02, 1.41973114e+02,
    1.94764053e+02, 1.52766235e+02, 1.93237518e+02, 1.63563980e+02,
    1.91649460e+02, 1.74051208e+02, 1.87133713e+02, 1.28844055e+02,
    1.85649567e+02, 1.39996597e+02, 1.84089951e+02, 1.50869690e+02,
    1.82527695e+02, 1.61840256e+02, 1.81088165e+02, 1.72573975e+02,
    1.76132095e+02, 1.26876999e+02, 1.74659683e+02, 1.37917770e+02,
    1.73046417e+02, 1.49088318e+02, 1.71522354e+02, 1.59993713e+02,
    1.70024536e+02, 1.70952408e+02, 1.64728561e+02, 1.24492760e+02,
    1.63277435e+02, 1.35913330e+02, 1.61713470e+02, 1.47098038e+02,
    1.60260010e+02, 1.58194672e+02, 1.58857651e+02, 1.69256088e+02,
    1.53198273e+02, 1.22259483e+02, 1.51756180e+02, 1.33822327e+02,
    1.50344452e+02, 1.45175323e+02, 1.48798447e+02, 1.56378952e+02,
    1.47287567e+02, 1.67564667e+02 ]
