%YAML:1.0
---
points: [ 8.01772522e+02, 3.20273438e+02, 7.96796753e+02, 3.51552246e+02,
    7.91731262e+02, 3.82450012e+02, 7.86776367e+02, 4.13158691e+02,
    7.81769836e+02, 4.43696228e+02, 7.71131165e+02, 3.13747101e+02,
    7.66085022e+02, 3.45707764e+02, 7.61169189e+02, 3.76882782e+02,
    7.56261475e+02, 4.07965668e+02, 7.51495911e+02, 4.38822876e+02,
    7.39188171e+02, 3.07451294e+02, 7.34325012e+02, 3.39598083e+02,
    7.29403503e+02, 3.71313568e+02, 7.24646362e+02, 4.02772369e+02,
    7.19844299e+02, 4.33983124e+02, 7.06663147e+02, 3.00762726e+02,
    7.02084534e+02, 3.33475189e+02, 6.97265381e+02, 3.65547943e+02,
    6.92426514e+02, 3.97337341e+02, 6.87817993e+02, 4.29119049e+02,
    6.73421387e+02, 2.93797852e+02, 6.68752930e+02, 3.26954926e+02,
    6.64034790e+02, 3.59514221e+02, 6.59404358e+02, 3.91669403e+02,
    6.54685547e+02, 4.23798279e+02, 6.38988953e+02, 2.86689850e+02,
    6.34562805e+02, 3.20289948e+02, 6.30052612e+02, 3.53436798e+02,
    6.25410706e+02, 3.86048676e+02, 6.21073059e+02, 4.18591339e+02,
    6.04085876e+02, 2.79496582e+02, 5.99690552e+02, 3.13495758e+02,
    5.95404907e+02, 3.47057922e+02, 5.90810059e+02, 3.80358429e+02,
    5.86429443e+02, 4.13205200e+02 ]
