%YAML:1.0
---
points: [ 4.59498322e+02, 1.67956421e+02, 4.63550079e+02, 1.78424057e+02,
    4.67803741e+02, 1.89496857e+02, 4.71915344e+02, 2.00716934e+02,
    4.76366241e+02, 2.12445724e+02, 4.47186951e+02, 1.72771393e+02,
    4.51094971e+02, 1.83506927e+02, 4.55009338e+02, 1.94220779e+02,
    4.59046906e+02, 2.05452087e+02, 4.63131927e+02, 2.16960083e+02,
    4.34996399e+02, 1.77809769e+02, 4.38556885e+02, 1.88371155e+02,
    4.42488617e+02, 1.99023254e+02, 4.46221802e+02, 2.09943130e+02,
    4.50217529e+02, 2.21410309e+02, 4.23341553e+02, 1.82492859e+02,
    4.26740601e+02, 1.92878525e+02, 4.30378784e+02, 2.03336914e+02,
    4.34060455e+02, 2.14354828e+02, 4.37380463e+02, 2.25435043e+02,
    4.12025391e+02, 1.87128159e+02, 4.15211304e+02, 1.97196869e+02,
    4.18581543e+02, 2.07688721e+02, 4.21905823e+02, 2.18446991e+02,
    4.25343109e+02, 2.29561539e+02, 4.01055878e+02, 1.91473877e+02,
    4.04011505e+02, 2.01521774e+02, 4.07099640e+02, 2.11806839e+02,
    4.10392273e+02, 2.22485794e+02, 4.13511414e+02, 2.33329102e+02,
    3.90372742e+02, 1.95726440e+02, 3.93146973e+02, 2.05634216e+02,
    3.96052826e+02, 2.15809021e+02, 3.99049561e+02, 2.26270309e+02,
    4.02179413e+02, 2.37067200e+02 ]
