%YAML:1.0
---
points: [ 7.19572510e+02, 2.72348511e+02, 7.28578857e+02, 3.06280518e+02,
    7.37998169e+02, 3.39324799e+02, 7.46717834e+02, 3.72187500e+02,
    7.55548462e+02, 4.04773132e+02, 6.90299683e+02, 2.80568878e+02,
    6.99700195e+02, 3.14068085e+02, 7.09075562e+02, 3.46770966e+02,
    7.18111023e+02, 3.79415375e+02, 7.27235474e+02, 4.11538605e+02,
    6.61411926e+02, 2.88658569e+02, 6.71002197e+02, 3.21895142e+02,
    6.80628540e+02, 3.54478058e+02, 6.89531616e+02, 3.86535431e+02,
    6.98619141e+02, 4.18507690e+02, 6.33587708e+02, 2.96748718e+02,
    6.42831482e+02, 3.29499573e+02, 6.52733093e+02, 3.61520416e+02,
    6.61764771e+02, 3.93426300e+02, 6.70672607e+02, 4.25276825e+02,
    6.06194946e+02, 3.04565887e+02, 6.15185242e+02, 3.36995148e+02,
    6.24913391e+02, 3.68847595e+02, 6.34315308e+02, 4.00439758e+02,
    6.43412170e+02, 4.31779541e+02, 5.79078735e+02, 3.12264618e+02,
    5.88395264e+02, 3.44483246e+02, 5.97456909e+02, 3.76012970e+02,
    6.07261169e+02, 4.07317535e+02, 6.16395569e+02, 4.38423828e+02,
    5.52302612e+02, 3.19613861e+02, 5.61508118e+02, 3.51633118e+02,
    5.70750183e+02, 3.82711731e+02, 5.80361633e+02, 4.13673187e+02,
    5.89535950e+02, 4.44658783e+02 ]
