%YAML:1.0
---
points: [ 1.23368091e+03, 4.19465790e+02, 1.23944824e+03, 4.46744446e+02,
    1.24540039e+03, 4.74075897e+02, 1.25134973e+03, 5.01494049e+02,
    1.25734485e+03, 5.29185364e+02, 1.20554126e+03, 4.25724518e+02,
    1.21131360e+03, 4.53087402e+02, 1.21696155e+03, 4.80115540e+02,
    1.22261841e+03, 5.07453674e+02, 1.22845398e+03, 5.34743164e+02,
    1.17748511e+03, 4.32287384e+02, 1.18312219e+03, 4.59308472e+02,
    1.18867188e+03, 4.86252319e+02, 1.19440625e+03, 5.13171997e+02,
    1.20005518e+03, 5.40435913e+02, 1.14986536e+03, 4.38521545e+02,
    1.15549805e+03, 4.65373474e+02, 1.16096130e+03, 4.92078857e+02,
    1.16644690e+03, 5.18799988e+02, 1.17214880e+03, 5.45949524e+02,
    1.12284924e+03, 4.44785187e+02, 1.12822900e+03, 4.71300873e+02,
    1.13351990e+03, 4.97829071e+02, 1.13897925e+03, 5.24511902e+02,
    1.14440515e+03, 5.51477783e+02, 1.09612000e+03, 4.50604095e+02,
    1.10137988e+03, 4.77114594e+02, 1.10664880e+03, 5.03430664e+02,
    1.11199451e+03, 5.29923218e+02, 1.11738892e+03, 5.56751709e+02,
    1.06981836e+03, 4.56497192e+02, 1.07499719e+03, 4.82721832e+02,
    1.08020325e+03, 5.08878326e+02, 1.08550098e+03, 5.35350647e+02,
    1.09065417e+03, 5.62043823e+02 ]
