%YAML:1.0
---
points: [ 4.63209351e+02, 1.81894287e+02, 4.68468750e+02, 1.93149445e+02,
    4.74284729e+02, 2.04609756e+02, 4.79687866e+02, 2.16164520e+02,
    4.85274475e+02, 2.27967331e+02, 4.50696259e+02, 1.86785889e+02,
    4.56177917e+02, 1.98055252e+02, 4.61636841e+02, 2.09158112e+02,
    4.67237976e+02, 2.20546295e+02, 4.72402557e+02, 2.31804504e+02,
    4.38374725e+02, 1.90408142e+02, 4.43967010e+02, 2.02720078e+02,
    4.49479004e+02, 2.13746948e+02, 4.54648468e+02, 2.24720627e+02,
    4.60205475e+02, 2.36102554e+02, 4.27023956e+02, 1.96358322e+02,
    4.32275024e+02, 2.07203247e+02, 4.37517090e+02, 2.17918869e+02,
    4.42811432e+02, 2.28946320e+02, 4.48097595e+02, 2.39924072e+02,
    4.15718475e+02, 2.00874329e+02, 4.20677795e+02, 2.11539444e+02,
    4.25949249e+02, 2.22258545e+02, 4.31137024e+02, 2.32831604e+02,
    4.36317352e+02, 2.43642548e+02, 4.04571136e+02, 2.05091644e+02,
    4.09662811e+02, 2.15771088e+02, 4.14758087e+02, 2.26170227e+02,
    4.19870270e+02, 2.36609070e+02, 4.25051941e+02, 2.47272888e+02,
    3.94174469e+02, 2.09333679e+02, 3.99084076e+02, 2.19651047e+02,
    4.03967926e+02, 2.29868973e+02, 4.08931366e+02, 2.40216339e+02,
    4.13991638e+02, 2.50637985e+02 ]
