%YAML:1.0
---
points: [ 1.92097610e+02, 1.19172852e+02, 1.95142197e+02, 1.30630569e+02,
    1.98377792e+02, 1.41707855e+02, 2.01512909e+02, 1.53075897e+02,
    2.04362610e+02, 1.64005768e+02, 1.81989731e+02, 1.22150551e+02,
    1.85223526e+02, 1.33454086e+02, 1.88479187e+02, 1.44564392e+02,
    1.91718384e+02, 1.55546341e+02, 1.94692993e+02, 1.66368759e+02,
    1.72146164e+02, 1.24945427e+02, 1.75439056e+02, 1.36274597e+02,
    1.78752136e+02, 1.47072250e+02, 1.81755142e+02, 1.58104080e+02,
    1.84847046e+02, 1.68906509e+02, 1.62614777e+02, 1.27967995e+02,
    1.65723648e+02, 1.39005630e+02, 1.69101151e+02, 1.49823410e+02,
    1.72215820e+02, 1.60684174e+02, 1.75342285e+02, 1.71367325e+02,
    1.53171524e+02, 1.30664444e+02, 1.56262665e+02, 1.41762192e+02,
    1.59666916e+02, 1.52480194e+02, 1.62817001e+02, 1.63034073e+02,
    1.65868881e+02, 1.73675690e+02, 1.43853912e+02, 1.33512115e+02,
    1.47029587e+02, 1.44239456e+02, 1.50278839e+02, 1.54927307e+02,
    1.53462677e+02, 1.65491638e+02, 1.56672913e+02, 1.75981049e+02,
    1.34752884e+02, 1.36134048e+02, 1.37882614e+02, 1.46843842e+02,
    1.41026642e+02, 1.57341431e+02, 1.44260269e+02, 1.67869125e+02,
    1.47436005e+02, 1.78259628e+02 ]
