%YAML:1.0
---
points: [ 4.38164490e+02, 1.87050537e+02, 4.45206665e+02, 1.95055145e+02,
    4.52943359e+02, 2.05576309e+02, 4.60115723e+02, 2.16346588e+02,
    4.68056000e+02, 2.27417206e+02, 4.28936798e+02, 1.90524384e+02,
    4.36325745e+02, 2.00781723e+02, 4.43460785e+02, 2.10989960e+02,
    4.50930695e+02, 2.21544998e+02, 4.58211151e+02, 2.32210129e+02,
    4.20531097e+02, 1.96247055e+02, 4.27585022e+02, 2.06109909e+02,
    4.34823578e+02, 2.16185135e+02, 4.41767212e+02, 2.26491745e+02,
    4.49149231e+02, 2.37006317e+02, 4.12627075e+02, 2.01413528e+02,
    4.19345520e+02, 2.11213776e+02, 4.26343414e+02, 2.21053802e+02,
    4.33274933e+02, 2.31150085e+02, 4.40174469e+02, 2.41375717e+02,
    4.05207184e+02, 2.06442108e+02, 4.11462463e+02, 2.16172653e+02,
    4.18302765e+02, 2.25716751e+02, 4.25013428e+02, 2.35511078e+02,
    4.31781677e+02, 2.45526901e+02, 3.97995972e+02, 2.11308929e+02,
    4.04173981e+02, 2.20682114e+02, 4.10498230e+02, 2.30199158e+02,
    4.17135986e+02, 2.39645538e+02, 4.23652374e+02, 2.49542480e+02,
    3.91131866e+02, 2.15880386e+02, 3.97127289e+02, 2.25077133e+02,
    4.03252136e+02, 2.34268051e+02, 4.09426697e+02, 2.43726059e+02,
    4.15987823e+02, 2.53241638e+02 ]
