%YAML:1.0
---
points: [ 1.73996780e+02, 1.04925415e+02, 1.76712616e+02, 1.17240974e+02,
    1.79347580e+02, 1.29141678e+02, 1.81976288e+02, 1.41127884e+02,
    1.84631729e+02, 1.53022476e+02, 1.62657654e+02, 1.07365257e+02,
    1.65428131e+02, 1.19654945e+02, 1.68246582e+02, 1.31585938e+02,
    1.70964035e+02, 1.43500534e+02, 1.73639740e+02, 1.55091721e+02,
    1.51557602e+02, 1.10010834e+02, 1.54238266e+02, 1.22027458e+02,
    1.57072601e+02, 1.33899170e+02, 1.59773605e+02, 1.45771255e+02,
    1.62413300e+02, 1.57566818e+02, 1.40468979e+02, 1.12463280e+02,
    1.43180832e+02, 1.24478394e+02, 1.46158371e+02, 1.36225128e+02,
    1.48826019e+02, 1.48069870e+02, 1.51581650e+02, 1.59783508e+02,
    1.29669235e+02, 1.14901855e+02, 1.32241409e+02, 1.26939774e+02,
    1.35190887e+02, 1.38601791e+02, 1.37939606e+02, 1.50168701e+02,
    1.40615021e+02, 1.61903198e+02, 1.18816788e+02, 1.17429977e+02,
    1.21559326e+02, 1.29199448e+02, 1.24294571e+02, 1.40929047e+02,
    1.27133949e+02, 1.52520096e+02, 1.29910583e+02, 1.64076172e+02,
    1.08112228e+02, 1.19845734e+02, 1.10895348e+02, 1.31683029e+02,
    1.13617821e+02, 1.43181366e+02, 1.16341774e+02, 1.54721313e+02,
    1.19141800e+02, 1.66158508e+02 ]
