%YAML:1.0
---
points: [ 1.14513159e+03, 6.33172852e+02, 1.14462317e+03, 6.51339233e+02,
    1.14421375e+03, 6.69489502e+02, 1.14383643e+03, 6.87533081e+02,
    1.14337866e+03, 7.05891602e+02, 1.12947656e+03, 6.32907532e+02,
    1.12891467e+03, 6.51213074e+02, 1.12842371e+03, 6.69486633e+02,
    1.12800488e+03, 6.87608337e+02, 1.12758130e+03, 7.06017822e+02,
    1.11351416e+03, 6.32775452e+02, 1.11292786e+03, 6.51121033e+02,
    1.11239856e+03, 6.69500977e+02, 1.11204932e+03, 6.87733093e+02,
    1.11141602e+03, 7.06387024e+02, 1.09722607e+03, 6.32559204e+02,
    1.09676074e+03, 6.50918823e+02, 1.09618164e+03, 6.69459839e+02,
    1.09562854e+03, 6.87751831e+02, 1.09537598e+03, 7.06618347e+02,
    1.08082825e+03, 6.32359802e+02, 1.08054895e+03, 6.50802795e+02,
    1.07977820e+03, 6.69508789e+02, 1.07933484e+03, 6.87854797e+02,
    1.07866809e+03, 7.06715393e+02, 1.06437170e+03, 6.32066895e+02,
    1.06383508e+03, 6.50710510e+02, 1.06344727e+03, 6.69517578e+02,
    1.06276855e+03, 6.88168091e+02, 1.06226270e+03, 7.07024841e+02,
    1.04772327e+03, 6.31896667e+02, 1.04734753e+03, 6.50616638e+02,
    1.04668787e+03, 6.69536499e+02, 1.04622241e+03, 6.88235779e+02,
    1.04552087e+03, 7.07359741e+02 ]
