%YAML:1.0
---
points: [ 6.63374878e+02, 2.29322617e+02, 6.70806641e+02, 2.65506989e+02,
    6.78877136e+02, 3.01221527e+02, 6.86327942e+02, 3.36345917e+02,
    6.93797363e+02, 3.71513611e+02, 6.29743042e+02, 2.36174225e+02,
    6.38048096e+02, 2.72194336e+02, 6.45993958e+02, 3.07633148e+02,
    6.53724792e+02, 3.42738159e+02, 6.61311890e+02, 3.77586121e+02,
    5.96761902e+02, 2.43212067e+02, 6.05171631e+02, 2.78960541e+02,
    6.13297668e+02, 3.14177765e+02, 6.21070862e+02, 3.49229706e+02,
    6.28712097e+02, 3.83791962e+02, 5.64624756e+02, 2.50097229e+02,
    5.72597900e+02, 2.85636902e+02, 5.81108887e+02, 3.20569946e+02,
    5.88966492e+02, 3.55414124e+02, 5.96636230e+02, 3.89917542e+02,
    5.32591614e+02, 2.56910095e+02, 5.40241150e+02, 2.92221954e+02,
    5.48674805e+02, 3.27153259e+02, 5.56754272e+02, 3.61480713e+02,
    5.64682312e+02, 3.96165344e+02, 5.00735291e+02, 2.63593445e+02,
    5.08483612e+02, 2.98661224e+02, 5.16778015e+02, 3.33426025e+02,
    5.24867981e+02, 3.67563232e+02, 5.33047058e+02, 4.02108734e+02,
    4.69288239e+02, 2.70359863e+02, 4.76969666e+02, 3.05296173e+02,
    4.85216827e+02, 3.39485016e+02, 4.93322571e+02, 3.73719849e+02,
    5.01419067e+02, 4.07723816e+02 ]
