%YAML:1.0
---
points: [ 1.75944794e+02, 9.26980133e+01, 1.75914459e+02, 1.01915009e+02,
    1.76039246e+02, 1.11482384e+02, 1.75835480e+02, 1.21232201e+02,
    1.75869583e+02, 1.31298950e+02, 1.64547516e+02, 9.44810638e+01,
    1.64455948e+02, 1.03903099e+02, 1.64340057e+02, 1.13565033e+02,
    1.64253250e+02, 1.23163216e+02, 1.64077621e+02, 1.33419174e+02,
    1.53285538e+02, 9.64245605e+01, 1.53125473e+02, 1.05989220e+02,
    1.52941849e+02, 1.15624184e+02, 1.52495010e+02, 1.25263603e+02,
    1.52201126e+02, 1.35371704e+02, 1.42343872e+02, 9.85929184e+01,
    1.41718491e+02, 1.07868774e+02, 1.41341553e+02, 1.17682999e+02,
    1.40979752e+02, 1.27350060e+02, 1.40394730e+02, 1.37374252e+02,
    1.31315903e+02, 1.00859268e+02, 1.30613022e+02, 1.09851120e+02,
    1.30065735e+02, 1.19619576e+02, 1.29426117e+02, 1.29335693e+02,
    1.28696686e+02, 1.39557343e+02, 1.20326492e+02, 1.02794296e+02,
    1.19497215e+02, 1.11886726e+02, 1.18682053e+02, 1.21416397e+02,
    1.17973160e+02, 1.31307800e+02, 1.17119606e+02, 1.41322525e+02,
    1.09619255e+02, 1.04822693e+02, 1.08584778e+02, 1.14031525e+02,
    1.07546600e+02, 1.23221436e+02, 1.06584274e+02, 1.33128204e+02,
    1.05437752e+02, 1.43175781e+02 ]
