%YAML:1.0
---
points: [ 9.19523865e+02, 6.39313232e+02, 9.22254578e+02, 6.57499817e+02,
    9.24761169e+02, 6.75766907e+02, 9.27520020e+02, 6.94012451e+02,
    9.30096558e+02, 7.12599121e+02, 9.01595947e+02, 6.41758484e+02,
    9.04413635e+02, 6.60247559e+02, 9.06957520e+02, 6.78283936e+02,
    9.09553772e+02, 6.96697205e+02, 9.12291077e+02, 7.14915955e+02,
    8.83721802e+02, 6.44570435e+02, 8.86357788e+02, 6.62704773e+02,
    8.88970398e+02, 6.80988159e+02, 8.91499023e+02, 6.99233643e+02,
    8.94286194e+02, 7.17678833e+02, 8.65834717e+02, 6.47206726e+02,
    8.68648376e+02, 6.65451355e+02, 8.71154297e+02, 6.83465454e+02,
    8.73727112e+02, 7.01774414e+02, 8.76272949e+02, 7.20192871e+02,
    8.48416443e+02, 6.49765137e+02, 8.50644836e+02, 6.67984680e+02,
    8.53411011e+02, 6.86215698e+02, 8.55719727e+02, 7.04242615e+02,
    8.58416931e+02, 7.22724976e+02, 8.30492859e+02, 6.52378479e+02,
    8.32978394e+02, 6.70601868e+02, 8.35426514e+02, 6.88595581e+02,
    8.38102356e+02, 7.06963989e+02, 8.40444336e+02, 7.25311584e+02,
    8.12747864e+02, 6.55010254e+02, 8.15402771e+02, 6.73192810e+02,
    8.17712036e+02, 6.91355042e+02, 8.20281555e+02, 7.09394409e+02,
    8.22686096e+02, 7.27878418e+02 ]
