%YAML:1.0
---
points: [ 6.70878479e+02, 1.93048325e+02, 6.69628601e+02, 2.20395065e+02,
    6.68576233e+02, 2.48990082e+02, 6.66840820e+02, 2.77402832e+02,
    6.65606201e+02, 3.07399658e+02, 6.37505920e+02, 1.97897156e+02,
    6.36034424e+02, 2.25874863e+02, 6.34542969e+02, 2.54363846e+02,
    6.32690857e+02, 2.82850098e+02, 6.30853455e+02, 3.12717682e+02,
    6.04113770e+02, 2.03411148e+02, 6.02401855e+02, 2.31399658e+02,
    6.00520142e+02, 2.59870605e+02, 5.97895142e+02, 2.88299957e+02,
    5.95988281e+02, 3.18358704e+02, 5.71508606e+02, 2.09221558e+02,
    5.69046875e+02, 2.36432297e+02, 5.66849060e+02, 2.65358643e+02,
    5.64303284e+02, 2.93856842e+02, 5.61175110e+02, 3.23559174e+02,
    5.39229614e+02, 2.14949570e+02, 5.35649475e+02, 2.41645126e+02,
    5.33117371e+02, 2.70465424e+02, 5.30197876e+02, 2.99423401e+02,
    5.26807007e+02, 3.29143646e+02, 5.06767487e+02, 2.20312683e+02,
    5.02967499e+02, 2.47416824e+02, 4.99543518e+02, 2.75460907e+02,
    4.96373779e+02, 3.04454987e+02, 4.92552765e+02, 3.34229736e+02,
    4.74861908e+02, 2.25536621e+02, 4.70562286e+02, 2.52637085e+02,
    4.66433899e+02, 2.80521179e+02, 4.62698334e+02, 3.09365082e+02,
    4.58492401e+02, 3.38986572e+02 ]
