%YAML:1.0
---
points: [ 4.44525879e+02, 7.61927338e+01, 4.49995209e+02, 8.65582581e+01,
    4.55578705e+02, 9.73722458e+01, 4.61096924e+02, 1.08040504e+02,
    4.66709564e+02, 1.19151413e+02, 4.33122040e+02, 8.25102234e+01,
    4.38475006e+02, 9.31717300e+01, 4.43770966e+02, 1.03541542e+02,
    4.49281952e+02, 1.14230286e+02, 4.54408569e+02, 1.24943924e+02,
    4.21694336e+02, 8.92335510e+01, 4.27003937e+02, 9.94935608e+01,
    4.32305389e+02, 1.09812729e+02, 4.37409210e+02, 1.20227226e+02,
    4.42837616e+02, 1.30962585e+02, 4.10826477e+02, 9.53534012e+01,
    4.15957489e+02, 1.05715973e+02, 4.21059143e+02, 1.15791893e+02,
    4.26213837e+02, 1.26044075e+02, 4.31330292e+02, 1.36641571e+02,
    4.00270111e+02, 1.01799332e+02, 4.05055023e+02, 1.11718697e+02,
    4.10077423e+02, 1.21820068e+02, 4.15040588e+02, 1.31856888e+02,
    4.20186279e+02, 1.42220612e+02, 3.89775848e+02, 1.07609329e+02,
    3.94596802e+02, 1.17511101e+02, 3.99346313e+02, 1.27374092e+02,
    4.04266846e+02, 1.37416733e+02, 4.09190247e+02, 1.47585831e+02,
    3.79837524e+02, 1.13482994e+02, 3.84427307e+02, 1.23232246e+02,
    3.89155243e+02, 1.33004044e+02, 3.93850769e+02, 1.42730591e+02,
    3.98650726e+02, 1.52783401e+02 ]
