%YAML:1.0
---
points: [ 9.09546875e+02, 8.41293579e+02, 9.13516968e+02, 8.61778320e+02,
    9.17770691e+02, 8.82259399e+02, 9.22087830e+02, 9.02906433e+02,
    9.26174683e+02, 9.23751831e+02, 8.91095337e+02, 8.44412720e+02,
    8.95316223e+02, 8.64821289e+02, 8.99442322e+02, 8.85178284e+02,
    9.03357056e+02, 9.05679749e+02, 9.07503296e+02, 9.26281921e+02,
    8.72608276e+02, 8.47352966e+02, 8.76651245e+02, 8.67561646e+02,
    8.80760071e+02, 8.87732971e+02, 8.84822144e+02, 9.08342102e+02,
    8.88884949e+02, 9.28842651e+02, 8.54526306e+02, 8.50333984e+02,
    8.58610352e+02, 8.70534485e+02, 8.62762451e+02, 8.90562744e+02,
    8.66576721e+02, 9.10912170e+02, 8.70539673e+02, 9.31520020e+02,
    8.36906738e+02, 8.53232605e+02, 8.40448853e+02, 8.73447205e+02,
    8.44499023e+02, 8.93227661e+02, 8.48553284e+02, 9.13400635e+02,
    8.52408020e+02, 9.33822327e+02, 8.18854126e+02, 8.55936279e+02,
    8.22753357e+02, 8.76122681e+02, 8.26665771e+02, 8.96203979e+02,
    8.30488953e+02, 9.16253113e+02, 8.34308838e+02, 9.36516113e+02,
    8.01529846e+02, 8.58923645e+02, 8.05315063e+02, 8.78936707e+02,
    8.08734192e+02, 8.98725037e+02, 8.12582886e+02, 9.18695618e+02,
    8.16490967e+02, 9.38877075e+02 ]
