%YAML:1.0
---
points: [ 1.97841278e+02, 1.08149811e+02, 1.98017914e+02, 1.17151001e+02,
    1.98005844e+02, 1.26602509e+02, 1.98079239e+02, 1.35959152e+02,
    1.98165604e+02, 1.45752319e+02, 1.87197601e+02, 1.05004066e+02,
    1.86998337e+02, 1.14564903e+02, 1.86816971e+02, 1.23876640e+02,
    1.86734299e+02, 1.33550247e+02, 1.86561508e+02, 1.43463501e+02,
    1.75846954e+02, 1.02326019e+02, 1.75585724e+02, 1.11574142e+02,
    1.75259598e+02, 1.21304741e+02, 1.75150101e+02, 1.30988510e+02,
    1.74710175e+02, 1.40953857e+02, 1.64363937e+02, 9.92757416e+01,
    1.64131500e+02, 1.08758675e+02, 1.63527847e+02, 1.18498505e+02,
    1.63140106e+02, 1.28397186e+02, 1.62685913e+02, 1.38305801e+02,
    1.52706436e+02, 9.65010605e+01, 1.52259048e+02, 1.05818054e+02,
    1.51406174e+02, 1.15621101e+02, 1.50832275e+02, 1.25630730e+02,
    1.50186920e+02, 1.35847656e+02, 1.40544342e+02, 9.35185471e+01,
    1.39849289e+02, 1.02977310e+02, 1.39119766e+02, 1.12691040e+02,
    1.38188614e+02, 1.22754913e+02, 1.37423721e+02, 1.33062134e+02,
    1.28201843e+02, 9.03431015e+01, 1.27318771e+02, 9.99008102e+01,
    1.26294266e+02, 1.09653511e+02, 1.25253082e+02, 1.19748238e+02,
    1.24077484e+02, 1.30246414e+02 ]
