%YAML:1.0
---
points: [ 7.38815552e+02, 2.39684601e+02, 7.38004639e+02, 2.66385773e+02,
    7.36882263e+02, 2.94011322e+02, 7.36014160e+02, 3.21934021e+02,
    7.34853333e+02, 3.50679871e+02, 7.06525452e+02, 2.30418686e+02,
    7.05069580e+02, 2.58163086e+02, 7.03452881e+02, 2.86017120e+02,
    7.01961487e+02, 3.14166687e+02, 7.00490540e+02, 3.43447083e+02,
    6.72405823e+02, 2.21412003e+02, 6.70445862e+02, 2.49318970e+02,
    6.68617676e+02, 2.77479156e+02, 6.66587891e+02, 3.06114777e+02,
    6.64642883e+02, 3.35645691e+02, 6.37790649e+02, 2.12639984e+02,
    6.35504944e+02, 2.40081696e+02, 6.33093628e+02, 2.69010010e+02,
    6.30570190e+02, 2.97869568e+02, 6.28243713e+02, 3.27679810e+02,
    6.02020508e+02, 2.03357574e+02, 5.99362671e+02, 2.30577271e+02,
    5.96259949e+02, 2.59787109e+02, 5.93125916e+02, 2.89296112e+02,
    5.90205078e+02, 3.19476379e+02, 5.65358398e+02, 1.93470200e+02,
    5.62025635e+02, 2.21480560e+02, 5.58678162e+02, 2.50287262e+02,
    5.54895813e+02, 2.80411346e+02, 5.51401184e+02, 3.10869080e+02,
    5.27854797e+02, 1.83616470e+02, 5.23831177e+02, 2.11862885e+02,
    5.19982605e+02, 2.40592102e+02, 5.15835632e+02, 2.70873993e+02,
    5.11619720e+02, 3.01806122e+02 ]
