%YAML:1.0
---
points: [ 4.70483337e+02, 9.23658524e+01, 4.71180267e+02, 1.03578041e+02,
    4.71638885e+02, 1.14862839e+02, 4.72270630e+02, 1.25921471e+02,
    4.72716919e+02, 1.37630066e+02, 4.61181000e+02, 9.18319550e+01,
    4.61678345e+02, 1.03643768e+02, 4.62020782e+02, 1.14669601e+02,
    4.62717560e+02, 1.26285645e+02, 4.62983337e+02, 1.37654160e+02,
    4.51334167e+02, 9.17980499e+01, 4.51772339e+02, 1.03337189e+02,
    4.52178101e+02, 1.14879128e+02, 4.52716064e+02, 1.26348976e+02,
    4.53030273e+02, 1.38045242e+02, 4.41208374e+02, 9.16039124e+01,
    4.41772797e+02, 1.03460747e+02, 4.42072784e+02, 1.14683121e+02,
    4.42654053e+02, 1.26592697e+02, 4.42985291e+02, 1.37930054e+02,
    4.30820221e+02, 9.16345520e+01, 4.31687775e+02, 1.03326576e+02,
    4.31771881e+02, 1.15038795e+02, 4.32314545e+02, 1.26668182e+02,
    4.32731476e+02, 1.38424484e+02, 4.20540802e+02, 9.13916550e+01,
    4.20962097e+02, 1.03523064e+02, 4.21596191e+02, 1.14956520e+02,
    4.21733459e+02, 1.26946495e+02, 4.22233032e+02, 1.38670990e+02,
    4.09834991e+02, 9.16239777e+01, 4.10631805e+02, 1.03409981e+02,
    4.10898804e+02, 1.15232109e+02, 4.11452667e+02, 1.26829994e+02,
    4.11735260e+02, 1.38969666e+02 ]
