%YAML:1.0
---
points: [ 5.39181824e+02, 7.89448242e+01, 5.41871338e+02, 1.13747177e+02,
    5.44598694e+02, 1.47923996e+02, 5.47465149e+02, 1.81634888e+02,
    5.50073975e+02, 2.15215286e+02, 5.04767487e+02, 7.75879135e+01,
    5.07766785e+02, 1.12788170e+02, 5.10959412e+02, 1.46886490e+02,
    5.13697998e+02, 1.81052872e+02, 5.16908936e+02, 2.14558090e+02,
    4.70027527e+02, 7.66394653e+01, 4.73375397e+02, 1.11827911e+02,
    4.76487091e+02, 1.46082504e+02, 4.79717377e+02, 1.80354233e+02,
    4.82762482e+02, 2.14098907e+02, 4.35341370e+02, 7.57052765e+01,
    4.38667053e+02, 1.10753159e+02, 4.42357056e+02, 1.45434555e+02,
    4.45500397e+02, 1.79592804e+02, 4.48783661e+02, 2.13510162e+02,
    4.00558594e+02, 7.49833145e+01, 4.03447296e+02, 1.09698807e+02,
    4.07296387e+02, 1.44618759e+02, 4.10922180e+02, 1.78772278e+02,
    4.14263733e+02, 2.13070404e+02, 3.65071167e+02, 7.38355637e+01,
    3.68658997e+02, 1.09073128e+02, 3.72198822e+02, 1.43821228e+02,
    3.75805145e+02, 1.78146866e+02, 3.79701965e+02, 2.12582428e+02,
    3.29718689e+02, 7.29100494e+01, 3.33382904e+02, 1.08371773e+02,
    3.37194397e+02, 1.43142365e+02, 3.40895142e+02, 1.77591553e+02,
    3.44724518e+02, 2.11894516e+02 ]
