%YAML:1.0
---
points: [ 4.16605530e+02, 5.08724098e+01, 4.18488281e+02, 6.36735458e+01,
    4.19804962e+02, 7.66450119e+01, 4.21512054e+02, 8.95407486e+01,
    4.22922577e+02, 1.02540703e+02, 4.04588440e+02, 5.11414833e+01,
    4.05986542e+02, 6.46632996e+01, 4.07474792e+02, 7.73819733e+01,
    4.08974182e+02, 9.07495651e+01, 4.10360901e+02, 1.03561607e+02,
    3.91796295e+02, 5.24455338e+01, 3.93448059e+02, 6.53668137e+01,
    3.94813812e+02, 7.87818909e+01, 3.96380066e+02, 9.18340607e+01,
    3.97738556e+02, 1.05099007e+02, 3.79300385e+02, 5.34460831e+01,
    3.80702942e+02, 6.65975189e+01, 3.82156189e+02, 7.99463425e+01,
    3.83577972e+02, 9.30814209e+01, 3.85016418e+02, 1.06369347e+02,
    3.66282715e+02, 5.45275650e+01, 3.67956787e+02, 6.78047638e+01,
    3.69246857e+02, 8.12644882e+01, 3.70631622e+02, 9.43563004e+01,
    3.72083893e+02, 1.07777885e+02, 3.53461700e+02, 5.56473465e+01,
    3.54961334e+02, 6.92627869e+01, 3.56406830e+02, 8.23482590e+01,
    3.57718811e+02, 9.56706924e+01, 3.59105164e+02, 1.09164848e+02,
    3.40417389e+02, 5.69313087e+01, 3.42068329e+02, 7.05538101e+01,
    3.43431183e+02, 8.36459198e+01, 3.44870605e+02, 9.70466690e+01,
    3.46284821e+02, 1.10573425e+02 ]
