%YAML:1.0
---
points: [ 6.79785522e+02, 8.44369507e+02, 6.84537537e+02, 8.66596802e+02,
    6.89569275e+02, 8.88914062e+02, 6.94485413e+02, 9.11574463e+02,
    6.99382324e+02, 9.34329529e+02, 6.62785950e+02, 8.48138550e+02,
    6.67841858e+02, 8.70311951e+02, 6.72841003e+02, 8.92205444e+02,
    6.77600647e+02, 9.14443726e+02, 6.82606018e+02, 9.37178833e+02,
    6.46377869e+02, 8.51493958e+02, 6.51332581e+02, 8.73523743e+02,
    6.56307556e+02, 8.95537231e+02, 6.60807739e+02, 9.17633057e+02,
    6.65805115e+02, 9.39757812e+02, 6.30477234e+02, 8.55044556e+02,
    6.35181763e+02, 8.76705383e+02, 6.40107300e+02, 8.98407471e+02,
    6.44748657e+02, 9.20403931e+02, 6.49483215e+02, 9.42663452e+02,
    6.14902344e+02, 8.58468140e+02, 6.19109192e+02, 8.80278870e+02,
    6.24190125e+02, 9.01612610e+02, 6.28729126e+02, 9.23329590e+02,
    6.33503845e+02, 9.45178406e+02, 5.99352722e+02, 8.61621704e+02,
    6.03626099e+02, 8.83135803e+02, 6.08145874e+02, 9.04690002e+02,
    6.13044800e+02, 9.26155029e+02, 6.17561340e+02, 9.48147400e+02,
    5.84190735e+02, 8.64900208e+02, 5.88507324e+02, 8.86450623e+02,
    5.92674500e+02, 9.07571899e+02, 5.97299133e+02, 9.29074463e+02,
    6.01753540e+02, 9.50533752e+02 ]
