%YAML:1.0
---
points: [ 1.29876251e+02, 5.53512917e+01, 1.30866516e+02, 6.67776337e+01,
    1.31731567e+02, 7.83167496e+01, 1.32652298e+02, 8.96488190e+01,
    1.33553711e+02, 1.00813232e+02, 1.18751236e+02, 5.52123985e+01,
    1.19585922e+02, 6.67306137e+01, 1.20617249e+02, 7.82481918e+01,
    1.21423424e+02, 8.97095184e+01, 1.22372536e+02, 1.00765831e+02,
    1.07152458e+02, 5.52337532e+01, 1.08195724e+02, 6.67705002e+01,
    1.09250374e+02, 7.81261749e+01, 1.10232735e+02, 8.95848312e+01,
    1.11094307e+02, 1.00783699e+02, 9.61319885e+01, 5.53606796e+01,
    9.66778107e+01, 6.67984238e+01, 9.78648376e+01, 7.83063278e+01,
    9.89007568e+01, 8.97479782e+01, 9.98750381e+01, 1.00952492e+02,
    8.42929840e+01, 5.54455032e+01, 8.54308014e+01, 6.68162918e+01,
    8.64250565e+01, 7.83621674e+01, 8.74957581e+01, 8.98136749e+01,
    8.85374146e+01, 1.01076073e+02, 7.33540649e+01, 5.57140312e+01,
    7.38442307e+01, 6.70324631e+01, 7.49905014e+01, 7.85523376e+01,
    7.60899048e+01, 8.96732559e+01, 7.72043686e+01, 1.01271912e+02,
    6.16448364e+01, 5.57826614e+01, 6.28677483e+01, 6.74699402e+01,
    6.35998459e+01, 7.86064987e+01, 6.46626511e+01, 9.00442657e+01,
    6.57644043e+01, 1.01540680e+02 ]
