%YAML:1.0
---
points: [ 4.19099915e+02, 6.65765457e+01, 4.18755920e+02, 7.87026749e+01,
    4.17814819e+02, 9.12076645e+01, 4.17325958e+02, 1.03442711e+02,
    4.16645599e+02, 1.16109436e+02, 4.10770294e+02, 6.34685936e+01,
    4.09722260e+02, 7.62245102e+01, 4.08935059e+02, 8.86482544e+01,
    4.08186035e+02, 1.01399605e+02, 4.07581848e+02, 1.13975235e+02,
    4.01355591e+02, 6.07307205e+01, 4.00747620e+02, 7.36260910e+01,
    3.99696594e+02, 8.63842773e+01, 3.98951599e+02, 9.90795746e+01,
    3.98044922e+02, 1.12181213e+02, 3.91910370e+02, 5.78850861e+01,
    3.91121246e+02, 7.10314941e+01, 3.90083496e+02, 8.37513428e+01,
    3.89397552e+02, 9.71018906e+01, 3.88674347e+02, 1.10060852e+02,
    3.81821106e+02, 5.50861397e+01, 3.81471375e+02, 6.80652390e+01,
    3.80334259e+02, 8.14011536e+01, 3.79453796e+02, 9.46244507e+01,
    3.78665985e+02, 1.07990417e+02, 3.71844727e+02, 5.17873802e+01,
    3.71070526e+02, 6.51241455e+01, 3.70341553e+02, 7.84473419e+01,
    3.69321472e+02, 9.21377792e+01, 3.68470581e+02, 1.05655830e+02,
    3.61478333e+02, 4.86132088e+01, 3.60856018e+02, 6.23775406e+01,
    3.59889557e+02, 7.59583206e+01, 3.58986511e+02, 8.96232529e+01,
    3.57895844e+02, 1.03414185e+02 ]
