%YAML:1.0
---
points: [ 7.92562988e+02, 1.05956444e+02, 7.94591125e+02, 1.39379013e+02,
    7.96479919e+02, 1.72250504e+02, 7.98332458e+02, 2.04593353e+02,
    8.00447754e+02, 2.36987671e+02, 7.60788696e+02, 1.06063362e+02,
    7.63090454e+02, 1.39651093e+02, 7.65205750e+02, 1.72495651e+02,
    7.67375916e+02, 2.05199265e+02, 7.69461853e+02, 2.37531281e+02,
    7.28665955e+02, 1.06351082e+02, 7.31138184e+02, 1.40027756e+02,
    7.33526611e+02, 1.72920700e+02, 7.35773071e+02, 2.05699371e+02,
    7.38129883e+02, 2.38246796e+02, 6.96858032e+02, 1.06827690e+02,
    6.99322937e+02, 1.40316986e+02, 7.01919983e+02, 1.73293793e+02,
    7.04407654e+02, 2.06239227e+02, 7.06916443e+02, 2.38671021e+02,
    6.64653748e+02, 1.07281708e+02, 6.66951477e+02, 1.40533569e+02,
    6.69740967e+02, 1.73682083e+02, 6.72449646e+02, 2.06526733e+02,
    6.75168030e+02, 2.39176361e+02, 6.32258545e+02, 1.07409904e+02,
    6.34827332e+02, 1.40844681e+02, 6.37857605e+02, 1.74042450e+02,
    6.40516052e+02, 2.06881042e+02, 6.43409241e+02, 2.39582489e+02,
    5.99839539e+02, 1.07603294e+02, 6.02619202e+02, 1.41204895e+02,
    6.05646301e+02, 1.74396149e+02, 6.08492188e+02, 2.07276199e+02,
    6.11552185e+02, 2.39802048e+02 ]
