%YAML:1.0
---
points: [ 1.00155115e+03, 8.46517029e+02, 1.00663983e+03, 8.65599976e+02,
    1.01183258e+03, 8.84528076e+02, 1.01698096e+03, 9.03501587e+02,
    1.02215485e+03, 9.22852844e+02, 9.85450073e+02, 8.49689270e+02,
    9.90521667e+02, 8.68508301e+02, 9.95719299e+02, 8.87160278e+02,
    1.00061646e+03, 9.06255737e+02, 1.00588208e+03, 9.25040527e+02,
    9.69449036e+02, 8.52649292e+02, 9.74520325e+02, 8.71317810e+02,
    9.79513977e+02, 8.89828064e+02, 9.84454468e+02, 9.08599731e+02,
    9.89502991e+02, 9.27694214e+02, 9.53751587e+02, 8.55492126e+02,
    9.58682739e+02, 8.74133362e+02, 9.63875061e+02, 8.92368530e+02,
    9.68625244e+02, 9.11156677e+02, 9.73542480e+02, 9.29888550e+02,
    9.38536499e+02, 8.58471191e+02, 9.43223328e+02, 8.76728088e+02,
    9.48213989e+02, 8.95192932e+02, 9.53056824e+02, 9.13413391e+02,
    9.57717712e+02, 9.32357666e+02, 9.23287415e+02, 8.61108459e+02,
    9.27802368e+02, 8.79584717e+02, 9.32573547e+02, 8.97645447e+02,
    9.37509277e+02, 9.16108276e+02, 9.42358765e+02, 9.34533325e+02,
    9.08368958e+02, 8.63982849e+02, 9.12785400e+02, 8.82232666e+02,
    9.17486206e+02, 9.00373962e+02, 9.22310486e+02, 9.18451477e+02,
    9.26748840e+02, 9.36924622e+02 ]
