%YAML:1.0
---
points: [ 2.14798523e+02, 6.23907394e+01, 2.15580490e+02, 7.38111649e+01,
    2.16215454e+02, 8.47792664e+01, 2.16785400e+02, 9.59025650e+01,
    2.17612000e+02, 1.06814651e+02, 2.04163681e+02, 6.27808533e+01,
    2.04833359e+02, 7.41367188e+01, 2.05641861e+02, 8.50938644e+01,
    2.06469559e+02, 9.61575623e+01, 2.07008636e+02, 1.07039070e+02,
    1.93226685e+02, 6.31994858e+01, 1.94122208e+02, 7.45399933e+01,
    1.95022385e+02, 8.54862213e+01, 1.95715805e+02, 9.63832245e+01,
    1.96509689e+02, 1.07385162e+02, 1.82593582e+02, 6.33705368e+01,
    1.83341309e+02, 7.47222519e+01, 1.84353867e+02, 8.58684845e+01,
    1.85164993e+02, 9.68687210e+01, 1.85974289e+02, 1.07836540e+02,
    1.71733612e+02, 6.35115929e+01, 1.72584717e+02, 7.48500137e+01,
    1.73485550e+02, 8.61451340e+01, 1.74413498e+02, 9.71888733e+01,
    1.75305939e+02, 1.08266457e+02, 1.60825027e+02, 6.39471703e+01,
    1.61725418e+02, 7.53545837e+01, 1.62721664e+02, 8.64332962e+01,
    1.63697754e+02, 9.73795547e+01, 1.64559052e+02, 1.08376266e+02,
    1.49951614e+02, 6.42137909e+01, 1.50995773e+02, 7.56359329e+01,
    1.51909973e+02, 8.67822800e+01, 1.52879532e+02, 9.78419952e+01,
    1.53896957e+02, 1.08751099e+02 ]
