%YAML:1.0
---
points: [ 3.84049408e+02, 2.45307274e+01, 3.87956848e+02, 3.29339066e+01,
    3.91811371e+02, 4.27229271e+01, 3.95809601e+02, 5.20743980e+01,
    3.99896484e+02, 6.22612000e+01, 3.71807892e+02, 3.16865845e+01,
    3.75243195e+02, 4.12412643e+01, 3.78973145e+02, 5.04049835e+01,
    3.82438354e+02, 6.02597275e+01, 3.86341461e+02, 7.01854401e+01,
    3.59635986e+02, 4.00911179e+01, 3.63100067e+02, 4.88320541e+01,
    3.66309143e+02, 5.84583740e+01, 3.69592773e+02, 6.79562378e+01,
    3.73068787e+02, 7.81879883e+01, 3.48307343e+02, 4.75313988e+01,
    3.51056458e+02, 5.66990204e+01, 3.54256134e+02, 6.60240402e+01,
    3.57199646e+02, 7.57207794e+01, 3.60377960e+02, 8.57062454e+01,
    3.36967682e+02, 5.52253418e+01, 3.39487946e+02, 6.40321808e+01,
    3.42259033e+02, 7.37058945e+01, 3.45176880e+02, 8.31109695e+01,
    3.47971161e+02, 9.32737198e+01, 3.26152924e+02, 6.22921028e+01,
    3.28308044e+02, 7.14408951e+01, 3.30870483e+02, 8.05209427e+01,
    3.33449493e+02, 9.02907257e+01, 3.36105743e+02, 1.00302330e+02,
    3.15595398e+02, 6.94951019e+01, 3.17715637e+02, 7.82680969e+01,
    3.19909210e+02, 8.75202789e+01, 3.22210419e+02, 9.71348648e+01,
    3.24553131e+02, 1.06932419e+02 ]
