%YAML:1.0
---
points: [ 2.23137436e+02, 7.05803070e+01, 2.22233643e+02, 8.12850418e+01,
    2.21216858e+02, 9.19818192e+01, 2.20242111e+02, 1.02493881e+02,
    2.19291794e+02, 1.13143265e+02, 2.13156067e+02, 6.85766678e+01,
    2.12167709e+02, 7.96330032e+01, 2.11176346e+02, 9.01754227e+01,
    2.10295700e+02, 1.00890526e+02, 2.09362320e+02, 1.11506142e+02,
    2.02794556e+02, 6.65374908e+01, 2.01761475e+02, 7.77068481e+01,
    2.00825119e+02, 8.85909576e+01, 1.99987671e+02, 9.92178268e+01,
    1.99131073e+02, 1.10020515e+02, 1.92202133e+02, 6.45324020e+01,
    1.91319687e+02, 7.57619247e+01, 1.90446640e+02, 8.66857224e+01,
    1.89496826e+02, 9.75975571e+01, 1.88739212e+02, 1.08411537e+02,
    1.81435608e+02, 6.25950317e+01, 1.80737320e+02, 7.40083084e+01,
    1.79704529e+02, 8.48489151e+01, 1.78934448e+02, 9.57162704e+01,
    1.78145218e+02, 1.06716545e+02, 1.70630188e+02, 6.05475235e+01,
    1.69642441e+02, 7.19463654e+01, 1.68972519e+02, 8.30546875e+01,
    1.68125916e+02, 9.40854111e+01, 1.67310181e+02, 1.05094536e+02,
    1.59296127e+02, 5.83405838e+01, 1.58674011e+02, 6.98041229e+01,
    1.57829132e+02, 8.10619202e+01, 1.57099731e+02, 9.21091690e+01,
    1.56213120e+02, 1.03420952e+02 ]
