%YAML:1.0
---
points: [ 1.17473523e+03, 8.32318726e+02, 1.17479846e+03, 8.52039673e+02,
    1.17465430e+03, 8.71678406e+02, 1.17479407e+03, 8.91729065e+02,
    1.17476770e+03, 9.11872314e+02, 1.15778638e+03, 8.32998657e+02,
    1.15765613e+03, 8.52929565e+02, 1.15756079e+03, 8.72505554e+02,
    1.15754456e+03, 8.92627014e+02, 1.15747656e+03, 9.12719849e+02,
    1.14032593e+03, 8.33576416e+02, 1.14014062e+03, 8.53536987e+02,
    1.13986951e+03, 8.73467163e+02, 1.13996655e+03, 8.93472778e+02,
    1.13955640e+03, 9.13752136e+02, 1.12251123e+03, 8.34099609e+02,
    1.12246021e+03, 8.54385864e+02, 1.12228137e+03, 8.74397705e+02,
    1.12212476e+03, 8.94500488e+02, 1.12223071e+03, 9.14828918e+02,
    1.10478271e+03, 8.34662781e+02, 1.10485901e+03, 8.55000549e+02,
    1.10436084e+03, 8.75232910e+02, 1.10413831e+03, 8.95475891e+02,
    1.10381116e+03, 9.16008484e+02, 1.08657336e+03, 8.35245667e+02,
    1.08654395e+03, 8.55702881e+02, 1.08645276e+03, 8.76138550e+02,
    1.08621472e+03, 8.96559631e+02, 1.08602124e+03, 9.17321838e+02,
    1.06864319e+03, 8.35942078e+02, 1.06858472e+03, 8.56528137e+02,
    1.06842932e+03, 8.76938965e+02, 1.06822949e+03, 8.97505249e+02,
    1.06787524e+03, 9.18289734e+02 ]
