%YAML:1.0
---
points: [ 8.18457947e+02, 1.30303818e+02, 8.15584778e+02, 1.62200974e+02,
    8.12487427e+02, 1.93542358e+02, 8.09561829e+02, 2.24611481e+02,
    8.06554993e+02, 2.55630661e+02, 7.88445618e+02, 1.23834328e+02,
    7.85507996e+02, 1.56294022e+02, 7.82461060e+02, 1.87789383e+02,
    7.79675720e+02, 2.19401154e+02, 7.76728577e+02, 2.50551575e+02,
    7.57416992e+02, 1.17551750e+02, 7.54482178e+02, 1.50152710e+02,
    7.51609680e+02, 1.82287323e+02, 7.48871338e+02, 2.13949677e+02,
    7.45978394e+02, 2.45529221e+02, 7.25720642e+02, 1.11056564e+02,
    7.23100586e+02, 1.43967224e+02, 7.20396362e+02, 1.76412109e+02,
    7.17663086e+02, 2.08485809e+02, 7.15257690e+02, 2.40370987e+02,
    6.93452087e+02, 1.04361771e+02, 6.90797119e+02, 1.37472824e+02,
    6.88194092e+02, 1.70374435e+02, 6.85570984e+02, 2.02732910e+02,
    6.83078308e+02, 2.35176346e+02, 6.60463623e+02, 9.74761047e+01,
    6.58167786e+02, 1.30962662e+02, 6.55492737e+02, 1.64146591e+02,
    6.53145874e+02, 1.97064575e+02, 6.50554932e+02, 2.29553345e+02,
    6.27049316e+02, 9.05946350e+01, 6.24567078e+02, 1.24400185e+02,
    6.22343445e+02, 1.57695892e+02, 6.19901917e+02, 1.91128860e+02,
    6.17678223e+02, 2.24044434e+02 ]
