%YAML:1.0
---
points: [ 1.20553577e+03, 8.31524414e+02, 1.21238684e+03, 8.51098450e+02,
    1.21946777e+03, 8.70596069e+02, 1.22651440e+03, 8.90479309e+02,
    1.23344238e+03, 9.10374512e+02, 1.18997058e+03, 8.34457581e+02,
    1.19695093e+03, 8.53838623e+02, 1.20368384e+03, 8.72854431e+02,
    1.21053748e+03, 8.92427856e+02, 1.21759680e+03, 9.12220398e+02,
    1.17481787e+03, 8.37287903e+02, 1.18151990e+03, 8.56271973e+02,
    1.18846472e+03, 8.75292725e+02, 1.19489270e+03, 8.94537231e+02,
    1.20178052e+03, 9.13811829e+02, 1.15830750e+03, 8.39995667e+02,
    1.16670300e+03, 8.58716858e+02, 1.17361511e+03, 8.77325806e+02,
    1.18016309e+03, 8.96529358e+02, 1.18660449e+03, 9.15812195e+02,
    1.14618555e+03, 8.42427673e+02, 1.15033337e+03, 8.61378479e+02,
    1.15885437e+03, 8.79712402e+02, 1.16358777e+03, 8.98547852e+02,
    1.17174597e+03, 9.17466125e+02, 1.13067554e+03, 8.45068787e+02,
    1.13818823e+03, 8.63459900e+02, 1.14273718e+03, 8.82072815e+02,
    1.15085266e+03, 9.00406006e+02, 1.15695483e+03, 9.19319153e+02,
    1.11942542e+03, 8.47253418e+02, 1.12243518e+03, 8.65926636e+02,
    1.13097461e+03, 8.83798157e+02, 1.13492249e+03, 9.02563171e+02,
    1.14329248e+03, 9.20861023e+02 ]
