%YAML:1.0
---
points: [ 4.27392120e+02, 6.87904053e+01, 4.30497009e+02, 7.98780289e+01,
    4.33393707e+02, 9.16994095e+01, 4.36350555e+02, 1.03101387e+02,
    4.39461945e+02, 1.15210342e+02, 4.15291046e+02, 7.13886261e+01,
    4.18099213e+02, 8.31561356e+01, 4.20909454e+02, 9.44175873e+01,
    4.23827271e+02, 1.06211159e+02, 4.26541626e+02, 1.17822594e+02,
    4.02697174e+02, 7.42490921e+01, 4.05494476e+02, 8.56513062e+01,
    4.08279510e+02, 9.75177536e+01, 4.11129669e+02, 1.09028137e+02,
    4.13893829e+02, 1.20924995e+02, 3.90467529e+02, 7.71691971e+01,
    3.93205078e+02, 8.88821487e+01, 3.95790863e+02, 1.00246986e+02,
    3.98476532e+02, 1.11880508e+02, 4.01247528e+02, 1.23584389e+02,
    3.78180908e+02, 8.04405975e+01, 3.80735626e+02, 9.15591431e+01,
    3.83321716e+02, 1.03296692e+02, 3.85823669e+02, 1.14823944e+02,
    3.88471069e+02, 1.26420555e+02, 3.65886017e+02, 8.32842789e+01,
    3.68400543e+02, 9.46427917e+01, 3.70886688e+02, 1.06087440e+02,
    3.73438019e+02, 1.17678223e+02, 3.76032135e+02, 1.29252151e+02,
    3.53841644e+02, 8.62968140e+01, 3.56343781e+02, 9.74991226e+01,
    3.58771942e+02, 1.08887245e+02, 3.61190216e+02, 1.20412323e+02,
    3.63656250e+02, 1.32040985e+02 ]
