%YAML:1.0
---
points: [ 2.27422119e+02, 8.11245880e+01, 2.24894028e+02, 9.09669113e+01,
    2.22223572e+02, 1.00809578e+02, 2.19864258e+02, 1.10557785e+02,
    2.17326553e+02, 1.20434822e+02, 2.19326920e+02, 7.72726364e+01,
    2.16606201e+02, 8.74393997e+01, 2.13931046e+02, 9.72391586e+01,
    2.11368668e+02, 1.07267738e+02, 2.08755768e+02, 1.17008018e+02,
    2.10564133e+02, 7.33002243e+01, 2.07888107e+02, 8.34870377e+01,
    2.05201004e+02, 9.37273865e+01, 2.02676849e+02, 1.03763603e+02,
    1.99991577e+02, 1.13903305e+02, 2.01609192e+02, 6.91189575e+01,
    1.99003235e+02, 7.95041046e+01, 1.96199158e+02, 8.98367996e+01,
    1.93533615e+02, 1.00158501e+02, 1.91023483e+02, 1.10435745e+02,
    1.92197342e+02, 6.47910995e+01, 1.89766281e+02, 7.54902191e+01,
    1.86962372e+02, 8.59421768e+01, 1.84239761e+02, 9.63244476e+01,
    1.81558777e+02, 1.06863144e+02, 1.82787384e+02, 6.04416237e+01,
    1.80025803e+02, 7.12292786e+01, 1.77324051e+02, 8.19898300e+01,
    1.74610016e+02, 9.24862823e+01, 1.71956726e+02, 1.03138985e+02,
    1.72794907e+02, 5.58732033e+01, 1.70190033e+02, 6.68611145e+01,
    1.67356323e+02, 7.76859055e+01, 1.64724213e+02, 8.85892410e+01,
    1.61915359e+02, 9.94527359e+01 ]
