%YAML:1.0
---
points: [ 8.32917664e+02, 1.61789413e+02, 8.25260193e+02, 1.90867935e+02,
    8.17318787e+02, 2.19658661e+02, 8.09599976e+02, 2.48375366e+02,
    8.01809937e+02, 2.76895416e+02, 8.07923584e+02, 1.49711487e+02,
    7.99953674e+02, 1.79619980e+02, 7.91841187e+02, 2.08685577e+02,
    7.84134033e+02, 2.38076767e+02, 7.76354919e+02, 2.67045441e+02,
    7.81574524e+02, 1.37463287e+02, 7.73499512e+02, 1.67744324e+02,
    7.65293579e+02, 1.97549957e+02, 7.57488525e+02, 2.27349487e+02,
    7.49450500e+02, 2.56893158e+02, 7.54421509e+02, 1.24821907e+02,
    7.46394104e+02, 1.55539902e+02, 7.38049866e+02, 1.85962982e+02,
    7.29914978e+02, 2.16173599e+02, 7.22328125e+02, 2.46486359e+02,
    7.26096008e+02, 1.11676949e+02, 7.18134094e+02, 1.42766876e+02,
    7.09661072e+02, 1.73801437e+02, 7.01514771e+02, 2.04558975e+02,
    6.93380249e+02, 2.35523941e+02, 6.96671814e+02, 9.77459412e+01,
    6.88670776e+02, 1.29858948e+02, 6.80554871e+02, 1.61346527e+02,
    6.72138367e+02, 1.92671783e+02, 6.64049561e+02, 2.24208771e+02,
    6.66529480e+02, 8.37836227e+01, 6.58471313e+02, 1.16382240e+02,
    6.50157104e+02, 1.48292297e+02, 6.41900696e+02, 1.80457092e+02,
    6.33586365e+02, 2.12389236e+02 ]
