%YAML:1.0
---
points: [ 2.52649506e+02, 6.60880814e+01, 2.57240295e+02, 7.57034912e+01,
    2.61840302e+02, 8.49388962e+01, 2.66418884e+02, 9.44714432e+01,
    2.70926758e+02, 1.03899277e+02, 2.45129654e+02, 7.20936432e+01,
    2.49744629e+02, 8.13601532e+01, 2.54371185e+02, 9.07880402e+01,
    2.58854492e+02, 9.99209213e+01, 2.63378693e+02, 1.09322838e+02,
    2.37923645e+02, 7.78783722e+01, 2.42496002e+02, 8.72080383e+01,
    2.47091339e+02, 9.62389145e+01, 2.51509232e+02, 1.05452797e+02,
    2.55877670e+02, 1.14455910e+02, 2.31103424e+02, 8.34909897e+01,
    2.35428101e+02, 9.25379333e+01, 2.40076797e+02, 1.01561180e+02,
    2.44393951e+02, 1.10560509e+02, 2.48792770e+02, 1.19568657e+02,
    2.24516891e+02, 8.89146957e+01, 2.28726212e+02, 9.78626099e+01,
    2.33161804e+02, 1.06738342e+02, 2.37536728e+02, 1.15571648e+02,
    2.41798340e+02, 1.24408554e+02, 2.18087036e+02, 9.42850494e+01,
    2.22205353e+02, 1.02980782e+02, 2.26490326e+02, 1.11767929e+02,
    2.30870514e+02, 1.20275429e+02, 2.35120026e+02, 1.29113205e+02,
    2.11802826e+02, 9.92756958e+01, 2.15860382e+02, 1.07915428e+02,
    2.20100311e+02, 1.16506607e+02, 2.24287567e+02, 1.25080200e+02,
    2.28543060e+02, 1.33491898e+02 ]
