%YAML:1.0
---
points: [ 1.08622302e+03, 7.19704529e+02, 1.09467090e+03, 7.51879395e+02,
    1.10335291e+03, 7.84019226e+02, 1.11211841e+03, 8.16603821e+02,
    1.12077808e+03, 8.49591553e+02, 1.05660889e+03, 7.26520447e+02,
    1.06519434e+03, 7.58307678e+02, 1.07360754e+03, 7.89711243e+02,
    1.08197961e+03, 8.22091736e+02, 1.09070752e+03, 8.54505615e+02,
    1.02774121e+03, 7.33026062e+02, 1.03619080e+03, 7.64319275e+02,
    1.04442749e+03, 7.95605469e+02, 1.05255176e+03, 8.27430847e+02,
    1.06083179e+03, 8.59545776e+02, 1.00007574e+03, 7.39175293e+02,
    1.00772394e+03, 7.70225281e+02, 1.01617102e+03, 8.01070984e+02,
    1.02380640e+03, 8.32520020e+02, 1.03214441e+03, 8.64476440e+02,
    9.72588135e+02, 7.45189636e+02, 9.80180176e+02, 7.75894043e+02,
    9.87957764e+02, 8.06646362e+02, 9.95918518e+02, 8.37519287e+02,
    1.00362140e+03, 8.69352661e+02, 9.45669189e+02, 7.51152100e+02,
    9.53267090e+02, 7.81539246e+02, 9.60545837e+02, 8.12259033e+02,
    9.68404724e+02, 8.42722290e+02, 9.75832947e+02, 8.74076233e+02,
    9.19526978e+02, 7.56901428e+02, 9.26807739e+02, 7.87154724e+02,
    9.33898193e+02, 8.17408691e+02, 9.41447510e+02, 8.47746155e+02,
    9.48839905e+02, 8.78594482e+02 ]
