%YAML:1.0
---
points: [ 9.05106140e+02, 1.18522682e+02, 9.18259460e+02, 1.46808762e+02,
    9.31544128e+02, 1.74862915e+02, 9.44571289e+02, 2.02928085e+02,
    9.57604980e+02, 2.31161682e+02, 8.83651062e+02, 1.35869507e+02,
    8.97155273e+02, 1.63722412e+02, 9.10255249e+02, 1.91290222e+02,
    9.23219543e+02, 2.18837265e+02, 9.36139893e+02, 2.46423630e+02,
    8.63223450e+02, 1.52761581e+02, 8.76447998e+02, 1.80157288e+02,
    8.89458740e+02, 2.07331818e+02, 9.02126770e+02, 2.34411163e+02,
    9.14971375e+02, 2.61566284e+02, 8.43764160e+02, 1.69102982e+02,
    8.56412842e+02, 1.95898117e+02, 8.69481018e+02, 2.22578079e+02,
    8.82165833e+02, 2.49291367e+02, 8.94532654e+02, 2.75987885e+02,
    8.25059570e+02, 1.84846252e+02, 8.36912048e+02, 2.11344757e+02,
    8.49824280e+02, 2.37553955e+02, 8.62421509e+02, 2.63627777e+02,
    8.74755066e+02, 2.90020660e+02, 8.06506470e+02, 2.00089752e+02,
    8.18547424e+02, 2.26143646e+02, 8.30618225e+02, 2.51909943e+02,
    8.43251099e+02, 2.77638153e+02, 8.55515564e+02, 3.03559113e+02,
    7.88567871e+02, 2.14667023e+02, 8.00457520e+02, 2.40378983e+02,
    8.12474243e+02, 2.65650879e+02, 8.24623718e+02, 2.91087219e+02,
    8.36639893e+02, 3.16511749e+02 ]
