%YAML:1.0
---
points: [ 4.33854431e+02, 8.47963028e+01, 4.34777222e+02, 9.58068314e+01,
    4.35414948e+02, 1.07191185e+02, 4.36021759e+02, 1.18294731e+02,
    4.36675781e+02, 1.29888824e+02, 4.25454193e+02, 8.28809586e+01,
    4.25782410e+02, 9.42982254e+01, 4.26437378e+02, 1.05626045e+02,
    4.26985626e+02, 1.17221367e+02, 4.27679535e+02, 1.28759064e+02,
    4.16272003e+02, 8.12947693e+01, 4.16787689e+02, 9.27782440e+01,
    4.17184418e+02, 1.04318771e+02, 4.17810547e+02, 1.15943619e+02,
    4.18187897e+02, 1.27720444e+02, 4.06718109e+02, 7.94560852e+01,
    4.07436157e+02, 9.12260895e+01, 4.07718048e+02, 1.02957733e+02,
    4.08204041e+02, 1.14767212e+02, 4.08757812e+02, 1.26358292e+02,
    3.96912018e+02, 7.78961258e+01, 3.97772003e+02, 8.94944153e+01,
    3.98002502e+02, 1.01554153e+02, 3.98599152e+02, 1.13527260e+02,
    3.98853058e+02, 1.25391296e+02, 3.87224792e+02, 7.61359634e+01,
    3.87718475e+02, 8.82265549e+01, 3.88284821e+02, 9.99822540e+01,
    3.88669189e+02, 1.12125877e+02, 3.88854980e+02, 1.24069710e+02,
    3.77043488e+02, 7.43943253e+01, 3.77803070e+02, 8.65132217e+01,
    3.78118866e+02, 9.84781342e+01, 3.78591431e+02, 1.10727386e+02,
    3.78800262e+02, 1.23113586e+02 ]
