%YAML:1.0
---
points: [ 9.93798157e+02, 1.54871185e+02, 9.95708435e+02, 1.85891159e+02,
    9.97304199e+02, 2.16284195e+02, 9.99018005e+02, 2.46384094e+02,
    1.00067957e+03, 2.76346008e+02, 9.64780701e+02, 1.56300278e+02,
    9.66557129e+02, 1.87580063e+02, 9.68605286e+02, 2.17990814e+02,
    9.70395020e+02, 2.48255783e+02, 9.72179382e+02, 2.78045746e+02,
    9.35391907e+02, 1.57922943e+02, 9.37471130e+02, 1.89270386e+02,
    9.39419434e+02, 2.19723297e+02, 9.41477661e+02, 2.49977875e+02,
    9.43492981e+02, 2.80041687e+02, 9.06023621e+02, 1.59636627e+02,
    9.08320251e+02, 1.90838013e+02, 9.10574341e+02, 2.21472092e+02,
    9.12582214e+02, 2.51587708e+02, 9.14927551e+02, 2.81708527e+02,
    8.76514648e+02, 1.61361618e+02, 8.78842896e+02, 1.92386826e+02,
    8.81271606e+02, 2.23112320e+02, 8.83594788e+02, 2.53446869e+02,
    8.85755371e+02, 2.83438812e+02, 8.46859253e+02, 1.62727310e+02,
    8.49508179e+02, 1.93991714e+02, 8.52007324e+02, 2.24608597e+02,
    8.54460815e+02, 2.55011490e+02, 8.57086060e+02, 2.85326965e+02,
    8.17387512e+02, 1.64434677e+02, 8.20027954e+02, 1.95621307e+02,
    8.22695618e+02, 2.26142609e+02, 8.25441284e+02, 2.56552643e+02,
    8.28104614e+02, 2.86743774e+02 ]
