%YAML:1.0
---
points: [ 6.79600281e+02, 7.16368652e+02, 6.71250732e+02, 7.53185486e+02,
    6.62444641e+02, 7.90049500e+02, 6.53928345e+02, 8.27770813e+02,
    6.44945923e+02, 8.66026489e+02, 6.49573853e+02, 7.12047058e+02,
    6.40339600e+02, 7.49624207e+02, 6.31386169e+02, 7.87483276e+02,
    6.22252869e+02, 8.26234802e+02, 6.12749084e+02, 8.65432312e+02,
    6.17207703e+02, 7.07395386e+02, 6.07613098e+02, 7.45925720e+02,
    5.97796265e+02, 7.85006348e+02, 5.88611328e+02, 8.24516541e+02,
    5.78515320e+02, 8.64816895e+02, 5.83107788e+02, 7.02446106e+02,
    5.73403320e+02, 7.42207764e+02, 5.63068909e+02, 7.82031067e+02,
    5.53043091e+02, 8.22769775e+02, 5.42919678e+02, 8.64443298e+02,
    5.46920593e+02, 6.97230103e+02, 5.36897949e+02, 7.38207214e+02,
    5.25997009e+02, 7.79300903e+02, 5.15362854e+02, 8.20803589e+02,
    5.04477692e+02, 8.63606018e+02, 5.08607178e+02, 6.91636719e+02,
    4.97999298e+02, 7.33690063e+02, 4.87270996e+02, 7.76043396e+02,
    4.75686188e+02, 8.18912720e+02, 4.64606384e+02, 8.62881348e+02,
    4.68753357e+02, 6.85836060e+02, 4.57490479e+02, 7.29136169e+02,
    4.46082367e+02, 7.72569153e+02, 4.34338287e+02, 8.17015503e+02,
    4.22494354e+02, 8.61936462e+02 ]
