%YAML:1.0
---
points: [ 2.82116669e+02, 7.81242294e+01, 2.82771240e+02, 8.82231522e+01,
    2.83388153e+02, 9.87492599e+01, 2.84037750e+02, 1.08967133e+02,
    2.84621613e+02, 1.19187027e+02, 2.72317719e+02, 7.85832825e+01,
    2.72975494e+02, 8.91883087e+01, 2.73618011e+02, 9.93892136e+01,
    2.74285675e+02, 1.09772766e+02, 2.75016571e+02, 1.19827477e+02,
    2.62391663e+02, 7.92756882e+01, 2.63110748e+02, 8.99166718e+01,
    2.63769135e+02, 1.00159218e+02, 2.64564941e+02, 1.10445526e+02,
    2.65246033e+02, 1.20562485e+02, 2.52328445e+02, 7.99124985e+01,
    2.53240494e+02, 9.05542297e+01, 2.54004150e+02, 1.00922386e+02,
    2.54737442e+02, 1.11215508e+02, 2.55488144e+02, 1.21338348e+02,
    2.42400742e+02, 8.06338043e+01, 2.43277618e+02, 9.11878662e+01,
    2.44181610e+02, 1.01727058e+02, 2.44935440e+02, 1.11821915e+02,
    2.45728470e+02, 1.22177101e+02, 2.32334488e+02, 8.13158569e+01,
    2.33364059e+02, 9.18791275e+01, 2.34186340e+02, 1.02330307e+02,
    2.35121613e+02, 1.12638817e+02, 2.36028717e+02, 1.22842255e+02,
    2.22347214e+02, 8.20898209e+01, 2.23314209e+02, 9.26225052e+01,
    2.24338181e+02, 1.02920738e+02, 2.25274292e+02, 1.13346565e+02,
    2.26234222e+02, 1.23549911e+02 ]
