%YAML:1.0
---
points: [ 3.15927002e+02, 9.66737289e+01, 3.16688385e+02, 1.07673737e+02,
    3.17035767e+02, 1.18567116e+02, 3.17700684e+02, 1.29314331e+02,
    3.18229492e+02, 1.40608795e+02, 3.06072540e+02, 9.52712097e+01,
    3.06543823e+02, 1.06493309e+02, 3.06991791e+02, 1.17479836e+02,
    3.07585022e+02, 1.28683563e+02, 3.08145782e+02, 1.40086838e+02,
    2.95814270e+02, 9.41311264e+01, 2.96147797e+02, 1.05326469e+02,
    2.96666962e+02, 1.16615059e+02, 2.97227417e+02, 1.28003998e+02,
    2.97634766e+02, 1.39238602e+02, 2.85221924e+02, 9.28665924e+01,
    2.85827148e+02, 1.04323669e+02, 2.86131653e+02, 1.15707169e+02,
    2.86598877e+02, 1.27034058e+02, 2.87047455e+02, 1.38452850e+02,
    2.74598450e+02, 9.18557053e+01, 2.75140137e+02, 1.03058182e+02,
    2.75478241e+02, 1.14624008e+02, 2.75794739e+02, 1.26046059e+02,
    2.76308838e+02, 1.37698303e+02, 2.63612457e+02, 9.03997574e+01,
    2.64154297e+02, 1.01950844e+02, 2.64577606e+02, 1.13464127e+02,
    2.64927032e+02, 1.25212822e+02, 2.65361511e+02, 1.36917435e+02,
    2.52529556e+02, 8.89958420e+01, 2.52972931e+02, 1.00608482e+02,
    2.53428558e+02, 1.12384743e+02, 2.53743988e+02, 1.23942513e+02,
    2.54215469e+02, 1.35995453e+02 ]
