%YAML:1.0
---
points: [ 9.87696106e+02, 6.45119568e+02, 9.88471130e+02, 6.86773071e+02,
    9.88947144e+02, 7.28475525e+02, 9.89704895e+02, 7.70740845e+02,
    9.90397644e+02, 8.13561401e+02, 9.48490723e+02, 6.45738525e+02,
    9.48797607e+02, 6.87947021e+02, 9.49310303e+02, 7.30065308e+02,
    9.49601318e+02, 7.72849243e+02, 9.50093445e+02, 8.16242065e+02,
    9.07652588e+02, 6.46651978e+02, 9.07931152e+02, 6.89394531e+02,
    9.08190125e+02, 7.32119507e+02, 9.08491089e+02, 7.75340210e+02,
    9.08637390e+02, 8.18875122e+02, 8.66328979e+02, 6.47664185e+02,
    8.66488647e+02, 6.90833557e+02, 8.66465576e+02, 7.33909058e+02,
    8.66559509e+02, 7.77472107e+02, 8.66828979e+02, 8.22103821e+02,
    8.23613586e+02, 6.48713257e+02, 8.23679199e+02, 6.92299377e+02,
    8.23553650e+02, 7.35981812e+02, 8.23421509e+02, 7.80222473e+02,
    8.23373474e+02, 8.24893799e+02, 7.80267212e+02, 6.49564270e+02,
    7.80208557e+02, 6.93735352e+02, 7.79917175e+02, 7.38162048e+02,
    7.79601379e+02, 7.82715210e+02, 7.79420410e+02, 8.28363892e+02,
    7.35601685e+02, 6.50499084e+02, 7.35417542e+02, 6.95420837e+02,
    7.35081726e+02, 7.40182495e+02, 7.34605591e+02, 7.85588013e+02,
    7.34226074e+02, 8.31520508e+02 ]
