%YAML:1.0
---
points: [ 2.89038422e+02, 9.36948166e+01, 2.86730408e+02, 1.03112572e+02,
    2.84301575e+02, 1.12557716e+02, 2.82145142e+02, 1.21876526e+02,
    2.79796600e+02, 1.31147217e+02, 2.81819946e+02, 9.05864334e+01,
    2.79349487e+02, 1.00283531e+02, 2.76971802e+02, 1.09774353e+02,
    2.74654755e+02, 1.19259720e+02, 2.72463348e+02, 1.28697754e+02,
    2.74208679e+02, 8.74492645e+01, 2.71725586e+02, 9.73388519e+01,
    2.69308411e+02, 1.06941872e+02, 2.67013214e+02, 1.16541939e+02,
    2.64646271e+02, 1.26184311e+02, 2.66153778e+02, 8.41626968e+01,
    2.63990570e+02, 9.42022247e+01, 2.61451874e+02, 1.04002563e+02,
    2.59123688e+02, 1.13847572e+02, 2.56873779e+02, 1.23505951e+02,
    2.58080017e+02, 8.10190735e+01, 2.55988449e+02, 9.10093994e+01,
    2.53419327e+02, 1.01009705e+02, 2.51077133e+02, 1.10888779e+02,
    2.48767746e+02, 1.20823746e+02, 2.49842361e+02, 7.74927750e+01,
    2.47536301e+02, 8.77536774e+01, 2.45201767e+02, 9.78212891e+01,
    2.42761703e+02, 1.07869644e+02, 2.40391998e+02, 1.18039619e+02,
    2.41230057e+02, 7.39386749e+01, 2.38941040e+02, 8.43050919e+01,
    2.36634491e+02, 9.46962891e+01, 2.34203796e+02, 1.04753006e+02,
    2.31801270e+02, 1.15201103e+02 ]
