%YAML:1.0
---
points: [ 3.15375122e+02, 7.68826904e+01, 3.16926361e+02, 9.21843338e+01,
    3.18267578e+02, 1.07557854e+02, 3.19745575e+02, 1.22747978e+02,
    3.21228149e+02, 1.37990936e+02, 3.00618164e+02, 7.80288696e+01,
    3.02113892e+02, 9.35636597e+01, 3.03437286e+02, 1.08980293e+02,
    3.04990112e+02, 1.24331978e+02, 3.06351654e+02, 1.39527267e+02,
    2.85473602e+02, 7.94677887e+01, 2.87068939e+02, 9.50440750e+01,
    2.88555206e+02, 1.10534492e+02, 2.90060120e+02, 1.25865280e+02,
    2.91420746e+02, 1.40902481e+02, 2.70439484e+02, 8.10350037e+01,
    2.72124359e+02, 9.63398438e+01, 2.73622681e+02, 1.12043755e+02,
    2.75118073e+02, 1.27291855e+02, 2.76677643e+02, 1.42654984e+02,
    2.55332657e+02, 8.21559982e+01, 2.56996490e+02, 9.77796860e+01,
    2.58503387e+02, 1.13373924e+02, 2.60097229e+02, 1.28719925e+02,
    2.61758911e+02, 1.43996460e+02, 2.39985062e+02, 8.33665390e+01,
    2.41795822e+02, 9.91515427e+01, 2.43386719e+02, 1.14646301e+02,
    2.45038147e+02, 1.30104263e+02, 2.46685486e+02, 1.45463531e+02,
    2.24797211e+02, 8.46940689e+01, 2.26450119e+02, 1.00460892e+02,
    2.28159592e+02, 1.15922844e+02, 2.29924789e+02, 1.31555313e+02,
    2.31670319e+02, 1.46868164e+02 ]
