%YAML:1.0
---
points: [ 1.01637109e+03, 2.01648117e+02, 1.00934473e+03, 2.29522461e+02,
    1.00194073e+03, 2.57052856e+02, 9.95448853e+02, 2.84457458e+02,
    9.88386597e+02, 3.11621277e+02, 9.94441223e+02, 1.92285126e+02,
    9.86942444e+02, 2.20672516e+02, 9.79826477e+02, 2.48551224e+02,
    9.72884094e+02, 2.76447876e+02, 9.65998840e+02, 3.03840240e+02,
    9.71327515e+02, 1.82628174e+02, 9.64012756e+02, 2.11542587e+02,
    9.56642334e+02, 2.39878723e+02, 9.49693970e+02, 2.68042725e+02,
    9.42669189e+02, 2.96290649e+02, 9.47586609e+02, 1.72786667e+02,
    9.40481018e+02, 2.02021561e+02, 9.33115173e+02, 2.30830093e+02,
    9.25961304e+02, 2.59550598e+02, 9.19209839e+02, 2.88112579e+02,
    9.22948669e+02, 1.62669281e+02, 9.16228271e+02, 1.92239670e+02,
    9.08517944e+02, 2.21533417e+02, 9.01472168e+02, 2.50528397e+02,
    8.94444824e+02, 2.79707672e+02, 8.97655823e+02, 1.51817780e+02,
    8.90811523e+02, 1.82257858e+02, 8.83670837e+02, 2.11926178e+02,
    8.76303223e+02, 2.41515411e+02, 8.69365906e+02, 2.71174133e+02,
    8.71775452e+02, 1.41131149e+02, 8.64976440e+02, 1.71710007e+02,
    8.57947021e+02, 2.02042587e+02, 8.50672729e+02, 2.32184052e+02,
    8.43528015e+02, 2.62243317e+02 ]
