%YAML:1.0
---
points: [ 3.24099487e+02, 9.54893112e+01, 3.22733673e+02, 1.10046654e+02,
    3.21156036e+02, 1.24140099e+02, 3.19978119e+02, 1.38283386e+02,
    3.18536102e+02, 1.52443069e+02, 3.12849976e+02, 9.25083084e+01,
    3.11278107e+02, 1.07263550e+02, 3.09861511e+02, 1.21724625e+02,
    3.08429199e+02, 1.36216537e+02, 3.07071594e+02, 1.50578217e+02,
    3.00961517e+02, 8.94372940e+01, 2.99406128e+02, 1.04457825e+02,
    2.97836975e+02, 1.19216042e+02, 2.96479767e+02, 1.33913574e+02,
    2.94978851e+02, 1.48730530e+02, 2.88456299e+02, 8.62682419e+01,
    2.87267639e+02, 1.01545731e+02, 2.85564972e+02, 1.16683235e+02,
    2.84169434e+02, 1.31602600e+02, 2.82900085e+02, 1.46659592e+02,
    2.75657745e+02, 8.29782791e+01, 2.74522491e+02, 9.85130539e+01,
    2.72917908e+02, 1.13956810e+02, 2.71401154e+02, 1.29095474e+02,
    2.70139618e+02, 1.44510986e+02, 2.62417450e+02, 7.94967194e+01,
    2.61120026e+02, 9.53266525e+01, 2.59750793e+02, 1.10908463e+02,
    2.58347992e+02, 1.26690140e+02, 2.56851624e+02, 1.42125595e+02,
    2.48590225e+02, 7.59184647e+01, 2.47441742e+02, 9.20066528e+01,
    2.46179871e+02, 1.08032570e+02, 2.44664230e+02, 1.23898979e+02,
    2.43243042e+02, 1.39948807e+02 ]
