%YAML:1.0
---
points: [ 3.44002991e+02, 9.12741699e+01, 3.42880646e+02, 1.01101501e+02,
    3.41560181e+02, 1.10749985e+02, 3.40444244e+02, 1.20276543e+02,
    3.39283112e+02, 1.29906250e+02, 3.35827148e+02, 8.99617691e+01,
    3.34540131e+02, 9.98567657e+01, 3.33312866e+02, 1.09576714e+02,
    3.32203217e+02, 1.19317383e+02, 3.31019592e+02, 1.28870850e+02,
    3.27266205e+02, 8.85946960e+01, 3.26095184e+02, 9.86907272e+01,
    3.24859894e+02, 1.08525673e+02, 3.23724701e+02, 1.18221909e+02,
    3.22554321e+02, 1.27972519e+02, 3.18651855e+02, 8.72004929e+01,
    3.17551147e+02, 9.73762894e+01, 3.16260254e+02, 1.07414452e+02,
    3.15226837e+02, 1.17134598e+02, 3.14091797e+02, 1.27037758e+02,
    3.09888336e+02, 8.58203430e+01, 3.08879333e+02, 9.60951996e+01,
    3.07612640e+02, 1.06172714e+02, 3.06519714e+02, 1.16122009e+02,
    3.05422089e+02, 1.25920769e+02, 3.00928741e+02, 8.44907150e+01,
    2.99971283e+02, 9.48183517e+01, 2.98870148e+02, 1.04869789e+02,
    2.97802612e+02, 1.14934639e+02, 2.96729492e+02, 1.24883102e+02,
    2.91988647e+02, 8.30935135e+01, 2.90991425e+02, 9.34750900e+01,
    2.90128418e+02, 1.03677849e+02, 2.88884552e+02, 1.13691505e+02,
    2.87879486e+02, 1.23944656e+02 ]
