%YAML:1.0
---
points: [ 1.03040930e+03, 5.61471924e+02, 1.04454272e+03, 6.10266907e+02,
    1.05935242e+03, 6.59107605e+02, 1.07381006e+03, 7.08680481e+02,
    1.08873352e+03, 7.59676025e+02, 9.87400513e+02, 5.75675964e+02,
    1.00147662e+03, 6.23395691e+02, 1.01562170e+03, 6.71229309e+02,
    1.02953052e+03, 7.19731445e+02, 1.04405750e+03, 7.69536804e+02,
    9.46406616e+02, 5.89300110e+02, 9.59885193e+02, 6.36125122e+02,
    9.73386414e+02, 6.82820923e+02, 9.86649841e+02, 7.30775757e+02,
    1.00075922e+03, 7.79512451e+02, 9.07445740e+02, 6.02329529e+02,
    9.20293335e+02, 6.48194458e+02, 9.33494507e+02, 6.94195007e+02,
    9.46411926e+02, 7.40939514e+02, 9.59488281e+02, 7.88894165e+02,
    8.69876526e+02, 6.14760376e+02, 8.81568359e+02, 6.60041931e+02,
    8.94581482e+02, 7.05183350e+02, 9.07073181e+02, 7.51039734e+02,
    9.19618774e+02, 7.97940796e+02, 8.33495056e+02, 6.26748840e+02,
    8.45179321e+02, 6.71157532e+02, 8.56932678e+02, 7.15644104e+02,
    8.69301819e+02, 7.60696411e+02, 8.81370300e+02, 8.07168945e+02,
    7.98538269e+02, 6.38446533e+02, 8.09701294e+02, 6.82028015e+02,
    8.21105835e+02, 7.25710999e+02, 8.32679199e+02, 7.70344788e+02,
    8.44469116e+02, 8.15471924e+02 ]
