%YAML:1.0
---
points: [ 1.17806702e+03, 1.96753677e+02, 1.17443384e+03, 2.25574951e+02,
    1.17029675e+03, 2.54215881e+02, 1.16667761e+03, 2.82318634e+02,
    1.16316296e+03, 3.10415039e+02, 1.15353638e+03, 1.92495148e+02,
    1.14957373e+03, 2.21793381e+02, 1.14566418e+03, 2.50429504e+02,
    1.14219653e+03, 2.78969391e+02, 1.13849670e+03, 3.07295837e+02,
    1.12826257e+03, 1.88378265e+02, 1.12435449e+03, 2.17932663e+02,
    1.12061926e+03, 2.46783188e+02, 1.11714270e+03, 2.75635010e+02,
    1.11329846e+03, 3.03976440e+02, 1.10241736e+03, 1.84154022e+02,
    1.09910425e+03, 2.13783264e+02, 1.09524451e+03, 2.43183945e+02,
    1.09155823e+03, 2.71914917e+02, 1.08840039e+03, 3.00896271e+02,
    1.07628381e+03, 1.79970276e+02, 1.07318726e+03, 2.09635742e+02,
    1.06938831e+03, 2.39359100e+02, 1.06572888e+03, 2.68316986e+02,
    1.06243762e+03, 2.97517761e+02, 1.04962585e+03, 1.75394333e+02,
    1.04660364e+03, 2.05558151e+02, 1.04335962e+03, 2.35250046e+02,
    1.03965161e+03, 2.64764709e+02, 1.03653320e+03, 2.94057037e+02,
    1.02296985e+03, 1.70749664e+02, 1.01990186e+03, 2.01379120e+02,
    1.01676990e+03, 2.31284073e+02, 1.01346118e+03, 2.60935272e+02,
    1.01036615e+03, 2.90598846e+02 ]
