%YAML:1.0
---
points: [ 1.31338208e+03, 3.84262352e+01, 1.32135352e+03, 7.64125748e+01,
    1.32867578e+03, 1.14153786e+02, 1.33646924e+03, 1.51339066e+02,
    1.34376721e+03, 1.88563370e+02, 1.27540430e+03, 5.06243019e+01,
    1.28322778e+03, 8.85846481e+01, 1.29084070e+03, 1.25882980e+02,
    1.29844824e+03, 1.62859177e+02, 1.30621423e+03, 1.99577530e+02,
    1.23765588e+03, 6.31296768e+01, 1.24556055e+03, 1.00696533e+02,
    1.25343359e+03, 1.37707764e+02, 1.26095300e+03, 1.74314636e+02,
    1.26861877e+03, 2.10739700e+02, 1.20118152e+03, 7.54109268e+01,
    1.20911353e+03, 1.12504349e+02, 1.21686243e+03, 1.49220627e+02,
    1.22454614e+03, 1.85452728e+02, 1.23249219e+03, 2.21411789e+02,
    1.16488708e+03, 8.76450577e+01, 1.17296252e+03, 1.24192795e+02,
    1.18074475e+03, 1.60573883e+02, 1.18862000e+03, 1.96368851e+02,
    1.19629785e+03, 2.32187164e+02, 1.12950330e+03, 9.94611893e+01,
    1.13763257e+03, 1.35558395e+02, 1.14557971e+03, 1.71477692e+02,
    1.15359131e+03, 2.07150970e+02, 1.16141821e+03, 2.42401886e+02,
    1.09505713e+03, 1.10750534e+02, 1.10308423e+03, 1.46730865e+02,
    1.11131726e+03, 1.82140854e+02, 1.11922095e+03, 2.17403305e+02,
    1.12718945e+03, 2.52275269e+02 ]
