%YAML:1.0
---
points: [ 3.93477783e+02, 3.87710876e+01, 3.96548859e+02, 5.09878120e+01,
    3.99401520e+02, 6.34931068e+01, 4.02221130e+02, 7.58181534e+01,
    4.04984863e+02, 8.83006516e+01, 3.81105499e+02, 4.23791351e+01,
    3.83757782e+02, 5.52020149e+01, 3.86735138e+02, 6.72684479e+01,
    3.89590729e+02, 7.97143021e+01, 3.92199829e+02, 9.18227386e+01,
    3.68156830e+02, 4.66887627e+01, 3.71277496e+02, 5.90305367e+01,
    3.74148071e+02, 7.15727463e+01, 3.76852356e+02, 8.34554825e+01,
    3.79606995e+02, 9.56415634e+01, 3.55987396e+02, 5.03746376e+01,
    3.58752594e+02, 6.27623138e+01, 3.61646179e+02, 7.52086334e+01,
    3.64396606e+02, 8.75040359e+01, 3.67154480e+02, 9.95169220e+01,
    3.43543549e+02, 5.46120605e+01, 3.46547943e+02, 6.69031906e+01,
    3.49366669e+02, 7.91142044e+01, 3.52135162e+02, 9.11107635e+01,
    3.54939606e+02, 1.03138489e+02, 3.31625641e+02, 5.85930786e+01,
    3.34420471e+02, 7.10623550e+01, 3.37264496e+02, 8.28208771e+01,
    3.40059265e+02, 9.47279358e+01, 3.42810028e+02, 1.06703705e+02,
    3.19673309e+02, 6.26159706e+01, 3.22651886e+02, 7.47957840e+01,
    3.25393127e+02, 8.66752090e+01, 3.28228851e+02, 9.84291000e+01,
    3.31067169e+02, 1.10276360e+02 ]
