%YAML:1.0
---
points: [ 2.79316620e+02, 6.03325806e+01, 2.85180817e+02, 7.51598129e+01,
    2.91064087e+02, 8.99744263e+01, 2.96867279e+02, 1.05014679e+02,
    3.02766602e+02, 1.19983734e+02, 2.66023895e+02, 6.87797852e+01,
    2.71913391e+02, 8.34959717e+01, 2.77614044e+02, 9.79258270e+01,
    2.83387756e+02, 1.12710693e+02, 2.89075775e+02, 1.27380165e+02,
    2.53392548e+02, 7.70382309e+01, 2.59096252e+02, 9.14869308e+01,
    2.64763550e+02, 1.05763618e+02, 2.70245758e+02, 1.20150497e+02,
    2.75866943e+02, 1.34554260e+02, 2.41481537e+02, 8.50727158e+01,
    2.46943924e+02, 9.90484009e+01, 2.52540604e+02, 1.13129059e+02,
    2.57898987e+02, 1.27155128e+02, 2.63303925e+02, 1.41328873e+02,
    2.30056427e+02, 9.26057892e+01, 2.35131226e+02, 1.06386787e+02,
    2.40624542e+02, 1.20134056e+02, 2.46012482e+02, 1.33846283e+02,
    2.51316086e+02, 1.47702240e+02, 2.18957581e+02, 9.98896790e+01,
    2.24019623e+02, 1.13371712e+02, 2.29183533e+02, 1.26779900e+02,
    2.34498199e+02, 1.40207611e+02, 2.39655624e+02, 1.53975540e+02,
    2.08274261e+02, 1.06724800e+02, 2.13330917e+02, 1.20093521e+02,
    2.18246185e+02, 1.33085281e+02, 2.23388977e+02, 1.46490295e+02,
    2.28492966e+02, 1.59665909e+02 ]
