%YAML:1.0
---
points: [ 9.93650269e+02, 3.40531097e+02, 1.00740753e+03, 3.83705444e+02,
    1.02154663e+03, 4.27193085e+02, 1.03561572e+03, 4.71158295e+02,
    1.04993518e+03, 5.15763550e+02, 9.56416260e+02, 3.59374023e+02,
    9.70247681e+02, 4.01824432e+02, 9.83868896e+02, 4.44329865e+02,
    9.97482178e+02, 4.87450531e+02, 1.01146600e+03, 5.31163330e+02,
    9.21118469e+02, 3.77632324e+02, 9.34331421e+02, 4.19388733e+02,
    9.47552429e+02, 4.60944489e+02, 9.60528503e+02, 5.03347931e+02,
    9.74152161e+02, 5.46160156e+02, 8.87609985e+02, 3.95071350e+02,
    9.00202209e+02, 4.35767181e+02, 9.13254211e+02, 4.76729218e+02,
    9.25789673e+02, 5.18130188e+02, 9.38517456e+02, 5.60318970e+02,
    8.55429504e+02, 4.11797485e+02, 8.67116638e+02, 4.51764771e+02,
    8.79635925e+02, 4.91973389e+02, 8.91996826e+02, 5.32496460e+02,
    9.04394470e+02, 5.73843140e+02, 8.24354492e+02, 4.27659454e+02,
    8.35717285e+02, 4.67038147e+02, 8.47548340e+02, 5.06385193e+02,
    8.59612732e+02, 5.46399414e+02, 8.71487183e+02, 5.87124878e+02,
    7.94446716e+02, 4.42852020e+02, 8.05545715e+02, 4.81526550e+02,
    8.16645569e+02, 5.20348511e+02, 8.28261292e+02, 5.59490662e+02,
    8.39714600e+02, 5.99406494e+02 ]
