%YAML:1.0
---
points: [ 1.00001233e+03, 3.88261414e+02, 1.02385211e+03, 4.27669006e+02,
    1.04721399e+03, 4.65439880e+02, 1.06971265e+03, 5.02604980e+02,
    1.09180872e+03, 5.39025269e+02, 9.61841675e+02, 4.06782745e+02,
    9.86091003e+02, 4.44902985e+02, 1.00933990e+03, 4.81568298e+02,
    1.03189832e+03, 5.17587830e+02, 1.05409924e+03, 5.52597290e+02,
    9.25432068e+02, 4.24400635e+02, 9.49664734e+02, 4.61461243e+02,
    9.72935608e+02, 4.97039978e+02, 9.95507874e+02, 5.32213562e+02,
    1.01768359e+03, 5.66300171e+02, 8.91001160e+02, 4.40802002e+02,
    9.14835999e+02, 4.77102997e+02, 9.38440369e+02, 5.11494568e+02,
    9.60744202e+02, 5.45702576e+02, 9.82947754e+02, 5.79384888e+02,
    8.57652710e+02, 4.56671692e+02, 8.81377502e+02, 4.92345062e+02,
    9.04693115e+02, 5.25840515e+02, 9.27441772e+02, 5.58896912e+02,
    9.49424683e+02, 5.91671021e+02, 8.25673218e+02, 4.71858398e+02,
    8.49495300e+02, 5.06441925e+02, 8.72536011e+02, 5.39755554e+02,
    8.95244751e+02, 5.71882019e+02, 9.17334167e+02, 6.03877441e+02,
    7.94923767e+02, 4.86552094e+02, 8.18644836e+02, 5.20447754e+02,
    8.41571411e+02, 5.52785889e+02, 8.64196960e+02, 5.84476929e+02,
    8.86254700e+02, 6.15595764e+02 ]
