%YAML:1.0
---
points: [ 1.04122107e+03, 1.20542473e+02, 1.04451440e+03, 1.56750946e+02,
    1.04781128e+03, 1.92471481e+02, 1.05104565e+03, 2.27844116e+02,
    1.05433875e+03, 2.62671753e+02, 1.00701746e+03, 1.24721985e+02,
    1.01061517e+03, 1.61231125e+02, 1.01400214e+03, 1.96738892e+02,
    1.01751947e+03, 2.32012573e+02, 1.02105530e+03, 2.66660370e+02,
    9.72672913e+02, 1.29152267e+02, 9.76423157e+02, 1.65477310e+02,
    9.80231262e+02, 2.01005524e+02, 9.83890686e+02, 2.35860626e+02,
    9.87377380e+02, 2.70794373e+02, 9.38684692e+02, 1.33577927e+02,
    9.42798096e+02, 1.69555191e+02, 9.46753906e+02, 2.04998856e+02,
    9.50419739e+02, 2.39928391e+02, 9.54404541e+02, 2.74827911e+02,
    9.04981628e+02, 1.38002045e+02, 9.08756226e+02, 1.73561783e+02,
    9.12958496e+02, 2.09084167e+02, 9.17158752e+02, 2.44112457e+02,
    9.21187134e+02, 2.78635559e+02, 8.70937927e+02, 1.41911545e+02,
    8.75355774e+02, 1.77643280e+02, 8.79662231e+02, 2.12983383e+02,
    8.83956482e+02, 2.47881058e+02, 8.88087830e+02, 2.82473358e+02,
    8.37452698e+02, 1.45864777e+02, 8.41958496e+02, 1.81703018e+02,
    8.46396118e+02, 2.16828506e+02, 8.50758850e+02, 2.51578476e+02,
    8.55168457e+02, 2.86292450e+02 ]
