%YAML:1.0
---
points: [ 3.00911316e+02, 6.58942947e+01, 3.02235229e+02, 7.83227539e+01,
    3.03327759e+02, 9.03531189e+01, 3.04531067e+02, 1.02299820e+02,
    3.05779510e+02, 1.14024124e+02, 2.89439453e+02, 6.76690216e+01,
    2.90694458e+02, 8.00895538e+01, 2.91875183e+02, 9.18451462e+01,
    2.93161407e+02, 1.03933273e+02, 2.94282898e+02, 1.15626419e+02,
    2.77737152e+02, 6.94846954e+01, 2.79114044e+02, 8.14973831e+01,
    2.80389679e+02, 9.35781860e+01, 2.81609924e+02, 1.05447952e+02,
    2.82975647e+02, 1.17150291e+02, 2.66219391e+02, 7.10030975e+01,
    2.67614838e+02, 8.31879120e+01, 2.69014130e+02, 9.51019363e+01,
    2.70273590e+02, 1.07033783e+02, 2.71661591e+02, 1.18756516e+02,
    2.54768616e+02, 7.26860046e+01, 2.56108124e+02, 8.46981354e+01,
    2.57526337e+02, 9.67248230e+01, 2.58951416e+02, 1.08565475e+02,
    2.60277557e+02, 1.20187019e+02, 2.43204590e+02, 7.40922852e+01,
    2.44724442e+02, 8.65206604e+01, 2.46267685e+02, 9.81916885e+01,
    2.47691284e+02, 1.10076660e+02, 2.49172058e+02, 1.21692398e+02,
    2.31776688e+02, 7.57495880e+01, 2.33265198e+02, 8.78192062e+01,
    2.34891510e+02, 9.96968384e+01, 2.36379013e+02, 1.11366951e+02,
    2.37946060e+02, 1.23227470e+02 ]
