%YAML:1.0
---
points: [ 3.15379089e+02, 7.72780304e+01, 3.17019379e+02, 9.24446259e+01,
    3.18371002e+02, 1.07739647e+02, 3.19901062e+02, 1.22976349e+02,
    3.21419434e+02, 1.38141434e+02, 3.00660126e+02, 7.83264618e+01,
    3.02129181e+02, 9.40171280e+01, 3.03620514e+02, 1.09240677e+02,
    3.05161346e+02, 1.24734001e+02, 3.06638031e+02, 1.39768265e+02,
    2.85522003e+02, 7.99364700e+01, 2.87158813e+02, 9.55513458e+01,
    2.88717468e+02, 1.10933670e+02, 2.90246887e+02, 1.26152855e+02,
    2.91750610e+02, 1.41282837e+02, 2.70553131e+02, 8.13863220e+01,
    2.72234772e+02, 9.68314896e+01, 2.73798035e+02, 1.12449043e+02,
    2.75360748e+02, 1.27655075e+02, 2.77042816e+02, 1.42975800e+02,
    2.55405853e+02, 8.28215332e+01, 2.57120575e+02, 9.82145386e+01,
    2.58820404e+02, 1.13995323e+02, 2.60384064e+02, 1.29210983e+02,
    2.62028717e+02, 1.44465439e+02, 2.40158997e+02, 8.41724548e+01,
    2.42004547e+02, 9.98759995e+01, 2.43687042e+02, 1.15304710e+02,
    2.45338852e+02, 1.30770538e+02, 2.47014526e+02, 1.46071365e+02,
    2.24962830e+02, 8.53247452e+01, 2.26771240e+02, 1.01191864e+02,
    2.28522293e+02, 1.16740990e+02, 2.30364487e+02, 1.32219421e+02,
    2.32032700e+02, 1.47486328e+02 ]
