%YAML:1.0
---
points: [ 5.14393433e+02, 4.53339447e+02, 5.21277466e+02, 4.95433167e+02,
    5.27663025e+02, 5.35225708e+02, 5.33812805e+02, 5.74037415e+02,
    5.39641968e+02, 6.11510498e+02, 4.64540955e+02, 4.54501801e+02,
    4.72418610e+02, 4.96619843e+02, 4.80149353e+02, 5.36674744e+02,
    4.87133118e+02, 5.75546265e+02, 4.94067657e+02, 6.13040100e+02,
    4.13580505e+02, 4.55313354e+02, 4.22802368e+02, 4.97713226e+02,
    4.31447083e+02, 5.38197571e+02, 4.39393494e+02, 5.77360535e+02,
    4.47343506e+02, 6.14937927e+02, 3.62843048e+02, 4.55981323e+02,
    3.72723083e+02, 4.98847198e+02, 3.82509308e+02, 5.39418335e+02,
    3.91571014e+02, 5.78840881e+02, 4.00372406e+02, 6.17273621e+02,
    3.11179901e+02, 4.56712738e+02, 3.21876801e+02, 5.00331238e+02,
    3.32605560e+02, 5.40903259e+02, 3.42884247e+02, 5.80532227e+02,
    3.52448303e+02, 6.18897766e+02, 2.58989929e+02, 4.57551361e+02,
    2.70893829e+02, 5.01382996e+02, 2.82338959e+02, 5.42779175e+02,
    2.93595306e+02, 5.82385864e+02, 3.04357361e+02, 6.21191833e+02,
    2.06602325e+02, 4.58694550e+02, 2.19454742e+02, 5.02612152e+02,
    2.31972534e+02, 5.44471680e+02, 2.44121628e+02, 5.84517334e+02,
    2.55713242e+02, 6.23314880e+02 ]
