%YAML:1.0
---
points: [ 3.11552155e+02, 8.22641907e+01, 3.09795044e+02, 9.36807861e+01,
    3.07854279e+02, 1.04930450e+02, 3.06105652e+02, 1.16154037e+02,
    3.04269623e+02, 1.27244392e+02, 3.02270630e+02, 7.97521515e+01,
    3.00357758e+02, 9.13984375e+01, 2.98424011e+02, 1.02784805e+02,
    2.96724304e+02, 1.14183067e+02, 2.94832550e+02, 1.25408798e+02,
    2.92493500e+02, 7.73857193e+01, 2.90666016e+02, 8.91641998e+01,
    2.88809479e+02, 1.00667435e+02, 2.87018372e+02, 1.12136124e+02,
    2.85223389e+02, 1.23618980e+02, 2.82642731e+02, 7.47950134e+01,
    2.80861389e+02, 8.68241196e+01, 2.78958221e+02, 9.85521851e+01,
    2.77180847e+02, 1.10095909e+02, 2.75502380e+02, 1.21723373e+02,
    2.72327545e+02, 7.23751450e+01, 2.70750580e+02, 8.42176208e+01,
    2.68871582e+02, 9.62323837e+01, 2.67051056e+02, 1.07923134e+02,
    2.65363739e+02, 1.19736237e+02, 2.61859924e+02, 6.94402313e+01,
    2.60288971e+02, 8.18045425e+01, 2.58572174e+02, 9.37928009e+01,
    2.56834595e+02, 1.05837357e+02, 2.55116119e+02, 1.17674438e+02,
    2.51163422e+02, 6.68142471e+01, 2.49537170e+02, 7.90225754e+01,
    2.48009918e+02, 9.14029312e+01, 2.46198425e+02, 1.03473763e+02,
    2.44573944e+02, 1.15625908e+02 ]
