%YAML:1.0
---
points: [ 1.07483643e+03, 1.68774567e+02, 1.06941296e+03, 2.02568390e+02,
    1.06359131e+03, 2.35585693e+02, 1.05826819e+03, 2.68452179e+02,
    1.05262781e+03, 3.01173676e+02, 1.04695581e+03, 1.61240219e+02,
    1.04117542e+03, 1.95576035e+02, 1.03542810e+03, 2.29040955e+02,
    1.02979431e+03, 2.62299652e+02, 1.02441260e+03, 2.95316376e+02,
    1.01775293e+03, 1.53536728e+02, 1.01209595e+03, 1.88230591e+02,
    1.00635632e+03, 2.22458069e+02, 1.00103125e+03, 2.55935226e+02,
    9.95535034e+02, 2.89496094e+02, 9.87680176e+02, 1.45514481e+02,
    9.82389221e+02, 1.80715088e+02, 9.76597778e+02, 2.15283066e+02,
    9.71318054e+02, 2.49521011e+02, 9.66339050e+02, 2.83398163e+02,
    9.56929016e+02, 1.37576614e+02, 9.51921814e+02, 1.72810181e+02,
    9.46275330e+02, 2.08164551e+02, 9.40788574e+02, 2.42693039e+02,
    9.35691650e+02, 2.77192322e+02, 9.25433777e+02, 1.29078445e+02,
    9.20453857e+02, 1.65256256e+02, 9.15396118e+02, 2.00687820e+02,
    9.09948364e+02, 2.35774521e+02, 9.04823486e+02, 2.70781769e+02,
    8.93181335e+02, 1.20367653e+02, 8.88383911e+02, 1.56829361e+02,
    8.83355347e+02, 1.92849152e+02, 8.78350342e+02, 2.28753021e+02,
    8.73274353e+02, 2.64136810e+02 ]
