%YAML:1.0
---
points: [ 2.19607361e+02, 6.21722946e+01, 2.20009521e+02, 7.88017731e+01,
    2.20299728e+02, 9.54890747e+01, 2.20515991e+02, 1.11728333e+02,
    2.20824173e+02, 1.28372498e+02, 2.03765015e+02, 6.05914078e+01,
    2.03886185e+02, 7.76677017e+01, 2.04257935e+02, 9.42035751e+01,
    2.04525314e+02, 1.11062004e+02, 2.04884064e+02, 1.27330139e+02,
    1.86918427e+02, 5.89151382e+01, 1.87363892e+02, 7.60881577e+01,
    1.87734283e+02, 9.30315552e+01, 1.88146362e+02, 1.09821136e+02,
    1.88345184e+02, 1.26572830e+02, 1.70049805e+02, 5.73703613e+01,
    1.70190826e+02, 7.46351776e+01, 1.70742691e+02, 9.17773056e+01,
    1.71163986e+02, 1.08887672e+02, 1.71601059e+02, 1.25821388e+02,
    1.52423340e+02, 5.57046814e+01, 1.53133957e+02, 7.32859879e+01,
    1.53317780e+02, 9.05102692e+01, 1.53762665e+02, 1.07830734e+02,
    1.54507874e+02, 1.24998177e+02, 1.34691376e+02, 5.41515656e+01,
    1.34718353e+02, 7.18019485e+01, 1.35375748e+02, 8.91703033e+01,
    1.35838928e+02, 1.06735847e+02, 1.36359131e+02, 1.24229874e+02,
    1.16323067e+02, 5.26198997e+01, 1.16903015e+02, 7.03467560e+01,
    1.17102417e+02, 8.79698563e+01, 1.17474342e+02, 1.05596230e+02,
    1.18066856e+02, 1.23426575e+02 ]
