%YAML:1.0
---
points: [ 1.08392908e+03, 2.99844452e+02, 1.08546692e+03, 3.55350830e+02,
    1.08668628e+03, 4.09217407e+02, 1.08834705e+03, 4.62501251e+02,
    1.08991064e+03, 5.15004456e+02, 1.03028394e+03, 3.02383270e+02,
    1.03217749e+03, 3.58151978e+02, 1.03391394e+03, 4.12270386e+02,
    1.03589771e+03, 4.65547241e+02, 1.03795166e+03, 5.18085754e+02,
    9.75784973e+02, 3.04763611e+02, 9.78385071e+02, 3.60700287e+02,
    9.80660400e+02, 4.15110138e+02, 9.83167603e+02, 4.68486572e+02,
    9.85428833e+02, 5.21233948e+02, 9.21467102e+02, 3.07433746e+02,
    9.24497070e+02, 3.63310333e+02, 9.27404785e+02, 4.17760956e+02,
    9.30158264e+02, 4.71303406e+02, 9.33098938e+02, 5.24424011e+02,
    8.66209045e+02, 3.09720337e+02, 8.69753296e+02, 3.65854218e+02,
    8.73264099e+02, 4.20551056e+02, 8.76453247e+02, 4.74392822e+02,
    8.79638428e+02, 5.27463623e+02, 8.10743591e+02, 3.11894409e+02,
    8.14690613e+02, 3.68365051e+02, 8.18703064e+02, 4.23399170e+02,
    8.22566650e+02, 4.77303894e+02, 8.26380981e+02, 5.30622620e+02,
    7.54699036e+02, 3.14077789e+02, 7.59390930e+02, 3.70765594e+02,
    7.63864929e+02, 4.25947723e+02, 7.68362244e+02, 4.80353607e+02,
    7.72454834e+02, 5.33872620e+02 ]
