%YAML:1.0
---
points: [ 1.51650238e+02, 1.12703499e+02, 1.53788574e+02, 1.26582581e+02,
    1.56123108e+02, 1.40243500e+02, 1.58475647e+02, 1.54002106e+02,
    1.60563034e+02, 1.67646835e+02, 1.37829422e+02, 1.14509033e+02,
    1.40260422e+02, 1.28558624e+02, 1.42585159e+02, 1.42045242e+02,
    1.44824554e+02, 1.55862335e+02, 1.47090698e+02, 1.69472580e+02,
    1.24055222e+02, 1.16553772e+02, 1.26416267e+02, 1.30347488e+02,
    1.28788666e+02, 1.44077698e+02, 1.31013672e+02, 1.57732483e+02,
    1.33333832e+02, 1.71363510e+02, 1.10378250e+02, 1.18417213e+02,
    1.12693329e+02, 1.32268829e+02, 1.15042030e+02, 1.46059982e+02,
    1.17375809e+02, 1.59651352e+02, 1.19716042e+02, 1.73470108e+02,
    9.68948288e+01, 1.20537468e+02, 9.89523163e+01, 1.34231750e+02,
    1.01390404e+02, 1.48088379e+02, 1.03583481e+02, 1.61583923e+02,
    1.05903870e+02, 1.75406097e+02, 8.32009201e+01, 1.22525871e+02,
    8.52841110e+01, 1.36394623e+02, 8.75345459e+01, 1.50037292e+02,
    8.98781204e+01, 1.63612503e+02, 9.22384949e+01, 1.77357605e+02,
    6.96833038e+01, 1.24684525e+02, 7.16934891e+01, 1.38329025e+02,
    7.39167099e+01, 1.51979691e+02, 7.63363419e+01, 1.65611618e+02,
    7.85062256e+01, 1.79272797e+02 ]
