%YAML:1.0
---
points: [ 3.28153198e+02, 1.26467667e+02, 3.28726685e+02, 1.45358200e+02,
    3.29098602e+02, 1.63759506e+02, 3.29714783e+02, 1.81824814e+02,
    3.30071838e+02, 1.99903122e+02, 3.10074799e+02, 1.27537125e+02,
    3.10691406e+02, 1.46619507e+02, 3.11199829e+02, 1.65003235e+02,
    3.12040100e+02, 1.83196411e+02, 3.12415802e+02, 2.00975739e+02,
    2.91609497e+02, 1.28856628e+02, 2.92320374e+02, 1.47913422e+02,
    2.93175537e+02, 1.66331268e+02, 2.93940430e+02, 1.84469391e+02,
    2.94627930e+02, 2.02339706e+02, 2.73149597e+02, 1.30070541e+02,
    2.74211151e+02, 1.49129883e+02, 2.74924042e+02, 1.67491196e+02,
    2.75892792e+02, 1.85715363e+02, 2.76934753e+02, 2.03493561e+02,
    2.54735291e+02, 1.31262329e+02, 2.55783356e+02, 1.50075424e+02,
    2.56978180e+02, 1.68761261e+02, 2.57979095e+02, 1.86798782e+02,
    2.59091644e+02, 2.04935776e+02, 2.36070435e+02, 1.32180145e+02,
    2.37395096e+02, 1.51389969e+02, 2.38531372e+02, 1.69829590e+02,
    2.39767975e+02, 1.88255203e+02, 2.40866455e+02, 2.06029922e+02,
    2.17261368e+02, 1.33153152e+02, 2.18740570e+02, 1.52379929e+02,
    2.20274017e+02, 1.70955292e+02, 2.21736954e+02, 1.89512985e+02,
    2.23049057e+02, 2.07458923e+02 ]
