%YAML:1.0
---
points: [ 5.74610168e+02, 4.99552307e+02, 5.58579773e+02, 5.34852051e+02,
    5.42609131e+02, 5.69281372e+02, 5.27287842e+02, 6.03113525e+02,
    5.11802979e+02, 6.36501953e+02, 5.32538269e+02, 4.90221222e+02,
    5.16437134e+02, 5.26301392e+02, 5.00543304e+02, 5.61333008e+02,
    4.85001617e+02, 5.96321167e+02, 4.69775452e+02, 6.30125671e+02,
    4.87714355e+02, 4.79533081e+02, 4.71551544e+02, 5.16828308e+02,
    4.55744385e+02, 5.53060852e+02, 4.40612122e+02, 5.88859985e+02,
    4.25288940e+02, 6.23765259e+02, 4.40629425e+02, 4.68335876e+02,
    4.24602081e+02, 5.07026642e+02, 4.08964813e+02, 5.44243286e+02,
    3.93624054e+02, 5.80979065e+02, 3.78648254e+02, 6.17507263e+02,
    3.90652618e+02, 4.56305359e+02, 3.74746338e+02, 4.96651672e+02,
    3.59408264e+02, 5.34731995e+02, 3.44370605e+02, 5.72564880e+02,
    3.29393616e+02, 6.09933655e+02, 3.38005157e+02, 4.43775940e+02,
    3.22447876e+02, 4.85367188e+02, 3.07410889e+02, 5.25314575e+02,
    2.92372131e+02, 5.64307800e+02, 2.77974762e+02, 6.02760742e+02,
    2.82746826e+02, 4.30641388e+02, 2.67550964e+02, 4.73645050e+02,
    2.52740067e+02, 5.15183777e+02, 2.38384918e+02, 5.55464783e+02,
    2.24064636e+02, 5.95241699e+02 ]
