%YAML:1.0
---
points: [ 3.37395508e+02, 1.42953995e+02, 3.34319427e+02, 1.60202255e+02,
    3.31031403e+02, 1.77148087e+02, 3.28222198e+02, 1.93760452e+02,
    3.25277771e+02, 2.10213516e+02, 3.23483093e+02, 1.40359299e+02,
    3.20224304e+02, 1.57974609e+02, 3.16959747e+02, 1.75035065e+02,
    3.14052094e+02, 1.92171402e+02, 3.11092163e+02, 2.08786041e+02,
    3.08657532e+02, 1.37488205e+02, 3.05416718e+02, 1.55572174e+02,
    3.02243378e+02, 1.73012024e+02, 2.99434204e+02, 1.90407669e+02,
    2.96421783e+02, 2.07525864e+02, 2.93150513e+02, 1.34563324e+02,
    2.90308533e+02, 1.52962814e+02, 2.87041046e+02, 1.70957245e+02,
    2.84117706e+02, 1.88579071e+02, 2.81409607e+02, 2.06142517e+02,
    2.77109009e+02, 1.31628052e+02, 2.74427704e+02, 1.50282837e+02,
    2.71251648e+02, 1.68779037e+02, 2.68305328e+02, 1.86534409e+02,
    2.65553162e+02, 2.04592773e+02, 2.60452087e+02, 1.28247971e+02,
    2.57717255e+02, 1.47606644e+02, 2.54895065e+02, 1.66325745e+02,
    2.51886444e+02, 1.84772217e+02, 2.49252869e+02, 2.03047913e+02,
    2.43124268e+02, 1.24804169e+02, 2.40436752e+02, 1.44591141e+02,
    2.37715302e+02, 1.63848343e+02, 2.35096817e+02, 1.82758484e+02,
    2.32263794e+02, 2.01363373e+02 ]
