%YAML:1.0
---
points: [ 1.11677356e+03, 3.48522675e+02, 1.10770288e+03, 3.98907166e+02,
    1.09820886e+03, 4.48471985e+02, 1.08972852e+03, 4.97378845e+02,
    1.08082239e+03, 5.45635010e+02, 1.07440649e+03, 3.40057373e+02,
    1.06475220e+03, 3.91632477e+02, 1.05546326e+03, 4.41827789e+02,
    1.04667188e+03, 4.91776794e+02, 1.03805798e+03, 5.41019043e+02,
    1.02912659e+03, 3.31067413e+02, 1.01988373e+03, 3.83713165e+02,
    1.01069781e+03, 4.35242828e+02, 1.00205664e+03, 4.86234558e+02,
    9.93262329e+02, 5.36463074e+02, 9.82159729e+02, 3.21892853e+02,
    9.73638000e+02, 3.75827209e+02, 9.64367798e+02, 4.28382172e+02,
    9.55542542e+02, 4.80250610e+02, 9.47596375e+02, 5.31729858e+02,
    9.32867981e+02, 3.12200653e+02, 9.24752747e+02, 3.67115723e+02,
    9.15831543e+02, 4.21040100e+02, 9.07157166e+02, 4.73956543e+02,
    8.98712585e+02, 5.26545898e+02, 8.81659302e+02, 3.01623932e+02,
    8.73845154e+02, 3.58239532e+02, 8.65454956e+02, 4.13263855e+02,
    8.56945801e+02, 4.67555359e+02, 8.48745667e+02, 5.21522461e+02,
    8.28535156e+02, 2.90745117e+02, 8.20680237e+02, 3.48787933e+02,
    8.12653198e+02, 4.05283295e+02, 8.04625061e+02, 4.60828156e+02,
    7.96565308e+02, 5.16004028e+02 ]
