%YAML:1.0
---
points: [ 1.41513000e+02, 7.11300659e+01, 1.44781540e+02, 8.41192398e+01,
    1.48190765e+02, 9.71539154e+01, 1.51417511e+02, 1.10292892e+02,
    1.54773727e+02, 1.23426811e+02, 1.29591888e+02, 7.49911652e+01,
    1.32898026e+02, 8.80655289e+01, 1.36332443e+02, 1.01043701e+02,
    1.39661636e+02, 1.14045410e+02, 1.42900681e+02, 1.26966934e+02,
    1.17805771e+02, 7.90686951e+01, 1.21169037e+02, 9.20232162e+01,
    1.24524773e+02, 1.04881531e+02, 1.27663513e+02, 1.17800888e+02,
    1.31083191e+02, 1.30740189e+02, 1.06533470e+02, 8.31474533e+01,
    1.09579117e+02, 9.58537674e+01, 1.12975670e+02, 1.08660927e+02,
    1.16229599e+02, 1.21391190e+02, 1.19339233e+02, 1.34203094e+02,
    9.52974396e+01, 8.71054077e+01, 9.82249756e+01, 9.97435684e+01,
    1.01609253e+02, 1.12394119e+02, 1.04723709e+02, 1.24979507e+02,
    1.07947060e+02, 1.37801575e+02, 8.42692490e+01, 9.10485992e+01,
    8.71793976e+01, 1.03555237e+02, 9.02871094e+01, 1.16082123e+02,
    9.34364090e+01, 1.28598618e+02, 9.66687622e+01, 1.41268433e+02,
    7.33846130e+01, 9.48869553e+01, 7.62118607e+01, 1.07369148e+02,
    7.91233292e+01, 1.19678993e+02, 8.21589966e+01, 1.32076172e+02,
    8.54151154e+01, 1.44508362e+02 ]
