%YAML:1.0
---
points: [ 6.27366211e+02, 6.05790771e+02, 6.10499634e+02, 6.32737610e+02,
    5.93742737e+02, 6.58759583e+02, 5.77443970e+02, 6.85184204e+02,
    5.60954834e+02, 7.11170349e+02, 5.98209106e+02, 5.99290894e+02,
    5.80877136e+02, 6.26560059e+02, 5.64025024e+02, 6.53363953e+02,
    5.47199036e+02, 6.80169250e+02, 5.30668579e+02, 7.06549255e+02,
    5.67050598e+02, 5.92114746e+02, 5.49636169e+02, 6.19769470e+02,
    5.32415649e+02, 6.47403931e+02, 5.15497742e+02, 6.75066223e+02,
    4.98474579e+02, 7.01924255e+02, 5.34444885e+02, 5.84240173e+02,
    5.16884766e+02, 6.13167725e+02, 4.99477295e+02, 6.40986511e+02,
    4.82286407e+02, 6.69345825e+02, 4.65485077e+02, 6.97398376e+02,
    5.00025116e+02, 5.75864319e+02, 4.82356659e+02, 6.05981750e+02,
    4.64590851e+02, 6.34558960e+02, 4.47226501e+02, 6.63362976e+02,
    4.29881378e+02, 6.92170715e+02, 4.63948517e+02, 5.67303223e+02,
    4.45883698e+02, 5.98050598e+02, 4.28142853e+02, 6.28225769e+02,
    4.10541412e+02, 6.57459534e+02, 3.93318665e+02, 6.87080200e+02,
    4.26036743e+02, 5.58471680e+02, 4.07828918e+02, 5.90230957e+02,
    3.90058685e+02, 6.21055725e+02, 3.72422760e+02, 6.51374023e+02,
    3.54776947e+02, 6.81588684e+02 ]
