%YAML:1.0
---
points: [ 1.23385429e+02, 6.59771271e+01, 1.27731575e+02, 7.84903946e+01,
    1.32295471e+02, 9.11312485e+01, 1.36790573e+02, 1.03790695e+02,
    1.41366318e+02, 1.16608452e+02, 1.14080948e+02, 7.25615005e+01,
    1.18592659e+02, 8.49477005e+01, 1.23161209e+02, 9.73543930e+01,
    1.27529930e+02, 1.09851891e+02, 1.31979492e+02, 1.22390327e+02,
    1.05172951e+02, 7.90406342e+01, 1.09656708e+02, 9.13758316e+01,
    1.14010979e+02, 1.03529350e+02, 1.18308968e+02, 1.15877335e+02,
    1.22826477e+02, 1.28289841e+02, 9.67777023e+01, 8.54370804e+01,
    1.00818893e+02, 9.75206909e+01, 1.05404488e+02, 1.09527229e+02,
    1.09598610e+02, 1.21641594e+02, 1.13783340e+02, 1.33791901e+02,
    8.86666489e+01, 9.16294937e+01, 9.25085449e+01, 1.03456413e+02,
    9.67920685e+01, 1.15203934e+02, 1.01050217e+02, 1.27191307e+02,
    1.05250923e+02, 1.39231583e+02, 8.06710510e+01, 9.76551743e+01,
    8.44659348e+01, 1.09128311e+02, 8.84402847e+01, 1.20877365e+02,
    9.26354599e+01, 1.32603180e+02, 9.67564545e+01, 1.44530624e+02,
    7.29605484e+01, 1.03280678e+02, 7.67226486e+01, 1.14963051e+02,
    8.04318237e+01, 1.26192162e+02, 8.43915176e+01, 1.37840561e+02,
    8.83835831e+01, 1.49451675e+02 ]
