%YAML:1.0
---
points: [ 9.08430603e+02, 6.08163086e+02, 9.02830811e+02, 6.34969238e+02,
    8.97422791e+02, 6.60669922e+02, 8.92251343e+02, 6.86367126e+02,
    8.86848022e+02, 7.11347778e+02, 8.78586060e+02, 6.07638489e+02,
    8.73335510e+02, 6.34533508e+02, 8.68083252e+02, 6.60495667e+02,
    8.63002747e+02, 6.86355896e+02, 8.58064697e+02, 7.11403748e+02,
    8.47651184e+02, 6.06951660e+02, 8.42549744e+02, 6.34019409e+02,
    8.37623230e+02, 6.60360352e+02, 8.32859375e+02, 6.86423279e+02,
    8.28120056e+02, 7.11666931e+02, 8.15998779e+02, 6.06060913e+02,
    8.11394531e+02, 6.33596924e+02, 8.06661438e+02, 6.59900330e+02,
    8.02239990e+02, 6.86252441e+02, 7.97801453e+02, 7.12203003e+02,
    7.83559326e+02, 6.04974243e+02, 7.79383911e+02, 6.33310303e+02,
    7.74990845e+02, 6.59843567e+02, 7.70667725e+02, 6.86207336e+02,
    7.66538025e+02, 7.12374878e+02, 7.50388367e+02, 6.04063904e+02,
    7.46557617e+02, 6.32573853e+02, 7.42781921e+02, 6.59848694e+02,
    7.38746155e+02, 6.86438293e+02, 7.34990295e+02, 7.12811523e+02,
    7.16819397e+02, 6.03262207e+02, 7.13088867e+02, 6.32110352e+02,
    7.09712158e+02, 6.59784729e+02, 7.06366272e+02, 6.86888855e+02,
    7.02797485e+02, 7.13467834e+02 ]
