%YAML:1.0
---
points: [ 3.04601410e+02, 1.12628311e+02, 3.09838593e+02, 1.31976105e+02,
    3.14944672e+02, 1.50710785e+02, 3.19998230e+02, 1.69498810e+02,
    3.24980255e+02, 1.88077164e+02, 2.86026886e+02, 1.18737808e+02,
    2.91413910e+02, 1.37846802e+02, 2.96428345e+02, 1.56228363e+02,
    3.01601807e+02, 1.74715347e+02, 3.06509613e+02, 1.92753098e+02,
    2.67998566e+02, 1.24918877e+02, 2.73311676e+02, 1.43596207e+02,
    2.78528290e+02, 1.61690018e+02, 2.83587463e+02, 1.79675171e+02,
    2.88564972e+02, 1.97511322e+02, 2.50688660e+02, 1.30771927e+02,
    2.56001709e+02, 1.49035263e+02, 2.61356384e+02, 1.66813828e+02,
    2.66478760e+02, 1.84304138e+02, 2.71551422e+02, 2.02054321e+02,
    2.34078522e+02, 1.36284561e+02, 2.39105942e+02, 1.54134933e+02,
    2.44530914e+02, 1.71796677e+02, 2.49630936e+02, 1.88962082e+02,
    2.54744751e+02, 2.06382965e+02, 2.17706909e+02, 1.41644257e+02,
    2.22964142e+02, 1.59232254e+02, 2.28034821e+02, 1.76533676e+02,
    2.33283401e+02, 1.93612961e+02, 2.38365509e+02, 2.10503448e+02,
    2.01806091e+02, 1.46663406e+02, 2.07065872e+02, 1.64206177e+02,
    2.12282455e+02, 1.81171326e+02, 2.17548981e+02, 1.98083862e+02,
    2.22623184e+02, 2.14589828e+02 ]
