%YAML:1.0
---
points: [ 1.00974451e+03, 2.57808594e+02, 1.02471924e+03, 3.14769073e+02,
    1.03975098e+03, 3.70640137e+02, 1.05436243e+03, 4.25610168e+02,
    1.06911438e+03, 4.80399567e+02, 9.56429688e+02, 2.75272095e+02,
    9.71929138e+02, 3.31268860e+02, 9.87058350e+02, 3.85891846e+02,
    1.00165228e+03, 4.39804291e+02, 1.01649927e+03, 4.93441193e+02,
    9.04574036e+02, 2.92008789e+02, 9.20406677e+02, 3.47107727e+02,
    9.35593018e+02, 4.00834869e+02, 9.50340393e+02, 4.53964569e+02,
    9.65299500e+02, 5.06623993e+02, 8.55064148e+02, 3.08385468e+02,
    8.70435486e+02, 3.62238617e+02, 8.86212219e+02, 4.14915100e+02,
    9.01057007e+02, 4.67143768e+02, 9.15764954e+02, 5.19206116e+02,
    8.06719788e+02, 3.24179749e+02, 8.21813965e+02, 3.77186859e+02,
    8.37551758e+02, 4.29069305e+02, 8.52747314e+02, 4.80317749e+02,
    8.67498047e+02, 5.31331482e+02, 7.59673462e+02, 3.38989288e+02,
    7.75074646e+02, 3.91308533e+02, 7.90375488e+02, 4.42427490e+02,
    8.05676147e+02, 4.92827576e+02, 8.20745850e+02, 5.43360901e+02,
    7.14063660e+02, 3.53614319e+02, 7.29330261e+02, 4.05062592e+02,
    7.44563232e+02, 4.55407532e+02, 7.59850952e+02, 5.05304718e+02,
    7.74904785e+02, 5.54763184e+02 ]
