%YAML:1.0
---
points: [ 2.77473633e+02, 1.38143509e+02, 2.80263275e+02, 1.56356812e+02,
    2.83107910e+02, 1.73949936e+02, 2.85942566e+02, 1.91616135e+02,
    2.88670258e+02, 2.08842667e+02, 2.59768402e+02, 1.41419464e+02,
    2.62791443e+02, 1.59431335e+02, 2.65770477e+02, 1.76829407e+02,
    2.68715851e+02, 1.94157516e+02, 2.71473663e+02, 2.11314926e+02,
    2.42332047e+02, 1.44465378e+02, 2.45440735e+02, 1.62367218e+02,
    2.48609436e+02, 1.79643311e+02, 2.51509125e+02, 1.96847473e+02,
    2.54427231e+02, 2.13895340e+02, 2.25246231e+02, 1.47507950e+02,
    2.28512711e+02, 1.65167984e+02, 2.31733612e+02, 1.82339767e+02,
    2.34765457e+02, 1.99442871e+02, 2.37913010e+02, 2.16534317e+02,
    2.08659241e+02, 1.50699966e+02, 2.11727219e+02, 1.68113464e+02,
    2.15021988e+02, 1.85282364e+02, 2.18204544e+02, 2.01883911e+02,
    2.21157745e+02, 2.18826477e+02, 1.91927567e+02, 1.53524399e+02,
    1.95176895e+02, 1.70795425e+02, 1.98500427e+02, 1.87801941e+02,
    2.01767471e+02, 2.04498383e+02, 2.04886612e+02, 2.21136917e+02,
    1.75614014e+02, 1.56424759e+02, 1.78855103e+02, 1.73643723e+02,
    1.82274963e+02, 1.90353470e+02, 1.85762772e+02, 2.07098694e+02,
    1.88853287e+02, 2.23375946e+02 ]
