%YAML:1.0
---
points: [ 1.72564911e+02, 9.30273056e+01, 1.72143936e+02, 1.05635475e+02,
    1.71677277e+02, 1.18081261e+02, 1.71304855e+02, 1.30394226e+02,
    1.70795731e+02, 1.42827332e+02, 1.60176682e+02, 9.07664719e+01,
    1.59588043e+02, 1.03726219e+02, 1.59171738e+02, 1.16289635e+02,
    1.58696548e+02, 1.28935287e+02, 1.58222672e+02, 1.41320435e+02,
    1.47107346e+02, 8.89049454e+01, 1.46590820e+02, 1.01779160e+02,
    1.46192734e+02, 1.14583527e+02, 1.45636688e+02, 1.27243500e+02,
    1.45239883e+02, 1.40112686e+02, 1.33795975e+02, 8.66829453e+01,
    1.33370972e+02, 9.98916779e+01, 1.32904495e+02, 1.12865868e+02,
    1.32367691e+02, 1.25779556e+02, 1.32010635e+02, 1.38664398e+02,
    1.20255638e+02, 8.46841660e+01, 1.19758026e+02, 9.77978973e+01,
    1.19217751e+02, 1.11010139e+02, 1.18706520e+02, 1.23947090e+02,
    1.18324875e+02, 1.37284729e+02, 1.06190964e+02, 8.24341507e+01,
    1.05698723e+02, 9.59638748e+01, 1.05164093e+02, 1.09110481e+02,
    1.04635483e+02, 1.22394508e+02, 1.04229004e+02, 1.35662949e+02,
    9.20924301e+01, 8.02750549e+01, 9.13622360e+01, 9.39171829e+01,
    9.09149475e+01, 1.07204788e+02, 9.02912598e+01, 1.20660004e+02,
    8.98545303e+01, 1.34256546e+02 ]
