%YAML:1.0
---
points: [ 9.05412964e+02, 5.79018066e+02, 9.03386597e+02, 6.10089172e+02,
    9.01417297e+02, 6.40707642e+02, 8.99451172e+02, 6.71576904e+02,
    8.97271606e+02, 7.02616028e+02, 8.75825928e+02, 5.77804565e+02,
    8.73913879e+02, 6.09168396e+02, 8.71641968e+02, 6.40340820e+02,
    8.69653320e+02, 6.71406189e+02, 8.67492493e+02, 7.02550049e+02,
    8.45223083e+02, 5.76538635e+02, 8.43244507e+02, 6.08333252e+02,
    8.41046509e+02, 6.39675659e+02, 8.38960815e+02, 6.71235046e+02,
    8.36683472e+02, 7.02627319e+02, 8.14054810e+02, 5.75267334e+02,
    8.11995239e+02, 6.07252197e+02, 8.09777222e+02, 6.38970459e+02,
    8.07684998e+02, 6.70726624e+02, 8.05720581e+02, 7.02855713e+02,
    7.82009033e+02, 5.73965454e+02, 7.80057434e+02, 6.06337830e+02,
    7.77679626e+02, 6.38427612e+02, 7.75572937e+02, 6.70505371e+02,
    7.73435974e+02, 7.02824951e+02, 7.49353821e+02, 5.72419678e+02,
    7.47320007e+02, 6.05189148e+02, 7.45109558e+02, 6.37715637e+02,
    7.42898682e+02, 6.70328857e+02, 7.40563538e+02, 7.03030396e+02,
    7.16097473e+02, 5.71074463e+02, 7.13806946e+02, 6.04225952e+02,
    7.11896912e+02, 6.37165222e+02, 7.09600403e+02, 6.70220337e+02,
    7.07423401e+02, 7.03287109e+02 ]
