%YAML:1.0
---
points: [ 9.36501526e+02, 3.31336151e+02, 9.44666809e+02, 3.84842682e+02,
    9.53266907e+02, 4.37213318e+02, 9.60981934e+02, 4.88907501e+02,
    9.69302307e+02, 5.40257751e+02, 8.85044006e+02, 3.39877441e+02,
    8.93781860e+02, 3.93051910e+02, 9.02412292e+02, 4.44856903e+02,
    9.10859375e+02, 4.96168823e+02, 9.19087708e+02, 5.46879944e+02,
    8.33979919e+02, 3.48532440e+02, 8.43450134e+02, 4.01239471e+02,
    8.52454407e+02, 4.52422089e+02, 8.60759827e+02, 5.03322571e+02,
    8.69584717e+02, 5.53693359e+02, 7.84566101e+02, 3.56674286e+02,
    7.93667114e+02, 4.08729065e+02, 8.03270264e+02, 4.59794891e+02,
    8.12168762e+02, 5.10078033e+02, 8.20817993e+02, 5.60335938e+02,
    7.35394592e+02, 3.65089722e+02, 7.44431030e+02, 4.16626038e+02,
    7.54272095e+02, 4.67061523e+02, 7.63627747e+02, 5.17187012e+02,
    7.72466003e+02, 5.66654907e+02, 6.86689026e+02, 3.72670013e+02,
    6.96388489e+02, 4.24102356e+02, 7.06066711e+02, 4.74420227e+02,
    7.15644897e+02, 5.23994751e+02, 7.24803467e+02, 5.73342468e+02,
    6.39071350e+02, 3.80635529e+02, 6.48749268e+02, 4.31478943e+02,
    6.58537537e+02, 4.81372131e+02, 6.68324280e+02, 5.30546082e+02,
    6.77680908e+02, 5.79643616e+02 ]
