%YAML:1.0
---
points: [ 9.01786560e+02, 5.50803650e+02, 9.04194946e+02, 5.79245544e+02,
    9.06466553e+02, 6.08290955e+02, 9.08704712e+02, 6.37806702e+02,
    9.11328918e+02, 6.68418335e+02, 8.72918640e+02, 5.48863892e+02,
    8.74711609e+02, 5.77747009e+02, 8.76586731e+02, 6.07117737e+02,
    8.78573975e+02, 6.37195129e+02, 8.80591370e+02, 6.67836365e+02,
    8.42883911e+02, 5.47088562e+02, 8.44356934e+02, 5.76400879e+02,
    8.45785278e+02, 6.06017151e+02, 8.47687439e+02, 6.36282654e+02,
    8.49127136e+02, 6.67563599e+02, 8.12154480e+02, 5.45519958e+02,
    8.13370850e+02, 5.74912415e+02, 8.14599426e+02, 6.05003723e+02,
    8.15940369e+02, 6.35465942e+02, 8.17349915e+02, 6.67195801e+02,
    7.80796326e+02, 5.43899902e+02, 7.81582336e+02, 5.73262329e+02,
    7.82316467e+02, 6.03791138e+02, 7.83237671e+02, 6.34720154e+02,
    7.84158997e+02, 6.66778809e+02, 7.48570862e+02, 5.41895264e+02,
    7.49153625e+02, 5.71912842e+02, 7.49566650e+02, 6.02521423e+02,
    7.50071594e+02, 6.34008667e+02, 7.50534973e+02, 6.66373535e+02,
    7.15833862e+02, 5.39938049e+02, 7.16143372e+02, 5.70406067e+02,
    7.16238892e+02, 6.01198120e+02, 7.16307007e+02, 6.32998840e+02,
    7.16359558e+02, 6.65692200e+02 ]
