%YAML:1.0
---
points: [ 9.84273743e+02, 3.60400055e+02, 9.84021423e+02, 4.12124268e+02,
    9.83635376e+02, 4.62465729e+02, 9.83471985e+02, 5.12496216e+02,
    9.83272949e+02, 5.61681824e+02, 9.33421570e+02, 3.60205750e+02,
    9.33551880e+02, 4.12226196e+02, 9.33618469e+02, 4.62607727e+02,
    9.33659119e+02, 5.12727783e+02, 9.33758057e+02, 5.62223816e+02,
    8.81708618e+02, 3.59798492e+02, 8.82361755e+02, 4.12158875e+02,
    8.82770447e+02, 4.62850159e+02, 8.83335999e+02, 5.13265808e+02,
    8.83787537e+02, 5.63075623e+02, 8.29791626e+02, 3.59594391e+02,
    8.30983704e+02, 4.11992371e+02, 8.31874512e+02, 4.63073273e+02,
    8.32605530e+02, 5.13524414e+02, 8.33477112e+02, 5.63832886e+02,
    7.77088074e+02, 3.59204102e+02, 7.78455566e+02, 4.11838379e+02,
    7.79875916e+02, 4.63353729e+02, 7.81099976e+02, 5.14081970e+02,
    7.81962585e+02, 5.64529419e+02, 7.23793701e+02, 3.58531067e+02,
    7.25657471e+02, 4.11665131e+02, 7.27416748e+02, 4.63572632e+02,
    7.29039246e+02, 5.14539978e+02, 7.30532349e+02, 5.65367615e+02,
    6.70145508e+02, 3.58030579e+02, 6.72277832e+02, 4.11471954e+02,
    6.74398621e+02, 4.63619293e+02, 6.76426331e+02, 5.14985107e+02,
    6.78367065e+02, 5.66115784e+02 ]
