%YAML:1.0
---
points: [ 1.78062210e+02, 1.04002563e+02, 1.76132538e+02, 1.15756454e+02,
    1.73963455e+02, 1.27317062e+02, 1.72046753e+02, 1.38846664e+02,
    1.70097977e+02, 1.50692459e+02, 1.67503845e+02, 9.98618622e+01,
    1.65334000e+02, 1.12004410e+02, 1.63159607e+02, 1.23767754e+02,
    1.61147858e+02, 1.35749466e+02, 1.58959213e+02, 1.47496689e+02,
    1.56263031e+02, 9.57793655e+01, 1.54001236e+02, 1.08038429e+02,
    1.51834183e+02, 1.20145226e+02, 1.49651733e+02, 1.32189178e+02,
    1.47422882e+02, 1.44521530e+02, 1.44509827e+02, 9.14505539e+01,
    1.42197647e+02, 1.04010345e+02, 1.39903488e+02, 1.16305107e+02,
    1.37663834e+02, 1.28799011e+02, 1.35510925e+02, 1.41133286e+02,
    1.32363647e+02, 8.71268005e+01, 1.30007675e+02, 9.97379456e+01,
    1.27574318e+02, 1.12452507e+02, 1.25306709e+02, 1.25069992e+02,
    1.23043587e+02, 1.37892365e+02, 1.19501923e+02, 8.22871170e+01,
    1.17202271e+02, 9.54115448e+01, 1.14769463e+02, 1.08196548e+02,
    1.12336273e+02, 1.21226578e+02, 1.10002243e+02, 1.34296951e+02,
    1.06371025e+02, 7.76224442e+01, 1.04013199e+02, 9.08918076e+01,
    1.01444176e+02, 1.04079575e+02, 9.89381180e+01, 1.17224014e+02,
    9.64000244e+01, 1.30489258e+02 ]
