%YAML:1.0
---
points: [ 2.92590698e+02, 1.47506439e+02, 2.92368042e+02, 1.65247955e+02,
    2.92230804e+02, 1.82462265e+02, 2.92146088e+02, 1.99351044e+02,
    2.92147522e+02, 2.16263641e+02, 2.75356964e+02, 1.47567963e+02,
    2.75377380e+02, 1.65579987e+02, 2.75428680e+02, 1.82699371e+02,
    2.75530304e+02, 1.99770142e+02, 2.75579010e+02, 2.16523071e+02,
    2.58125824e+02, 1.48137985e+02, 2.58210388e+02, 1.65814819e+02,
    2.58356262e+02, 1.83199310e+02, 2.58515991e+02, 2.00125488e+02,
    2.58591217e+02, 2.17062912e+02, 2.40398941e+02, 1.47866302e+02,
    2.41080933e+02, 1.66022247e+02, 2.41234970e+02, 1.83327087e+02,
    2.41567184e+02, 2.00449783e+02, 2.41893295e+02, 2.17433441e+02,
    2.23107880e+02, 1.48259384e+02, 2.23605927e+02, 1.66336044e+02,
    2.23870148e+02, 1.83739380e+02, 2.24209320e+02, 2.00830643e+02,
    2.24558884e+02, 2.18087128e+02, 2.05448898e+02, 1.48523239e+02,
    2.05656830e+02, 1.66476608e+02, 2.06334656e+02, 1.84022461e+02,
    2.06958893e+02, 2.01226669e+02, 2.07368896e+02, 2.18421783e+02,
    1.87035980e+02, 1.48464844e+02, 1.87874084e+02, 1.66649063e+02,
    1.88502777e+02, 1.84323227e+02, 1.89253418e+02, 2.01577347e+02,
    1.89915833e+02, 2.18918854e+02 ]
