%YAML:1.0
---
points: [ 1.01955688e+03, 4.11464264e+02, 1.00836884e+03, 4.57480316e+02,
    9.96569031e+02, 5.02599640e+02, 9.85579163e+02, 5.47546326e+02,
    9.74427429e+02, 5.92376526e+02, 9.80369751e+02, 4.01332153e+02,
    9.68493530e+02, 4.48350067e+02, 9.56660339e+02, 4.94198517e+02,
    9.45345703e+02, 5.40077515e+02, 9.34050842e+02, 5.85744385e+02,
    9.38479004e+02, 3.90129150e+02, 9.26482117e+02, 4.38447540e+02,
    9.14638550e+02, 4.85535217e+02, 9.03392944e+02, 5.32562195e+02,
    8.91714417e+02, 5.79127136e+02, 8.94634399e+02, 3.78599060e+02,
    8.83077026e+02, 4.28255829e+02, 8.70998535e+02, 4.76400421e+02,
    8.59483765e+02, 5.24362000e+02, 8.48470886e+02, 5.72296082e+02,
    8.48482605e+02, 3.66500214e+02, 8.37159241e+02, 4.17343201e+02,
    8.25129456e+02, 4.66653595e+02, 8.13305115e+02, 5.15772705e+02,
    8.01788391e+02, 5.64894165e+02, 8.00134705e+02, 3.53677002e+02,
    7.88711182e+02, 4.05665680e+02, 7.77256348e+02, 4.56604950e+02,
    7.65182983e+02, 5.07221252e+02, 7.53705994e+02, 5.57431335e+02,
    7.49488342e+02, 3.40102478e+02, 7.38278015e+02, 3.93582916e+02,
    7.26755005e+02, 4.46175415e+02, 7.15106384e+02, 4.98006134e+02,
    7.03254944e+02, 5.49605957e+02 ]
