%YAML:1.0
---
points: [ 1.16892371e+03, 5.19611755e+02, 1.17427881e+03, 5.48610596e+02,
    1.17951428e+03, 5.77847778e+02, 1.18516455e+03, 6.08048340e+02,
    1.19063806e+03, 6.39260559e+02, 1.13766174e+03, 5.23136169e+02,
    1.14244995e+03, 5.51986023e+02, 1.14746204e+03, 5.81473877e+02,
    1.15248267e+03, 6.11775085e+02, 1.15772815e+03, 6.42708008e+02,
    1.10629468e+03, 5.26616150e+02, 1.11069617e+03, 5.55626221e+02,
    1.11526404e+03, 5.85280579e+02, 1.11978564e+03, 6.15205872e+02,
    1.12451514e+03, 6.46355835e+02, 1.07507678e+03, 5.30318604e+02,
    1.07934033e+03, 5.59304688e+02, 1.08335034e+03, 5.88737244e+02,
    1.08749097e+03, 6.18799072e+02, 1.09198157e+03, 6.49789124e+02,
    1.04410034e+03, 5.34244751e+02, 1.04770703e+03, 5.62667175e+02,
    1.05143420e+03, 5.92411438e+02, 1.05527161e+03, 6.22574524e+02,
    1.05928796e+03, 6.53626404e+02, 1.01306659e+03, 5.37757751e+02,
    1.01647052e+03, 5.66470642e+02, 1.01980695e+03, 5.95842834e+02,
    1.02315424e+03, 6.25903564e+02, 1.02691064e+03, 6.56874512e+02,
    9.82409180e+02, 5.41172119e+02, 9.85475830e+02, 5.70079346e+02,
    9.88380066e+02, 5.99058411e+02, 9.91491028e+02, 6.29328125e+02,
    9.94704712e+02, 6.60395630e+02 ]
