%YAML:1.0
---
points: [ 3.02460388e+02, 1.64957397e+02, 2.98751587e+02, 1.80626633e+02,
    2.94738922e+02, 1.96048111e+02, 2.91097168e+02, 2.11293152e+02,
    2.87443176e+02, 2.26647003e+02, 2.89750702e+02, 1.61638809e+02,
    2.85700897e+02, 1.77729324e+02, 2.81786865e+02, 1.93419296e+02,
    2.77998596e+02, 2.09096420e+02, 2.74259186e+02, 2.24436371e+02,
    2.75980865e+02, 1.58125198e+02, 2.71991302e+02, 1.74332733e+02,
    2.68032623e+02, 1.90545212e+02, 2.64352478e+02, 2.06607971e+02,
    2.60489380e+02, 2.22377151e+02, 2.61752716e+02, 1.54451080e+02,
    2.57961426e+02, 1.71279099e+02, 2.53876389e+02, 1.87698914e+02,
    2.50005051e+02, 2.04024353e+02, 2.46349533e+02, 2.20254745e+02,
    2.46783646e+02, 1.50638275e+02, 2.43094299e+02, 1.67724915e+02,
    2.39067337e+02, 1.84694107e+02, 2.35091583e+02, 2.01179382e+02,
    2.31248627e+02, 2.18029755e+02, 2.31196274e+02, 1.46369339e+02,
    2.27402496e+02, 1.64045731e+02, 2.23580811e+02, 1.81444046e+02,
    2.19631195e+02, 1.98506653e+02, 2.15720718e+02, 2.15757080e+02,
    2.14787216e+02, 1.42079559e+02, 2.11067322e+02, 1.60376129e+02,
    2.07142731e+02, 1.78115448e+02, 2.03328140e+02, 1.95613144e+02,
    1.99406769e+02, 2.13205170e+02 ]
