%YAML:1.0
---
points: [ 1.59485275e+02, 1.44488846e+02, 1.59676590e+02, 1.54748672e+02,
    1.59932816e+02, 1.64888947e+02, 1.60148117e+02, 1.74969147e+02,
    1.60335754e+02, 1.85110214e+02, 1.48951340e+02, 1.44115509e+02,
    1.49231110e+02, 1.54476715e+02, 1.49349411e+02, 1.64599838e+02,
    1.49654297e+02, 1.74794235e+02, 1.49758209e+02, 1.85039734e+02,
    1.38111404e+02, 1.43666534e+02, 1.38289795e+02, 1.54167282e+02,
    1.38546249e+02, 1.64516953e+02, 1.38759583e+02, 1.74626633e+02,
    1.39088333e+02, 1.84968979e+02, 1.27163788e+02, 1.43355606e+02,
    1.27336105e+02, 1.53777267e+02, 1.27657867e+02, 1.64287155e+02,
    1.27950966e+02, 1.74599487e+02, 1.28159134e+02, 1.84935852e+02,
    1.16149239e+02, 1.42902878e+02, 1.16256447e+02, 1.53540298e+02,
    1.16423325e+02, 1.63973495e+02, 1.16710632e+02, 1.74367157e+02,
    1.16974487e+02, 1.84910141e+02, 1.04673424e+02, 1.42556686e+02,
    1.04968506e+02, 1.53262909e+02, 1.05182671e+02, 1.63687271e+02,
    1.05463783e+02, 1.74237305e+02, 1.05738403e+02, 1.84837692e+02,
    9.33533630e+01, 1.41978790e+02, 9.34781952e+01, 1.52872375e+02,
    9.36993561e+01, 1.63592850e+02, 9.39346695e+01, 1.74185257e+02,
    9.43199768e+01, 1.84665955e+02 ]
