%YAML:1.0
---
points: [ 1.30037146e+03, 4.36342834e+02, 1.30761572e+03, 4.68763641e+02,
    1.31538940e+03, 5.02219025e+02, 1.32319604e+03, 5.36246277e+02,
    1.33143323e+03, 5.71527527e+02, 1.26274536e+03, 4.43428284e+02,
    1.26961877e+03, 4.76022614e+02, 1.27656555e+03, 5.08922333e+02,
    1.28385803e+03, 5.43211487e+02, 1.29140601e+03, 5.78114624e+02,
    1.22566687e+03, 4.50564667e+02, 1.23211108e+03, 4.82895782e+02,
    1.23839343e+03, 5.16038940e+02, 1.24494495e+03, 5.49691040e+02,
    1.25207800e+03, 5.84709778e+02, 1.18963367e+03, 4.57847382e+02,
    1.19541382e+03, 4.89788940e+02, 1.20135974e+03, 5.22792786e+02,
    1.20732227e+03, 5.56160828e+02, 1.21355457e+03, 5.91008362e+02,
    1.15406177e+03, 4.65329407e+02, 1.15919421e+03, 4.96611481e+02,
    1.16452209e+03, 5.29315308e+02, 1.16997571e+03, 5.62614197e+02,
    1.17560852e+03, 5.97326050e+02, 1.11885364e+03, 4.71914917e+02,
    1.12362720e+03, 5.03352936e+02, 1.12847034e+03, 5.35493530e+02,
    1.13355481e+03, 5.69069336e+02, 1.13874829e+03, 6.03165405e+02,
    1.08507166e+03, 4.78479950e+02, 1.08919165e+03, 5.09791931e+02,
    1.09341016e+03, 5.41678345e+02, 1.09779700e+03, 5.74806763e+02,
    1.10238330e+03, 6.08721863e+02 ]
