%YAML:1.0
---
points: [ 7.66857300e+02, 2.02022858e+02, 7.53742126e+02, 2.65462708e+02,
    7.40123596e+02, 3.27462769e+02, 7.27425537e+02, 3.88453247e+02,
    7.14101868e+02, 4.49197998e+02, 7.05709595e+02, 1.81276642e+02,
    6.91856567e+02, 2.46806931e+02, 6.78573975e+02, 3.10776764e+02,
    6.65405212e+02, 3.73763885e+02, 6.52413818e+02, 4.36289032e+02,
    6.39390991e+02, 1.58896347e+02, 6.25832581e+02, 2.26924255e+02,
    6.12437683e+02, 2.93163574e+02, 5.99399475e+02, 3.58444183e+02,
    5.86171021e+02, 4.23021057e+02, 5.69394043e+02, 1.35704544e+02,
    5.55827148e+02, 2.05728958e+02, 5.42473022e+02, 2.74477203e+02,
    5.29274719e+02, 3.41681335e+02, 5.16521851e+02, 4.08616364e+02,
    4.94263031e+02, 1.11176918e+02, 4.80805389e+02, 1.83300980e+02,
    4.67372742e+02, 2.54439713e+02, 4.54236145e+02, 3.24164276e+02,
    4.41152069e+02, 3.93320557e+02, 4.14728821e+02, 8.48126297e+01,
    4.01305389e+02, 1.59751007e+02, 3.87768372e+02, 2.33322372e+02,
    3.74759430e+02, 3.05635284e+02, 3.61731262e+02, 3.77322021e+02,
    3.30756592e+02, 5.75517807e+01, 3.17217102e+02, 1.34953018e+02,
    3.03455658e+02, 2.10923904e+02, 2.90582550e+02, 2.86169159e+02,
    2.77655243e+02, 3.60359528e+02 ]
