%YAML:1.0
---
points: [ 2.25353470e+02, 9.52006607e+01, 2.20876907e+02, 1.16750343e+02,
    2.16274734e+02, 1.37921921e+02, 2.12028519e+02, 1.58615646e+02,
    2.07506424e+02, 1.79097214e+02, 2.05894653e+02, 8.84001465e+01,
    2.01181656e+02, 1.10957481e+02, 1.96576691e+02, 1.32366882e+02,
    1.92173981e+02, 1.54064774e+02, 1.87808914e+02, 1.74949188e+02,
    1.84641693e+02, 8.14945221e+01, 1.79996048e+02, 1.04427925e+02,
    1.75415817e+02, 1.27025482e+02, 1.71013977e+02, 1.48954544e+02,
    1.66462494e+02, 1.70781097e+02, 1.61860703e+02, 7.39888916e+01,
    1.57795807e+02, 9.78950882e+01, 1.53042496e+02, 1.20777069e+02,
    1.48619110e+02, 1.43864685e+02, 1.44255768e+02, 1.66296616e+02,
    1.38397644e+02, 6.64544144e+01, 1.33972794e+02, 9.02182770e+01,
    1.29162781e+02, 1.14693596e+02, 1.24823494e+02, 1.37905121e+02,
    1.20161301e+02, 1.61781464e+02, 1.12852600e+02, 5.78792534e+01,
    1.08497208e+02, 8.33735275e+01, 1.03974846e+02, 1.07572716e+02,
    9.93199692e+01, 1.32517609e+02, 9.48836212e+01, 1.56414383e+02,
    8.61893921e+01, 4.96801033e+01, 8.19312286e+01, 7.52349854e+01,
    7.72975845e+01, 1.01241966e+02, 7.27263718e+01, 1.25787933e+02,
    6.84598694e+01, 1.51645737e+02 ]
