%YAML:1.0
---
points: [ 1.28595596e+02, 1.00841888e+02, 1.29550385e+02, 1.11408379e+02,
    1.30632614e+02, 1.21802147e+02, 1.31617981e+02, 1.32341843e+02,
    1.32644196e+02, 1.42754044e+02, 1.17773026e+02, 1.01238129e+02,
    1.18994133e+02, 1.11865707e+02, 1.19956757e+02, 1.22496635e+02,
    1.20929863e+02, 1.32813477e+02, 1.22002380e+02, 1.43335648e+02,
    1.06952965e+02, 1.01763435e+02, 1.07916039e+02, 1.12563797e+02,
    1.09013947e+02, 1.22849571e+02, 1.10115746e+02, 1.33462555e+02,
    1.11148643e+02, 1.43978409e+02, 9.60076447e+01, 1.02356796e+02,
    9.69198380e+01, 1.13044693e+02, 9.81632843e+01, 1.23624359e+02,
    9.90528793e+01, 1.34136353e+02, 1.00197975e+02, 1.44585800e+02,
    8.51899414e+01, 1.02886345e+02, 8.60894089e+01, 1.13640434e+02,
    8.71646881e+01, 1.24007011e+02, 8.81631393e+01, 1.34641037e+02,
    8.92002182e+01, 1.45260864e+02, 7.43249512e+01, 1.03613159e+02,
    7.51611938e+01, 1.14082458e+02, 7.62529068e+01, 1.24792648e+02,
    7.71377945e+01, 1.35275436e+02, 7.81436234e+01, 1.45816330e+02,
    6.32544975e+01, 1.04172089e+02, 6.41254272e+01, 1.14730881e+02,
    6.51462555e+01, 1.25381203e+02, 6.60459137e+01, 1.35848602e+02,
    6.71510620e+01, 1.46536804e+02 ]
