%YAML:1.0
---
points: [ 2.54205109e+02, 1.20623901e+02, 2.52998413e+02, 1.40428101e+02,
    2.51766449e+02, 1.59885971e+02, 2.50582809e+02, 1.79040451e+02,
    2.49415192e+02, 1.97766037e+02, 2.35138062e+02, 1.18648346e+02,
    2.33989304e+02, 1.39102371e+02, 2.32899384e+02, 1.58577164e+02,
    2.31885208e+02, 1.78025970e+02, 2.30841888e+02, 1.96979843e+02,
    2.15270981e+02, 1.16975449e+02, 2.14253738e+02, 1.37385559e+02,
    2.13428650e+02, 1.57342453e+02, 2.12544388e+02, 1.76831070e+02,
    2.11467621e+02, 1.96133331e+02, 1.94844910e+02, 1.15177788e+02,
    1.94275986e+02, 1.35890259e+02, 1.93560959e+02, 1.56098709e+02,
    1.92777267e+02, 1.76004898e+02, 1.91975601e+02, 1.95364777e+02,
    1.74327209e+02, 1.13349709e+02, 1.73744888e+02, 1.34071823e+02,
    1.73011200e+02, 1.54733902e+02, 1.72457794e+02, 1.74528336e+02,
    1.71733917e+02, 1.94617615e+02, 1.52824661e+02, 1.11123466e+02,
    1.52450104e+02, 1.32528397e+02, 1.51925644e+02, 1.53120438e+02,
    1.51604767e+02, 1.73588089e+02, 1.51114563e+02, 1.93767349e+02,
    1.31136703e+02, 1.09240959e+02, 1.30703598e+02, 1.30617004e+02,
    1.30495636e+02, 1.51709457e+02, 1.30206177e+02, 1.72458389e+02,
    1.29911560e+02, 1.92914444e+02 ]
