%YAML:1.0
---
points: [ 1.65838000e+03, 3.56606567e+02, 1.67078430e+03, 3.91938690e+02,
    1.68352478e+03, 4.28504364e+02, 1.69660132e+03, 4.65654694e+02,
    1.71003540e+03, 5.04352600e+02, 1.61275659e+03, 3.67593658e+02,
    1.62442859e+03, 4.03074463e+02, 1.63639404e+03, 4.38990234e+02,
    1.64848267e+03, 4.76126709e+02, 1.66118115e+03, 5.14255676e+02,
    1.56786768e+03, 3.78838928e+02, 1.57878223e+03, 4.13707062e+02,
    1.58975928e+03, 4.49586670e+02, 1.60132983e+03, 4.86111847e+02,
    1.61294409e+03, 5.24086670e+02, 1.52445044e+03, 3.90018707e+02,
    1.53446814e+03, 4.24263397e+02, 1.54476538e+03, 4.59764984e+02,
    1.55543896e+03, 4.95916473e+02, 1.56648059e+03, 5.33285583e+02,
    1.48196936e+03, 4.01086151e+02, 1.49126636e+03, 4.34468689e+02,
    1.50065771e+03, 4.69581360e+02, 1.51066333e+03, 5.05326172e+02,
    1.52066309e+03, 5.42389832e+02, 1.44062683e+03, 4.11282898e+02,
    1.44932410e+03, 4.44619110e+02, 1.45809167e+03, 4.78709381e+02,
    1.46708887e+03, 5.14325745e+02, 1.47647607e+03, 5.50820557e+02,
    1.40067041e+03, 4.21123840e+02, 1.40849756e+03, 4.54323212e+02,
    1.41655334e+03, 4.87800873e+02, 1.42514746e+03, 5.23082031e+02,
    1.43363806e+03, 5.59160278e+02 ]
