%YAML:1.0
---
points: [ 1.36522949e+02, 7.24923935e+01, 1.36951904e+02, 8.24067917e+01,
    1.37245865e+02, 9.23761749e+01, 1.37481369e+02, 1.02077705e+02,
    1.37867294e+02, 1.12165009e+02, 1.26459106e+02, 7.16907730e+01,
    1.26611633e+02, 8.17389221e+01, 1.27058472e+02, 9.17017593e+01,
    1.27284714e+02, 1.01590744e+02, 1.27548828e+02, 1.11532799e+02,
    1.15847939e+02, 7.09974899e+01, 1.16267662e+02, 8.12083969e+01,
    1.16530785e+02, 9.12262955e+01, 1.16848015e+02, 1.01026810e+02,
    1.17119865e+02, 1.11255676e+02, 1.05556061e+02, 7.06168213e+01,
    1.05563438e+02, 8.05107880e+01, 1.05977913e+02, 9.06808701e+01,
    1.06244080e+02, 1.00491966e+02, 1.06526794e+02, 1.10935081e+02,
    9.46962814e+01, 6.98139191e+01, 9.50353928e+01, 8.00532837e+01,
    9.52605972e+01, 9.01610413e+01, 9.55985718e+01, 1.00280579e+02,
    9.59093628e+01, 1.10477081e+02, 8.42514954e+01, 6.95917206e+01,
    8.42369156e+01, 7.96137085e+01, 8.46460800e+01, 8.96167603e+01,
    8.47706833e+01, 9.96867676e+01, 8.51050797e+01, 1.09929848e+02,
    7.33321075e+01, 6.89410858e+01, 7.36954193e+01, 7.91728821e+01,
    7.37052841e+01, 8.90850754e+01, 7.40307999e+01, 9.94053802e+01,
    7.41533127e+01, 1.09576469e+02 ]
