%YAML:1.0
---
points: [ 8.61172852e+02, 2.78311249e+02, 8.57864624e+02, 3.37016724e+02,
    8.54187927e+02, 3.94203583e+02, 8.50754089e+02, 4.50420898e+02,
    8.47453430e+02, 5.06201111e+02, 8.03522095e+02, 2.72200256e+02,
    8.00560913e+02, 3.31865509e+02, 7.97401428e+02, 3.89686096e+02,
    7.94414429e+02, 4.46540527e+02, 7.91262695e+02, 5.02847900e+02,
    7.43711731e+02, 2.65834015e+02, 7.41209167e+02, 3.26333679e+02,
    7.38586609e+02, 3.85214722e+02, 7.36057739e+02, 4.42858948e+02,
    7.33363525e+02, 4.99790405e+02, 6.82590393e+02, 2.59612305e+02,
    6.80653015e+02, 3.20564819e+02, 6.78622437e+02, 3.80367126e+02,
    6.76398132e+02, 4.38765778e+02, 6.74275085e+02, 4.96791138e+02,
    6.19532104e+02, 2.52899872e+02, 6.17758850e+02, 3.14618317e+02,
    6.16393738e+02, 3.75392578e+02, 6.14673828e+02, 4.34550690e+02,
    6.12788940e+02, 4.93245392e+02, 5.54984924e+02, 2.45810623e+02,
    5.53742188e+02, 3.08701050e+02, 5.52661743e+02, 3.70254974e+02,
    5.51510803e+02, 4.30419342e+02, 5.50125854e+02, 4.90075836e+02,
    4.89218018e+02, 2.39084412e+02, 4.88239746e+02, 3.02681458e+02,
    4.87423553e+02, 3.64897583e+02, 4.86771088e+02, 4.26043610e+02,
    4.86104156e+02, 4.86639038e+02 ]
