%YAML:1.0
---
points: [ 2.25544846e+02, 9.38608551e+01, 2.24748108e+02, 1.02959808e+02,
    2.24030045e+02, 1.11949402e+02, 2.23310333e+02, 1.20868011e+02,
    2.22539673e+02, 1.29983658e+02, 2.17253433e+02, 9.19332657e+01,
    2.16454636e+02, 1.01095375e+02, 2.15654175e+02, 1.10239639e+02,
    2.14983063e+02, 1.19268990e+02, 2.14279556e+02, 1.28395309e+02,
    2.08653564e+02, 8.98848495e+01, 2.07812698e+02, 9.91327591e+01,
    2.07135239e+02, 1.08485077e+02, 2.06367722e+02, 1.17578949e+02,
    2.05559784e+02, 1.26815315e+02, 1.99787048e+02, 8.77547302e+01,
    1.99180786e+02, 9.72133942e+01, 1.98302216e+02, 1.06607002e+02,
    1.97533340e+02, 1.15808395e+02, 1.96852859e+02, 1.25239792e+02,
    1.90945236e+02, 8.57904434e+01, 1.90263275e+02, 9.52602768e+01,
    1.89373352e+02, 1.04716507e+02, 1.88573547e+02, 1.14007629e+02,
    1.87866959e+02, 1.23570404e+02, 1.81694946e+02, 8.35808182e+01,
    1.81081879e+02, 9.32112274e+01, 1.80270630e+02, 1.02654137e+02,
    1.79411118e+02, 1.12243202e+02, 1.78558578e+02, 1.21628510e+02,
    1.72332306e+02, 8.14317398e+01, 1.71716888e+02, 9.10994720e+01,
    1.70839371e+02, 1.00734985e+02, 1.70097137e+02, 1.10258781e+02,
    1.69301147e+02, 1.20107864e+02 ]
