%YAML:1.0
---
points: [ 2.28742249e+02, 1.01081284e+02, 2.32342194e+02, 1.22360542e+02,
    2.36053284e+02, 1.43356979e+02, 2.39492432e+02, 1.63884644e+02,
    2.42884079e+02, 1.84122528e+02, 2.08619263e+02, 1.04846855e+02,
    2.12667038e+02, 1.26258667e+02, 2.16294586e+02, 1.46713318e+02,
    2.19983658e+02, 1.67134888e+02, 2.23496353e+02, 1.87083542e+02,
    1.88752319e+02, 1.08689972e+02, 1.92774826e+02, 1.29824203e+02,
    1.96849808e+02, 1.50221146e+02, 2.00514297e+02, 1.70329147e+02,
    2.04272614e+02, 1.90043167e+02, 1.69454865e+02, 1.12476349e+02,
    1.73525482e+02, 1.33186127e+02, 1.77713837e+02, 1.53460541e+02,
    1.81661285e+02, 1.73402878e+02, 1.85506287e+02, 1.93149826e+02,
    1.50718201e+02, 1.16275314e+02, 1.54434418e+02, 1.36613251e+02,
    1.58739349e+02, 1.56737915e+02, 1.62737930e+02, 1.76198593e+02,
    1.66881851e+02, 1.95823761e+02, 1.31810837e+02, 1.19751114e+02,
    1.35917206e+02, 1.40022598e+02, 1.40002167e+02, 1.59850403e+02,
    1.44258423e+02, 1.79468979e+02, 1.47745773e+02, 1.98469284e+02,
    1.13500229e+02, 1.23240852e+02, 1.17502228e+02, 1.43294220e+02,
    1.21848579e+02, 1.62813156e+02, 1.26163483e+02, 1.82455002e+02,
    1.29973709e+02, 2.01504013e+02 ]
