%YAML:1.0
---
points: [ 7.79319397e+02, 2.19613663e+02, 7.90033630e+02, 2.82967957e+02,
    8.01033203e+02, 3.44771942e+02, 8.11253601e+02, 4.05447266e+02,
    8.21469238e+02, 4.65443054e+02, 7.20330078e+02, 2.30072235e+02,
    7.32151917e+02, 2.92768707e+02, 7.43479431e+02, 3.54088867e+02,
    7.54221558e+02, 4.13875183e+02, 7.64717407e+02, 4.73438080e+02,
    6.62294800e+02, 2.40302338e+02, 6.74596436e+02, 3.02574799e+02,
    6.86338989e+02, 3.63132904e+02, 6.97316650e+02, 4.22726471e+02,
    7.08470642e+02, 4.81495483e+02, 6.06303589e+02, 2.50552887e+02,
    6.17960327e+02, 3.12071747e+02, 6.30576660e+02, 3.71838226e+02,
    6.42141296e+02, 4.30761658e+02, 6.53275574e+02, 4.89382355e+02,
    5.50518738e+02, 2.60777222e+02, 5.62109070e+02, 3.21377167e+02,
    5.74936646e+02, 3.80846924e+02, 5.86876831e+02, 4.39319763e+02,
    5.98415466e+02, 4.97154358e+02, 4.95979675e+02, 2.70450165e+02,
    5.07722046e+02, 3.30433411e+02, 5.20036438e+02, 3.89385925e+02,
    5.32654907e+02, 4.47367340e+02, 5.44393921e+02, 5.04843079e+02,
    4.42294067e+02, 2.80096405e+02, 4.54353333e+02, 3.39462006e+02,
    4.66517059e+02, 3.97767395e+02, 4.79216736e+02, 4.55303894e+02,
    4.91311035e+02, 5.12371216e+02 ]
