%YAML:1.0
---
points: [ 1.57756274e+03, 7.46656113e+01, 1.58744519e+03, 1.01393272e+02,
    1.59716345e+03, 1.29025360e+02, 1.60728418e+03, 1.56893524e+02,
    1.61775537e+03, 1.86258926e+02, 1.53989062e+03, 8.32000732e+01,
    1.54886133e+03, 1.10322922e+02, 1.55823242e+03, 1.37783386e+02,
    1.56763477e+03, 1.66126251e+02, 1.57742981e+03, 1.94925415e+02,
    1.50233191e+03, 9.23317566e+01, 1.51082983e+03, 1.19341545e+02,
    1.51933350e+03, 1.46771393e+02, 1.52832141e+03, 1.74755569e+02,
    1.53729260e+03, 2.03737473e+02, 1.46531238e+03, 1.01633003e+02,
    1.47345227e+03, 1.28260010e+02, 1.48130176e+03, 1.55826431e+02,
    1.48953613e+03, 1.83662338e+02, 1.49837500e+03, 2.12420273e+02,
    1.42867419e+03, 1.10922630e+02, 1.43629651e+03, 1.36877014e+02,
    1.44360754e+03, 1.64663300e+02, 1.45130334e+03, 1.92469894e+02,
    1.45918103e+03, 2.21241699e+02, 1.39260303e+03, 1.19701706e+02,
    1.39960889e+03, 1.45841141e+02, 1.40662463e+03, 1.72749573e+02,
    1.41366174e+03, 2.01093369e+02, 1.42130859e+03, 2.29395630e+02,
    1.35753186e+03, 1.28465240e+02, 1.36391492e+03, 1.54607117e+02,
    1.37040955e+03, 1.81425522e+02, 1.37688440e+03, 2.09051300e+02,
    1.38374060e+03, 2.37492157e+02 ]
