%YAML:1.0
---
points: [ 1.59016113e+03, 1.05348732e+02, 1.59538452e+03, 1.41578339e+02,
    1.60016614e+03, 1.77493729e+02, 1.60526331e+03, 2.13336182e+02,
    1.61006506e+03, 2.49093002e+02, 1.55144739e+03, 1.14661591e+02,
    1.55646326e+03, 1.50848709e+02, 1.56143140e+03, 1.86547058e+02,
    1.56630969e+03, 2.22053543e+02, 1.57118848e+03, 2.57281555e+02,
    1.51267981e+03, 1.24334419e+02, 1.51783679e+03, 1.60397049e+02,
    1.52281445e+03, 1.95646210e+02, 1.52782971e+03, 2.30584183e+02,
    1.53265613e+03, 2.65673401e+02, 1.47497827e+03, 1.33883682e+02,
    1.48019116e+03, 1.69369949e+02, 1.48513989e+03, 2.04395889e+02,
    1.49026770e+03, 2.39237442e+02, 1.49535828e+03, 2.73775665e+02,
    1.43750562e+03, 1.43563599e+02, 1.44275293e+03, 1.78455170e+02,
    1.44773608e+03, 2.13333557e+02, 1.45286243e+03, 2.47564575e+02,
    1.45779199e+03, 2.82082977e+02, 1.40071106e+03, 1.52614685e+02,
    1.40596069e+03, 1.87462219e+02, 1.41126794e+03, 2.21733658e+02,
    1.41634534e+03, 2.55800247e+02, 1.42150073e+03, 2.90021790e+02,
    1.36453320e+03, 1.61693985e+02, 1.37006458e+03, 1.96409424e+02,
    1.37534680e+03, 2.30198807e+02, 1.38050830e+03, 2.64099426e+02,
    1.38562061e+03, 2.97688110e+02 ]
