%YAML:1.0
---
points: [ 2.91702087e+02, 8.36834335e+01, 2.94007904e+02, 9.27576828e+01,
    2.96176910e+02, 1.01672958e+02, 2.98267426e+02, 1.10552330e+02,
    3.00456482e+02, 1.19515503e+02, 2.82972961e+02, 8.65739975e+01,
    2.85209259e+02, 9.55451126e+01, 2.87348541e+02, 1.04416580e+02,
    2.89477539e+02, 1.13351868e+02, 2.91683594e+02, 1.22112198e+02,
    2.74161438e+02, 8.94930038e+01, 2.76368835e+02, 9.83549805e+01,
    2.78596497e+02, 1.07129204e+02, 2.80794739e+02, 1.15928139e+02,
    2.82938385e+02, 1.24770554e+02, 2.65606323e+02, 9.21851273e+01,
    2.67709961e+02, 1.01015022e+02, 2.70073212e+02, 1.09846413e+02,
    2.72100769e+02, 1.18616249e+02, 2.74314972e+02, 1.27341301e+02,
    2.57158173e+02, 9.49729996e+01, 2.59286316e+02, 1.03734390e+02,
    2.61414795e+02, 1.12573799e+02, 2.63612396e+02, 1.21228508e+02,
    2.65720978e+02, 1.29903458e+02, 2.48714310e+02, 9.76532211e+01,
    2.50809525e+02, 1.06394417e+02, 2.53001663e+02, 1.15082756e+02,
    2.55171997e+02, 1.23736923e+02, 2.57339325e+02, 1.32515350e+02,
    2.40402161e+02, 1.00273163e+02, 2.42578445e+02, 1.09029976e+02,
    2.44680496e+02, 1.17567047e+02, 2.46788208e+02, 1.26273720e+02,
    2.48949081e+02, 1.34798508e+02 ]
