%YAML:1.0
---
points: [ 2.06036209e+02, 9.20168457e+01, 2.12509674e+02, 1.13211456e+02,
    2.19136383e+02, 1.34257797e+02, 2.25469666e+02, 1.55076279e+02,
    2.31778336e+02, 1.75597687e+02, 1.87968826e+02, 9.95260925e+01,
    1.94787949e+02, 1.20513672e+02, 2.01350296e+02, 1.40846237e+02,
    2.07767502e+02, 1.61305344e+02, 2.13960541e+02, 1.81166565e+02,
    1.70908951e+02, 1.06923531e+02, 1.77636612e+02, 1.27339363e+02,
    1.84265701e+02, 1.47242050e+02, 1.90352036e+02, 1.67100616e+02,
    1.96669144e+02, 1.86662460e+02, 1.54896164e+02, 1.14012573e+02,
    1.61141953e+02, 1.33795898e+02, 1.67791779e+02, 1.53378571e+02,
    1.74167206e+02, 1.72655762e+02, 1.80192276e+02, 1.91955627e+02,
    1.39456085e+02, 1.20629593e+02, 1.45255875e+02, 1.39956146e+02,
    1.51942612e+02, 1.59266388e+02, 1.58199417e+02, 1.78077621e+02,
    1.64402756e+02, 1.97044556e+02, 1.24363060e+02, 1.27193832e+02,
    1.30294708e+02, 1.46179153e+02, 1.36454041e+02, 1.64816391e+02,
    1.42925186e+02, 1.83225006e+02, 1.48828171e+02, 2.01771820e+02,
    1.09872711e+02, 1.33338043e+02, 1.15859039e+02, 1.51920471e+02,
    1.21862885e+02, 1.70212936e+02, 1.27958893e+02, 1.88327774e+02,
    1.34100540e+02, 2.06481918e+02 ]
