%YAML:1.0
---
points: [ 7.08584412e+02, 1.91549240e+02, 7.27582031e+02, 2.54821869e+02,
    7.47186401e+02, 3.17159119e+02, 7.65398438e+02, 3.78623688e+02,
    7.83837769e+02, 4.39661346e+02, 6.57397949e+02, 2.13311203e+02,
    6.77227600e+02, 2.75268402e+02, 6.96497314e+02, 3.35868927e+02,
    7.14956177e+02, 3.95970947e+02, 7.33406067e+02, 4.55548615e+02,
    6.08638855e+02, 2.34371933e+02, 6.28336365e+02, 2.94707855e+02,
    6.47605103e+02, 3.54164520e+02, 6.65667908e+02, 4.12805603e+02,
    6.84363403e+02, 4.71183197e+02, 5.63171265e+02, 2.54350693e+02,
    5.81477112e+02, 3.13334900e+02, 6.01292542e+02, 3.71274750e+02,
    6.19413269e+02, 4.28695374e+02, 6.37187256e+02, 4.85815460e+02,
    5.18914246e+02, 2.73816315e+02, 5.36379395e+02, 3.31388428e+02,
    5.55584534e+02, 3.88040314e+02, 5.74238464e+02, 4.44060822e+02,
    5.91837646e+02, 5.00246277e+02, 4.76364075e+02, 2.92097687e+02,
    4.93772156e+02, 3.48508606e+02, 5.11815094e+02, 4.04094238e+02,
    5.30439697e+02, 4.59088104e+02, 5.48104431e+02, 5.13865051e+02,
    4.35422882e+02, 3.09780914e+02, 4.52609650e+02, 3.64849152e+02,
    4.70142334e+02, 4.19327301e+02, 4.88070282e+02, 4.73365631e+02,
    5.05611572e+02, 5.27091980e+02 ]
