%YAML:1.0
---
points: [ 3.73708618e+02, 6.94519196e+01, 3.73548004e+02, 7.89776535e+01,
    3.72824280e+02, 8.85814209e+01, 3.72729156e+02, 9.80880432e+01,
    3.72251831e+02, 1.07676628e+02, 3.65914001e+02, 6.79552002e+01,
    3.65570740e+02, 7.77200394e+01, 3.64969635e+02, 8.72296829e+01,
    3.64758453e+02, 9.69042511e+01, 3.64286804e+02, 1.06578468e+02,
    3.57774841e+02, 6.63781433e+01, 3.57501465e+02, 7.62190628e+01,
    3.56772156e+02, 8.59803543e+01, 3.56668243e+02, 9.56497726e+01,
    3.55964050e+02, 1.05410316e+02, 3.49697357e+02, 6.50510025e+01,
    3.49151886e+02, 7.49461365e+01, 3.48730499e+02, 8.46826248e+01,
    3.48219910e+02, 9.43113327e+01, 3.47788940e+02, 1.04272690e+02,
    3.40955383e+02, 6.33746262e+01, 3.40843872e+02, 7.33299179e+01,
    3.40249237e+02, 8.33162308e+01, 3.39771576e+02, 9.31079407e+01,
    3.39393768e+02, 1.03270187e+02, 3.32718292e+02, 6.21668167e+01,
    3.32164001e+02, 7.21200943e+01, 3.31795471e+02, 8.19113235e+01,
    3.31327454e+02, 9.19949570e+01, 3.30866333e+02, 1.01984116e+02,
    3.23789581e+02, 6.02734566e+01, 3.23697784e+02, 7.05895691e+01,
    3.23094635e+02, 8.04963379e+01, 3.22710754e+02, 9.04294205e+01,
    3.22261536e+02, 1.00796867e+02 ]
