%YAML:1.0
---
points: [ 1.60586047e+03, 1.36775650e+02, 1.60223889e+03, 1.74025269e+02,
    1.59855054e+03, 2.09811310e+02, 1.59524146e+03, 2.45150818e+02,
    1.59152856e+03, 2.79765747e+02, 1.56937561e+03, 1.41021973e+02,
    1.56574109e+03, 1.78120407e+02, 1.56254114e+03, 2.13795975e+02,
    1.55918665e+03, 2.49139633e+02, 1.55594458e+03, 2.83272614e+02,
    1.53217053e+03, 1.45395432e+02, 1.52907947e+03, 1.82311539e+02,
    1.52620020e+03, 2.17948837e+02, 1.52337207e+03, 2.52979584e+02,
    1.52039160e+03, 2.87122681e+02, 1.49533228e+03, 1.49730072e+02,
    1.49281567e+03, 1.86495041e+02, 1.49021594e+03, 2.21933350e+02,
    1.48765723e+03, 2.56605255e+02, 1.48537915e+03, 2.90981323e+02,
    1.45847424e+03, 1.54256058e+02, 1.45647913e+03, 1.90810074e+02,
    1.45414551e+03, 2.26055206e+02, 1.45210425e+03, 2.60676025e+02,
    1.44990857e+03, 2.94611267e+02, 1.42202563e+03, 1.58481049e+02,
    1.42049805e+03, 1.94846039e+02, 1.41871960e+03, 2.30161362e+02,
    1.41692749e+03, 2.64668762e+02, 1.41545105e+03, 2.98445557e+02,
    1.38586719e+03, 1.62733978e+02, 1.38480408e+03, 1.99066162e+02,
    1.38362622e+03, 2.34346649e+02, 1.38223157e+03, 2.68595032e+02,
    1.38090210e+03, 3.02343597e+02 ]
