%YAML:1.0
---
points: [ 1.95160080e+02, 2.27353973e+02, 2.03071793e+02, 2.51025391e+02,
    2.11104660e+02, 2.73974915e+02, 2.18697174e+02, 2.97154205e+02,
    2.26378418e+02, 3.20142212e+02, 1.75277786e+02, 2.32377579e+02,
    1.83432373e+02, 2.55343262e+02, 1.91487350e+02, 2.77591949e+02,
    1.99079514e+02, 3.00126160e+02, 2.06559860e+02, 3.22051025e+02,
    1.56566315e+02, 2.37225601e+02, 1.64726212e+02, 2.59432953e+02,
    1.72541916e+02, 2.81070831e+02, 1.80133057e+02, 3.02837463e+02,
    1.87608353e+02, 3.24289490e+02, 1.39213348e+02, 2.41707352e+02,
    1.46770248e+02, 2.63453979e+02, 1.54965408e+02, 2.84253113e+02,
    1.62420242e+02, 3.05393646e+02, 1.69690292e+02, 3.26388702e+02,
    1.22826950e+02, 2.45743286e+02, 1.29845398e+02, 2.67008545e+02,
    1.37945465e+02, 2.87441833e+02, 1.45508224e+02, 3.07771423e+02,
    1.52867386e+02, 3.28155701e+02, 1.07046028e+02, 2.49704300e+02,
    1.14232819e+02, 2.70424561e+02, 1.21765968e+02, 2.90567871e+02,
    1.29473236e+02, 3.10258118e+02, 1.36808090e+02, 3.30070099e+02,
    9.20140381e+01, 2.53504532e+02, 9.93792953e+01, 2.73628693e+02,
    1.06591911e+02, 2.93145935e+02, 1.13981140e+02, 3.12477081e+02,
    1.21313187e+02, 3.31642731e+02 ]
