%YAML:1.0
---
points: [ 6.52677429e+02, 5.91383362e+02, 6.76073975e+02, 6.61601868e+02,
    7.00052246e+02, 7.29905762e+02, 7.22382812e+02, 7.98378662e+02,
    7.44808777e+02, 8.66204895e+02, 5.96691650e+02, 6.05718018e+02,
    6.21236084e+02, 6.73602844e+02, 6.44982178e+02, 7.39971741e+02,
    6.67476685e+02, 8.06194397e+02, 6.89804749e+02, 8.71627197e+02,
    5.44542664e+02, 6.19040527e+02, 5.68912292e+02, 6.84998718e+02,
    5.92629272e+02, 7.49525208e+02, 6.14581299e+02, 8.13785583e+02,
    6.37230957e+02, 8.77362305e+02, 4.96482422e+02, 6.31353149e+02,
    5.19350403e+02, 6.96011536e+02, 5.43500732e+02, 7.58375854e+02,
    5.65640320e+02, 8.20665894e+02, 5.87148499e+02, 8.83137024e+02,
    4.50646271e+02, 6.43212891e+02, 4.72177521e+02, 7.06363037e+02,
    4.95730652e+02, 7.67000183e+02, 5.18451050e+02, 8.27537048e+02,
    5.40123108e+02, 8.87672363e+02, 4.06923370e+02, 6.54118774e+02,
    4.28532196e+02, 7.15536682e+02, 4.50602173e+02, 7.75530640e+02,
    4.73366486e+02, 8.34186218e+02, 4.94881836e+02, 8.92963318e+02,
    3.65376465e+02, 6.64757263e+02, 3.86609314e+02, 7.24528320e+02,
    4.08331268e+02, 7.82952271e+02, 4.30248505e+02, 8.40456604e+02,
    4.51688568e+02, 8.97685791e+02 ]
