%YAML:1.0
---
points: [ 3.63093658e+02, 5.46786995e+01, 3.65431152e+02, 6.40522842e+01,
    3.67465698e+02, 7.38770981e+01, 3.69760712e+02, 8.35801926e+01,
    3.71874237e+02, 9.33311310e+01, 3.53311188e+02, 5.71003952e+01,
    3.55371765e+02, 6.70287323e+01, 3.57444061e+02, 7.66383972e+01,
    3.59581329e+02, 8.62380066e+01, 3.61668915e+02, 9.60159760e+01,
    3.43102570e+02, 6.00518990e+01, 3.45378571e+02, 6.97774048e+01,
    3.47408386e+02, 7.94584198e+01, 3.49508057e+02, 8.90199203e+01,
    3.51600067e+02, 9.87054520e+01, 3.33346741e+02, 6.28352547e+01,
    3.35352753e+02, 7.25322342e+01, 3.37518127e+02, 8.22282486e+01,
    3.39514557e+02, 9.19501114e+01, 3.41705017e+02, 1.01471359e+02,
    3.23605560e+02, 6.59038162e+01, 3.25748444e+02, 7.53833542e+01,
    3.27673004e+02, 8.49986496e+01, 3.29738251e+02, 9.44359283e+01,
    3.31769226e+02, 1.04235733e+02, 3.13912659e+02, 6.85646362e+01,
    3.15967896e+02, 7.82758865e+01, 3.18077881e+02, 8.76197510e+01,
    3.20063690e+02, 9.71267242e+01, 3.22125275e+02, 1.06799454e+02,
    3.04302551e+02, 7.15786133e+01, 3.06409027e+02, 8.08233109e+01,
    3.08364746e+02, 9.02869339e+01, 3.10395508e+02, 9.98288269e+01,
    3.12456268e+02, 1.09277473e+02 ]
