%YAML:1.0
---
points: [ 2.40569489e+02, 2.39313141e+02, 2.40591553e+02, 2.61580566e+02,
    2.40678223e+02, 2.83021637e+02, 2.40658325e+02, 3.04477722e+02,
    2.40721436e+02, 3.25429260e+02, 2.17469849e+02, 2.39405243e+02,
    2.17725311e+02, 2.61815033e+02, 2.18000931e+02, 2.83224792e+02,
    2.18256836e+02, 3.04759827e+02, 2.18529251e+02, 3.25465576e+02,
    1.93666245e+02, 2.39777023e+02, 1.94392883e+02, 2.61964478e+02,
    1.95022110e+02, 2.83664154e+02, 1.95475174e+02, 3.04837555e+02,
    1.95845322e+02, 3.25914978e+02, 1.70107086e+02, 2.39939575e+02,
    1.71028839e+02, 2.62503448e+02, 1.71918381e+02, 2.83838776e+02,
    1.72709305e+02, 3.05313507e+02, 1.73534210e+02, 3.26211487e+02,
    1.46676956e+02, 2.40336792e+02, 1.47405350e+02, 2.62651031e+02,
    1.48534851e+02, 2.84371429e+02, 1.49719727e+02, 3.05490448e+02,
    1.50744080e+02, 3.26738708e+02, 1.22422157e+02, 2.39999588e+02,
    1.23565598e+02, 2.62933472e+02, 1.25047104e+02, 2.84755615e+02,
    1.26516609e+02, 3.06028748e+02, 1.27988373e+02, 3.26875031e+02,
    9.80807953e+01, 2.40388397e+02, 9.98517838e+01, 2.63072662e+02,
    1.01546913e+02, 2.84953888e+02, 1.03416176e+02, 3.06295044e+02,
    1.05131416e+02, 3.27346741e+02 ]
