%YAML:1.0
---
points: [ 7.97224365e+02, 6.28441223e+02, 7.97765442e+02, 6.94121521e+02,
    7.98460327e+02, 7.57355347e+02, 7.98766907e+02, 8.20289368e+02,
    7.99295105e+02, 8.82019104e+02, 7.27780823e+02, 6.28537659e+02,
    7.29450317e+02, 6.93945068e+02, 7.31148193e+02, 7.57395752e+02,
    7.32233948e+02, 8.20203369e+02, 7.33326599e+02, 8.81976929e+02,
    6.57436218e+02, 6.28129822e+02, 6.60111938e+02, 6.93966064e+02,
    6.62420898e+02, 7.57598328e+02, 6.64354370e+02, 8.20621277e+02,
    6.66296082e+02, 8.82375366e+02, 5.87113586e+02, 6.27558777e+02,
    5.90288757e+02, 6.94059021e+02, 5.93823975e+02, 7.57634094e+02,
    5.96575562e+02, 8.20595215e+02, 5.99188354e+02, 8.83070923e+02,
    5.15861816e+02, 6.26999939e+02, 5.19173462e+02, 6.94057190e+02,
    5.23693298e+02, 7.58190247e+02, 5.27885132e+02, 8.20936646e+02,
    5.31481689e+02, 8.83054504e+02, 4.44129120e+02, 6.26276550e+02,
    4.48707458e+02, 6.93550903e+02, 4.53672943e+02, 7.58586121e+02,
    4.58883179e+02, 8.21458191e+02, 4.63626190e+02, 8.83790283e+02,
    3.72350952e+02, 6.25700256e+02, 3.77784210e+02, 6.93333496e+02,
    3.83539490e+02, 7.58608032e+02, 3.89639862e+02, 8.22020264e+02,
    3.95398376e+02, 8.84352234e+02 ]
