%YAML:1.0
---
points: [ 1.50877722e+03, 1.03319695e+02, 1.53082446e+03, 1.32852325e+02,
    1.55265784e+03, 1.61934464e+02, 1.57450305e+03, 1.91206268e+02,
    1.59623999e+03, 2.20434097e+02, 1.47577771e+03, 1.27603951e+02,
    1.49754077e+03, 1.56343826e+02, 1.51899304e+03, 1.84560562e+02,
    1.54032629e+03, 2.12994354e+02, 1.56158044e+03, 2.41289490e+02,
    1.44420654e+03, 1.50829559e+02, 1.46548706e+03, 1.78772934e+02,
    1.48652649e+03, 2.06305527e+02, 1.50732812e+03, 2.33993668e+02,
    1.52829785e+03, 2.61478180e+02, 1.41438525e+03, 1.72790268e+02,
    1.43514844e+03, 2.00131409e+02, 1.45570569e+03, 2.26758591e+02,
    1.47608350e+03, 2.53630905e+02, 1.49660046e+03, 2.80665924e+02,
    1.38573145e+03, 1.93855881e+02, 1.40581946e+03, 2.20564224e+02,
    1.42606897e+03, 2.46607727e+02, 1.44616504e+03, 2.72620453e+02,
    1.46614917e+03, 2.99091034e+02, 1.35846667e+03, 2.13953568e+02,
    1.37811755e+03, 2.39964005e+02, 1.39774683e+03, 2.65605194e+02,
    1.41744788e+03, 2.90954163e+02, 1.43714771e+03, 3.16515503e+02,
    1.33241882e+03, 2.33212372e+02, 1.35167078e+03, 2.58516357e+02,
    1.37077258e+03, 2.83591400e+02, 1.39010327e+03, 3.08435974e+02,
    1.40931128e+03, 3.33342529e+02 ]
