%YAML:1.0
---
points: [ 8.69486694e+02, 6.71961731e+02, 8.49136353e+02, 7.27947266e+02,
    8.28302429e+02, 7.82342590e+02, 8.08212219e+02, 8.37413147e+02,
    7.87625183e+02, 8.92081726e+02, 8.17758667e+02, 6.61851440e+02,
    7.96259705e+02, 7.19145813e+02, 7.74853088e+02, 7.75397644e+02,
    7.54218445e+02, 8.31795349e+02, 7.33435486e+02, 8.87894592e+02,
    7.61361450e+02, 6.50573853e+02, 7.39438965e+02, 7.09733093e+02,
    7.17591553e+02, 7.67764160e+02, 6.96327942e+02, 8.26496582e+02,
    6.74792236e+02, 8.84411743e+02, 7.00925659e+02, 6.38463440e+02,
    6.79077576e+02, 7.00257629e+02, 6.56572021e+02, 7.59962219e+02,
    6.34618042e+02, 8.20125427e+02, 6.13240784e+02, 8.80809021e+02,
    6.35764038e+02, 6.24900085e+02, 6.13527405e+02, 6.89587524e+02,
    5.90662781e+02, 7.51709839e+02, 5.68286926e+02, 8.13737915e+02,
    5.46128601e+02, 8.76011414e+02, 5.65990479e+02, 6.10749023e+02,
    5.43221436e+02, 6.77702637e+02, 5.20269897e+02, 7.43267944e+02,
    4.97413147e+02, 8.07438171e+02, 4.75198517e+02, 8.71832520e+02,
    4.91031494e+02, 5.95921692e+02, 4.67618744e+02, 6.65481567e+02,
    4.44577942e+02, 7.33526001e+02, 4.21609741e+02, 8.00554565e+02,
    3.99254608e+02, 8.67093872e+02 ]
