%YAML:1.0
---
points: [ 3.40430206e+02, 4.74887314e+01, 3.44134308e+02, 5.56095848e+01,
    3.47732056e+02, 6.41809616e+01, 3.51388763e+02, 7.25317307e+01,
    3.55080872e+02, 8.12287903e+01, 3.32512238e+02, 5.38305740e+01,
    3.36022705e+02, 6.22524948e+01, 3.39599243e+02, 7.04012604e+01,
    3.43075745e+02, 7.90271454e+01, 3.46679199e+02, 8.75015411e+01,
    3.24657104e+02, 6.03950195e+01, 3.28222321e+02, 6.85009537e+01,
    3.31579620e+02, 7.67025681e+01, 3.35020752e+02, 8.51401291e+01,
    3.38429535e+02, 9.35252914e+01, 3.17425964e+02, 6.66470642e+01,
    3.20455200e+02, 7.46132507e+01, 3.23991730e+02, 8.28593216e+01,
    3.27228516e+02, 9.09242020e+01, 3.30491852e+02, 9.93489075e+01,
    3.10237305e+02, 7.24816513e+01, 3.13237579e+02, 8.06203461e+01,
    3.16423035e+02, 8.86289368e+01, 3.19671112e+02, 9.68731537e+01,
    3.22910004e+02, 1.05100357e+02, 3.03338043e+02, 7.86179962e+01,
    3.06141815e+02, 8.62749634e+01, 3.09198059e+02, 9.42371216e+01,
    3.12384918e+02, 1.02216599e+02, 3.15503479e+02, 1.10510368e+02,
    2.96466309e+02, 8.40712280e+01, 2.99300995e+02, 9.18338623e+01,
    3.02208496e+02, 9.94226913e+01, 3.05297516e+02, 1.07715858e+02,
    3.08269257e+02, 1.15691910e+02 ]
