%YAML:1.0
---
points: [ 2.60424408e+02, 2.53997375e+02, 2.53620865e+02, 2.73083740e+02,
    2.46689423e+02, 2.91434235e+02, 2.40005981e+02, 3.10130859e+02,
    2.33262787e+02, 3.28826019e+02, 2.44055176e+02, 2.50527283e+02,
    2.36751343e+02, 2.70259735e+02, 2.29760223e+02, 2.89103088e+02,
    2.22784912e+02, 3.08603363e+02, 2.15923828e+02, 3.27716095e+02,
    2.26162277e+02, 2.47085159e+02, 2.18807816e+02, 2.67124756e+02,
    2.11552902e+02, 2.86870056e+02, 2.04391769e+02, 3.06814667e+02,
    1.97209717e+02, 3.26580353e+02, 2.06947556e+02, 2.43086456e+02,
    1.99645218e+02, 2.64035919e+02, 1.92182266e+02, 2.84390381e+02,
    1.84757690e+02, 3.05037811e+02, 1.77701752e+02, 3.25444885e+02,
    1.86422928e+02, 2.39040771e+02, 1.79080307e+02, 2.60727295e+02,
    1.71316742e+02, 2.81936584e+02, 1.63817154e+02, 3.02978149e+02,
    1.56424301e+02, 3.24208710e+02, 1.64487167e+02, 2.34262695e+02,
    1.56766830e+02, 2.57151642e+02, 1.49182037e+02, 2.79226593e+02,
    1.41498093e+02, 3.01092651e+02, 1.33978745e+02, 3.22915070e+02,
    1.40710953e+02, 2.29679016e+02, 1.33024445e+02, 2.53158249e+02,
    1.25227814e+02, 2.76351501e+02, 1.17586113e+02, 2.98954437e+02,
    1.10039223e+02, 3.21296021e+02 ]
