%YAML:1.0
---
points: [ 1.28005237e+03, 1.20465775e+02, 1.29474475e+03, 1.54667374e+02,
    1.30934924e+03, 1.88271988e+02, 1.32357080e+03, 2.21317947e+02,
    1.33759363e+03, 2.53936188e+02, 1.24558813e+03, 1.39075500e+02,
    1.26054724e+03, 1.72581406e+02, 1.27504517e+03, 2.05300262e+02,
    1.28920520e+03, 2.37588425e+02, 1.30345276e+03, 2.69378662e+02,
    1.21231470e+03, 1.57077637e+02, 1.22721277e+03, 1.89805237e+02,
    1.24157495e+03, 2.21830582e+02, 1.25584045e+03, 2.53512283e+02,
    1.27000330e+03, 2.84591064e+02, 1.18046350e+03, 1.74289856e+02,
    1.19516907e+03, 2.06376480e+02, 1.20972607e+03, 2.37615295e+02,
    1.22390491e+03, 2.68571045e+02, 1.23816663e+03, 2.99375824e+02,
    1.14966833e+03, 1.91026520e+02, 1.16419690e+03, 2.22471832e+02,
    1.17864844e+03, 2.53213348e+02, 1.19296667e+03, 2.83479462e+02,
    1.20696558e+03, 3.13455017e+02, 1.11974792e+03, 2.07025299e+02,
    1.13450000e+03, 2.37894028e+02, 1.14874377e+03, 2.68060242e+02,
    1.16299182e+03, 2.97663422e+02, 1.17717090e+03, 3.27101593e+02,
    1.09117725e+03, 2.22549118e+02, 1.10560522e+03, 2.52845139e+02,
    1.11991541e+03, 2.82464783e+02, 1.13420752e+03, 3.11424683e+02,
    1.14822900e+03, 3.40257080e+02 ]
