%YAML:1.0
---
points: [ 1.01942432e+03, 5.72413208e+02, 9.97396423e+02, 6.45713684e+02,
    9.74577209e+02, 7.17049561e+02, 9.53347412e+02, 7.88219360e+02,
    9.31644775e+02, 8.58897461e+02, 9.53650879e+02, 5.58297363e+02,
    9.30414185e+02, 6.33749756e+02, 9.07611267e+02, 7.07493469e+02,
    8.85561157e+02, 7.80897400e+02, 8.63510559e+02, 8.53919800e+02,
    8.81595154e+02, 5.42377563e+02, 8.58251587e+02, 6.20913208e+02,
    8.34901855e+02, 6.97365356e+02, 8.12697144e+02, 7.73757385e+02,
    7.90184265e+02, 8.49331909e+02, 8.04213440e+02, 5.25101013e+02,
    7.80906433e+02, 6.07468506e+02, 7.57335815e+02, 6.86638184e+02,
    7.34381531e+02, 7.65681885e+02, 7.12038147e+02, 8.44729431e+02,
    7.19323608e+02, 5.06456421e+02, 6.96403687e+02, 5.92532410e+02,
    6.72451965e+02, 6.75442993e+02, 6.49346619e+02, 7.57395630e+02,
    6.26453064e+02, 8.39135681e+02, 6.27662415e+02, 4.86065979e+02,
    6.04347107e+02, 5.76044617e+02, 5.80949829e+02, 6.63540588e+02,
    5.57598572e+02, 7.48976257e+02, 5.34774963e+02, 8.34020203e+02,
    5.28169617e+02, 4.64180206e+02, 5.04527679e+02, 5.58543396e+02,
    4.81273163e+02, 6.50110229e+02, 4.58373993e+02, 7.39814697e+02,
    4.35678864e+02, 8.28422363e+02 ]
