%YAML:1.0
---
points: [ 4.13545624e+02, 3.83453331e+01, 4.16594025e+02, 4.68060417e+01,
    4.19192566e+02, 5.62165680e+01, 4.22152252e+02, 6.49979477e+01,
    4.24831360e+02, 7.43719025e+01, 4.03595612e+02, 4.05501709e+01,
    4.06056641e+02, 4.97022476e+01, 4.08829407e+02, 5.85064735e+01,
    4.11347351e+02, 6.78800812e+01, 4.14123047e+02, 7.69149628e+01,
    3.93022278e+02, 4.34487991e+01, 3.95737732e+02, 5.22524185e+01,
    3.98228882e+02, 6.15604401e+01, 4.00877136e+02, 7.04795685e+01,
    4.03350586e+02, 7.98845673e+01, 3.82980377e+02, 4.60483131e+01,
    3.85228424e+02, 5.51086693e+01, 3.87736664e+02, 6.40520935e+01,
    3.90174744e+02, 7.32863464e+01, 3.92749725e+02, 8.24351349e+01,
    3.72517029e+02, 4.88709068e+01, 3.75128601e+02, 5.78542938e+01,
    3.77332581e+02, 6.70462723e+01, 3.79697968e+02, 7.58425598e+01,
    3.82111359e+02, 8.54560318e+01, 3.62414154e+02, 5.16982002e+01,
    3.64663605e+02, 6.05968704e+01, 3.67108398e+02, 6.95740051e+01,
    3.69190369e+02, 7.85674973e+01, 3.71592377e+02, 8.80361786e+01,
    3.52351593e+02, 5.44683304e+01, 3.54611084e+02, 6.33104858e+01,
    3.56688385e+02, 7.23712463e+01, 3.58963409e+02, 8.14134979e+01,
    3.61041962e+02, 9.06096497e+01 ]
