%YAML:1.0
---
points: [ 3.21181427e+02, 2.19540405e+02, 3.13649353e+02, 2.44560944e+02,
    3.05868622e+02, 2.68765289e+02, 2.98720276e+02, 2.93080292e+02,
    2.91293518e+02, 3.17034424e+02, 3.00364868e+02, 2.14864304e+02,
    2.92389465e+02, 2.40770859e+02, 2.84597137e+02, 2.65732635e+02,
    2.77177155e+02, 2.90851959e+02, 2.69849823e+02, 3.15412048e+02,
    2.77513397e+02, 2.09759369e+02, 2.69405792e+02, 2.36549438e+02,
    2.61647034e+02, 2.62573730e+02, 2.54191437e+02, 2.88488464e+02,
    2.46306122e+02, 3.14047485e+02, 2.53045380e+02, 2.04455109e+02,
    2.45304810e+02, 2.32266312e+02, 2.37144363e+02, 2.59131561e+02,
    2.29511353e+02, 2.86109741e+02, 2.22029526e+02, 3.12660675e+02,
    2.27067047e+02, 1.99045914e+02, 2.19149582e+02, 2.27177658e+02,
    2.10664276e+02, 2.55591980e+02, 2.02931534e+02, 2.83135101e+02,
    1.94804245e+02, 3.11109589e+02, 1.97868057e+02, 1.91942581e+02,
    1.90105957e+02, 2.22493118e+02, 1.82258560e+02, 2.51702682e+02,
    1.74068970e+02, 2.80920074e+02, 1.66925140e+02, 3.08971375e+02,
    1.67639404e+02, 1.85684814e+02, 1.58768478e+02, 2.16943451e+02,
    1.51301971e+02, 2.48338287e+02, 1.43859924e+02, 2.77427856e+02,
    1.35315689e+02, 3.08567322e+02 ]
