%YAML:1.0
---
points: [ 1.35230701e+03, 1.80477203e+02, 1.34326404e+03, 2.15702744e+02,
    1.33387219e+03, 2.49924438e+02, 1.32547620e+03, 2.83618042e+02,
    1.31674756e+03, 3.16813263e+02, 1.32313586e+03, 1.76128723e+02,
    1.31379578e+03, 2.11787506e+02, 1.30523071e+03, 2.46250565e+02,
    1.29643335e+03, 2.80430145e+02, 1.28816870e+03, 3.13515320e+02,
    1.29281641e+03, 1.71504318e+02, 1.28387268e+03, 2.07674454e+02,
    1.27528235e+03, 2.42650009e+02, 1.26717957e+03, 2.76908722e+02,
    1.25881885e+03, 3.10589996e+02, 1.26219983e+03, 1.67071030e+02,
    1.25373572e+03, 2.03517502e+02, 1.24511707e+03, 2.38986984e+02,
    1.23729663e+03, 2.73474884e+02, 1.22947278e+03, 3.07572632e+02,
    1.23079602e+03, 1.62470840e+02, 1.22285767e+03, 1.99255661e+02,
    1.21452979e+03, 2.34970322e+02, 1.20667334e+03, 2.69892365e+02,
    1.19919019e+03, 3.04233734e+02, 1.19910815e+03, 1.57653885e+02,
    1.19131091e+03, 1.95008148e+02, 1.18376880e+03, 2.31115662e+02,
    1.17597791e+03, 2.66364685e+02, 1.16893420e+03, 3.01201141e+02,
    1.16710278e+03, 1.52865295e+02, 1.15967859e+03, 1.90755615e+02,
    1.15256250e+03, 2.27287582e+02, 1.14534924e+03, 2.62706848e+02,
    1.13839355e+03, 2.97702087e+02 ]
