%YAML:1.0
---
points: [ 2.92167877e+02, 2.26999847e+02, 2.90493134e+02, 2.51256866e+02,
    2.88938660e+02, 2.74524078e+02, 2.87603729e+02, 2.97676208e+02,
    2.85964905e+02, 3.20454926e+02, 2.67662323e+02, 2.26292862e+02,
    2.66143372e+02, 2.50980865e+02, 2.64919739e+02, 2.74205170e+02,
    2.63675171e+02, 2.97768646e+02, 2.62430634e+02, 3.20341980e+02,
    2.42067032e+02, 2.26041779e+02, 2.40943848e+02, 2.50674042e+02,
    2.40049210e+02, 2.74185303e+02, 2.39152512e+02, 2.97640930e+02,
    2.37955582e+02, 3.20531433e+02, 2.16259964e+02, 2.25495590e+02,
    2.15958389e+02, 2.50412170e+02, 2.15138474e+02, 2.73788361e+02,
    2.14233597e+02, 2.97566711e+02, 2.13707550e+02, 3.20797943e+02,
    1.90674698e+02, 2.25182373e+02, 1.90060455e+02, 2.49632828e+02,
    1.89529694e+02, 2.74044220e+02, 1.89014130e+02, 2.97610016e+02,
    1.88530197e+02, 3.21191162e+02, 1.63779694e+02, 2.24032959e+02,
    1.63521561e+02, 2.49601532e+02, 1.63313950e+02, 2.74148895e+02,
    1.63293930e+02, 2.97921295e+02, 1.63233475e+02, 3.21486267e+02,
    1.36563736e+02, 2.23728363e+02, 1.36722626e+02, 2.49116837e+02,
    1.36865036e+02, 2.74189362e+02, 1.37130539e+02, 2.98277893e+02,
    1.37341797e+02, 3.21939667e+02 ]
