%YAML:1.0
---
points: [ 1.34483679e+03, 1.81616592e+02, 1.34048083e+03, 2.14338760e+02,
    1.33542993e+03, 2.46746307e+02, 1.33083569e+03, 2.79344635e+02,
    1.32620850e+03, 3.11869751e+02, 1.32190259e+03, 1.72351044e+02,
    1.31702954e+03, 2.05631866e+02, 1.31207544e+03, 2.38542694e+02,
    1.30702673e+03, 2.71512665e+02, 1.30205811e+03, 3.04497742e+02,
    1.29741956e+03, 1.62927063e+02, 1.29232202e+03, 1.96638931e+02,
    1.28724963e+03, 2.30168823e+02, 1.28254785e+03, 2.63509521e+02,
    1.27708044e+03, 2.97198120e+02, 1.27217346e+03, 1.53427597e+02,
    1.26730603e+03, 1.87557007e+02, 1.26171167e+03, 2.21527100e+02,
    1.25702808e+03, 2.55477081e+02, 1.25243384e+03, 2.89525909e+02,
    1.24626343e+03, 1.43467331e+02, 1.24152649e+03, 1.77999619e+02,
    1.23577234e+03, 2.12629227e+02, 1.23073474e+03, 2.46891479e+02,
    1.22570142e+03, 2.81619537e+02, 1.21958276e+03, 1.32981979e+02,
    1.21445886e+03, 1.68401840e+02, 1.20943518e+03, 2.03346542e+02,
    1.20410583e+03, 2.38361969e+02, 1.19927710e+03, 2.73454987e+02,
    1.19244678e+03, 1.22358345e+02, 1.18750818e+03, 1.58233032e+02,
    1.18241321e+03, 1.93585510e+02, 1.17737817e+03, 2.29277145e+02,
    1.17204712e+03, 2.64737976e+02 ]
