%YAML:1.0
---
points: [ 3.96624207e+02, 3.34354248e+01, 4.01243011e+02, 4.20718346e+01,
    4.05462494e+02, 5.12411652e+01, 4.09940094e+02, 6.01414299e+01,
    4.14410736e+02, 6.95937195e+01, 3.87243561e+02, 3.92520485e+01,
    3.91397949e+02, 4.84066620e+01, 3.95803009e+02, 5.71812363e+01,
    4.00096130e+02, 6.63383942e+01, 4.04292175e+02, 7.53186874e+01,
    3.77727966e+02, 4.58429451e+01, 3.82082764e+02, 5.43462105e+01,
    3.86159119e+02, 6.33260345e+01, 3.90279419e+02, 7.21634216e+01,
    3.94460876e+02, 8.13783569e+01, 3.68810486e+02, 5.15734100e+01,
    3.72677155e+02, 6.04778214e+01, 3.76894684e+02, 6.92097549e+01,
    3.80832611e+02, 7.80676346e+01, 3.84937408e+02, 8.71080627e+01,
    3.59924774e+02, 5.79385948e+01, 3.63721405e+02, 6.62707977e+01,
    3.67659821e+02, 7.51503448e+01, 3.71625854e+02, 8.37374649e+01,
    3.75482025e+02, 9.27020645e+01, 3.51274658e+02, 6.33941307e+01,
    3.55003052e+02, 7.22575378e+01, 3.58765228e+02, 8.06086044e+01,
    3.62633545e+02, 8.93362122e+01, 3.66425964e+02, 9.81916504e+01,
    3.42863922e+02, 6.93145676e+01, 3.46504272e+02, 7.75897751e+01,
    3.50151886e+02, 8.61861954e+01, 3.53867981e+02, 9.47144394e+01,
    3.57548645e+02, 1.03372948e+02 ]
