%YAML:1.0
---
points: [ 9.40131470e+02, 5.93189575e+02, 9.36370544e+02, 6.64692505e+02,
    9.32072327e+02, 7.33447815e+02, 9.28171997e+02, 8.01753357e+02,
    9.24163940e+02, 8.68947510e+02, 8.66319885e+02, 5.91313293e+02,
    8.63008057e+02, 6.62712830e+02, 8.59694763e+02, 7.32293091e+02,
    8.56396301e+02, 8.00741943e+02, 8.53283447e+02, 8.68206604e+02,
    7.90317139e+02, 5.88653992e+02, 7.87930908e+02, 6.61119507e+02,
    7.85528381e+02, 7.31094666e+02, 7.82960022e+02, 8.00400391e+02,
    7.80554993e+02, 8.68073303e+02, 7.13170166e+02, 5.86124390e+02,
    7.11685364e+02, 6.59593689e+02, 7.10521484e+02, 7.29811707e+02,
    7.08680481e+02, 7.99588745e+02, 7.07121216e+02, 8.68594421e+02,
    6.34153625e+02, 5.83346069e+02, 6.33321533e+02, 6.57903320e+02,
    6.33024475e+02, 7.29233093e+02, 6.32470520e+02, 7.99049805e+02,
    6.31661987e+02, 8.68226501e+02, 5.53497498e+02, 5.80613464e+02,
    5.53829956e+02, 6.55861328e+02, 5.54344177e+02, 7.28609497e+02,
    5.54942505e+02, 7.98951599e+02, 5.55207703e+02, 8.68934753e+02,
    4.71507782e+02, 5.77980469e+02, 4.72855133e+02, 6.54265686e+02,
    4.74397858e+02, 7.27680359e+02, 4.76094910e+02, 7.98969238e+02,
    4.77568298e+02, 8.69249695e+02 ]
