%YAML:1.0
---
points: [ 1.27762061e+03, 1.01673149e+02, 1.28939648e+03, 1.35593781e+02,
    1.30120129e+03, 1.69408157e+02, 1.31278235e+03, 2.03406372e+02,
    1.32469470e+03, 2.37463120e+02, 1.24331738e+03, 1.19480812e+02,
    1.25491296e+03, 1.53099808e+02, 1.26638318e+03, 1.86301529e+02,
    1.27782324e+03, 2.19633087e+02, 1.28953577e+03, 2.53131058e+02,
    1.20994885e+03, 1.36924683e+02, 1.22144141e+03, 1.69847870e+02,
    1.23262756e+03, 2.02686111e+02, 1.24374695e+03, 2.35590225e+02,
    1.25532458e+03, 2.68545349e+02, 1.17828113e+03, 1.53810410e+02,
    1.18928320e+03, 1.86260300e+02, 1.20045312e+03, 2.18453583e+02,
    1.21134119e+03, 2.50716614e+02, 1.22242432e+03, 2.83307831e+02,
    1.14736975e+03, 1.70301758e+02, 1.15794702e+03, 2.02039764e+02,
    1.16876636e+03, 2.33878891e+02, 1.17963025e+03, 2.65555908e+02,
    1.19036487e+03, 2.97616943e+02, 1.11741919e+03, 1.86033463e+02,
    1.12787646e+03, 2.17353653e+02, 1.13847607e+03, 2.48492737e+02,
    1.14904004e+03, 2.79731873e+02, 1.15963721e+03, 3.11348877e+02,
    1.08851086e+03, 2.01103226e+02, 1.09875183e+03, 2.32052780e+02,
    1.10911072e+03, 2.62676086e+02, 1.11943787e+03, 2.93485962e+02,
    1.12979004e+03, 3.24438507e+02 ]
