%YAML:1.0
---
points: [ 7.87540283e+02, 5.39569885e+02, 8.11399109e+02, 6.18222290e+02,
    8.35294312e+02, 6.94281311e+02, 8.57915283e+02, 7.70291138e+02,
    8.80497192e+02, 8.45456665e+02, 7.20245239e+02, 5.56313721e+02,
    7.45112549e+02, 6.32177307e+02, 7.69167908e+02, 7.05813721e+02,
    7.91629028e+02, 7.79317871e+02, 8.14215454e+02, 8.52018982e+02,
    6.56918091e+02, 5.71790894e+02, 6.81763794e+02, 6.45430054e+02,
    7.05872131e+02, 7.17164490e+02, 7.28246521e+02, 7.88373413e+02,
    7.51100769e+02, 8.58884949e+02, 5.98338257e+02, 5.86339050e+02,
    6.21884399e+02, 6.58180176e+02, 6.46608154e+02, 7.27434204e+02,
    6.69194824e+02, 7.96542847e+02, 6.91079163e+02, 8.65552856e+02,
    5.42481750e+02, 5.99866760e+02, 5.64907227e+02, 6.70286194e+02,
    5.89267883e+02, 7.37733459e+02, 6.12305481e+02, 8.04493408e+02,
    6.34414917e+02, 8.71338867e+02, 4.89377808e+02, 6.12793213e+02,
    5.11901581e+02, 6.81201050e+02, 5.34675842e+02, 7.47580444e+02,
    5.58131287e+02, 8.12649719e+02, 5.80236938e+02, 8.77581055e+02,
    4.38670135e+02, 6.25173523e+02, 4.61243622e+02, 6.91719116e+02,
    4.83576996e+02, 7.56460999e+02, 5.06404663e+02, 8.20183716e+02,
    5.28507629e+02, 8.83426025e+02 ]
