%YAML:1.0
---
points: [ 2.45072083e+02, 2.09352982e+02, 2.53113052e+02, 2.35813538e+02,
    2.61171814e+02, 2.61455902e+02, 2.68935730e+02, 2.87138306e+02,
    2.76539612e+02, 3.12572906e+02, 2.21376282e+02, 2.14968933e+02,
    2.29499756e+02, 2.40754211e+02, 2.37497223e+02, 2.65382660e+02,
    2.45208511e+02, 2.90519836e+02, 2.53027130e+02, 3.14713989e+02,
    1.98691269e+02, 2.20817230e+02, 2.06932098e+02, 2.45493729e+02,
    2.14849075e+02, 2.69547394e+02, 2.22503708e+02, 2.93604858e+02,
    2.30000351e+02, 3.17384857e+02, 1.77614853e+02, 2.25914307e+02,
    1.85545685e+02, 2.50015030e+02, 1.93737701e+02, 2.73319916e+02,
    2.01238297e+02, 2.96724457e+02, 2.08742554e+02, 3.19962524e+02,
    1.57866898e+02, 2.30893845e+02, 1.65268829e+02, 2.54292938e+02,
    1.73420883e+02, 2.77124573e+02, 1.81103867e+02, 2.99508820e+02,
    1.88505371e+02, 3.22288422e+02, 1.38648575e+02, 2.35344620e+02,
    1.46264847e+02, 2.58362366e+02, 1.53762314e+02, 2.80815552e+02,
    1.61613800e+02, 3.02569580e+02, 1.69156418e+02, 3.24471466e+02,
    1.20462784e+02, 2.39915009e+02, 1.28039001e+02, 2.62213013e+02,
    1.35657593e+02, 2.83958496e+02, 1.43186188e+02, 3.05429932e+02,
    1.50646439e+02, 3.26729126e+02 ]
