%YAML:1.0
---
points: [ 3.39922485e+02, 2.70622501e+01, 3.42534302e+02, 3.70337715e+01,
    3.44644653e+02, 4.75029030e+01, 3.47222717e+02, 5.79395294e+01,
    3.49381409e+02, 6.84939880e+01, 3.29462952e+02, 2.96427155e+01,
    3.31588318e+02, 4.02407570e+01, 3.33978790e+02, 5.03813286e+01,
    3.36187286e+02, 6.10025978e+01, 3.38622742e+02, 7.15568008e+01,
    3.18367584e+02, 3.27075996e+01, 3.21068512e+02, 4.31435013e+01,
    3.23179718e+02, 5.36810646e+01, 3.25325867e+02, 6.38029022e+01,
    3.27603912e+02, 7.47243652e+01, 3.08061615e+02, 3.56644173e+01,
    3.10070374e+02, 4.61791611e+01, 3.12503723e+02, 5.65646172e+01,
    3.14669403e+02, 6.69073715e+01, 3.16954865e+02, 7.73224869e+01,
    2.97268127e+02, 3.89729156e+01, 2.99695679e+02, 4.90400696e+01,
    3.01749878e+02, 5.95585632e+01, 3.04109680e+02, 6.99011688e+01,
    3.06161041e+02, 8.03550873e+01, 2.87104401e+02, 4.18540268e+01,
    2.89162140e+02, 5.19469299e+01, 2.91418640e+02, 6.22363815e+01,
    2.93490967e+02, 7.27522354e+01, 2.95709839e+02, 8.30852585e+01,
    2.76636963e+02, 4.51275101e+01, 2.78913971e+02, 5.49569359e+01,
    2.80979309e+02, 6.51133423e+01, 2.83203522e+02, 7.55197296e+01,
    2.85280182e+02, 8.58326645e+01 ]
