%YAML:1.0
---
points: [ 3.67069458e+02, 1.64889771e+02, 3.68414795e+02, 1.75617661e+02,
    3.69811523e+02, 1.86255325e+02, 3.71201508e+02, 1.96861404e+02,
    3.72649872e+02, 2.07502472e+02, 3.56204803e+02, 1.66311478e+02,
    3.57549561e+02, 1.77095428e+02, 3.58919556e+02, 1.87574738e+02,
    3.60395294e+02, 1.98316406e+02, 3.61828949e+02, 2.08902359e+02,
    3.45346405e+02, 1.67938370e+02, 3.46767517e+02, 1.78605804e+02,
    3.48016907e+02, 1.89087280e+02, 3.49418274e+02, 1.99712845e+02,
    3.50784180e+02, 2.10262817e+02, 3.34530914e+02, 1.69430786e+02,
    3.36037384e+02, 1.79962738e+02, 3.37312317e+02, 1.90586456e+02,
    3.38744324e+02, 2.01066574e+02, 3.40107544e+02, 2.11699844e+02,
    3.23823730e+02, 1.70855957e+02, 3.25286285e+02, 1.81416290e+02,
    3.26556000e+02, 1.92073868e+02, 3.27850067e+02, 2.02362732e+02,
    3.29320160e+02, 2.13144379e+02, 3.13108429e+02, 1.72222519e+02,
    3.14479584e+02, 1.82845901e+02, 3.15829559e+02, 1.93363831e+02,
    3.17218933e+02, 2.03750168e+02, 3.18617249e+02, 2.14459351e+02,
    3.02543915e+02, 1.73655655e+02, 3.03916901e+02, 1.84331772e+02,
    3.05247589e+02, 1.94747894e+02, 3.06690918e+02, 2.05182037e+02,
    3.08021454e+02, 2.15719437e+02 ]
