%YAML:1.0
---
points: [ 7.70121826e+02, 6.32806091e+02, 7.76847717e+02, 6.97001709e+02,
    7.83883423e+02, 7.59143188e+02, 7.90238464e+02, 8.20858215e+02,
    7.96536194e+02, 8.81757812e+02, 7.04753784e+02, 6.36561584e+02,
    7.12629211e+02, 7.00011169e+02, 7.20339417e+02, 7.61646484e+02,
    7.27403198e+02, 8.22819336e+02, 7.34182556e+02, 8.83139404e+02,
    6.39673706e+02, 6.39970886e+02, 6.48646362e+02, 7.03037659e+02,
    6.56964783e+02, 7.64547424e+02, 6.64462036e+02, 8.25299622e+02,
    6.72243103e+02, 8.85078186e+02, 5.76465088e+02, 6.43194763e+02,
    5.85370422e+02, 7.06285217e+02, 5.94724609e+02, 7.66783203e+02,
    6.02846680e+02, 8.27333435e+02, 6.11012939e+02, 8.87188416e+02,
    5.13375488e+02, 6.46169006e+02, 5.22161011e+02, 7.09326050e+02,
    5.32300964e+02, 7.69898132e+02, 5.41483765e+02, 8.29407593e+02,
    5.50147888e+02, 8.88442444e+02, 4.50852936e+02, 6.49235046e+02,
    4.60534027e+02, 7.12020325e+02, 4.70433289e+02, 7.72642456e+02,
    4.80716919e+02, 8.31948547e+02, 4.90346161e+02, 8.90692322e+02,
    3.89463654e+02, 6.52235718e+02, 3.99636932e+02, 7.14572937e+02,
    4.10100922e+02, 7.75229126e+02, 4.20608215e+02, 8.34239746e+02,
    4.30818787e+02, 8.92479370e+02 ]
