%YAML:1.0
---
points: [ 9.72021118e+02, 2.19608643e+02, 9.76386169e+02, 2.52093491e+02,
    9.80894958e+02, 2.84209900e+02, 9.85421387e+02, 3.16105255e+02,
    9.89780151e+02, 3.48239807e+02, 9.40395508e+02, 2.24595779e+02,
    9.44963867e+02, 2.57143188e+02, 9.49520447e+02, 2.89150452e+02,
    9.53978516e+02, 3.21040253e+02, 9.58570923e+02, 3.52826752e+02,
    9.08827759e+02, 2.29712082e+02, 9.13489441e+02, 2.62233612e+02,
    9.18091187e+02, 2.94083893e+02, 9.22603699e+02, 3.25782440e+02,
    9.27186768e+02, 3.57714325e+02, 8.77678894e+02, 2.34922867e+02,
    8.82337585e+02, 2.66963593e+02, 8.86958008e+02, 2.98997742e+02,
    8.91519043e+02, 3.30635468e+02, 8.96194214e+02, 3.62423553e+02,
    8.46602661e+02, 2.40069580e+02, 8.51005005e+02, 2.71969330e+02,
    8.55672607e+02, 3.03820557e+02, 8.60390442e+02, 3.35403412e+02,
    8.64930603e+02, 3.67131439e+02, 8.15541626e+02, 2.44891739e+02,
    8.20308044e+02, 2.76850494e+02, 8.24772827e+02, 3.08509369e+02,
    8.29455444e+02, 3.40093506e+02, 8.33986511e+02, 3.71705261e+02,
    7.84720764e+02, 2.49744095e+02, 7.89440735e+02, 2.81631226e+02,
    7.94119141e+02, 3.13145966e+02, 7.98695984e+02, 3.44660736e+02,
    8.03357239e+02, 3.76265808e+02 ]
