%YAML:1.0
---
points: [ 2.30371689e+02, 2.41009094e+02, 2.32534576e+02, 2.62704041e+02,
    2.34800278e+02, 2.83699188e+02, 2.36932327e+02, 3.04661346e+02,
    2.39030319e+02, 3.25407593e+02, 2.08223145e+02, 2.42338684e+02,
    2.10700714e+02, 2.63937622e+02, 2.13174667e+02, 2.84708008e+02,
    2.15529236e+02, 3.05690704e+02, 2.17751465e+02, 3.25842926e+02,
    1.86120804e+02, 2.43982330e+02, 1.88846710e+02, 2.65291718e+02,
    1.91534164e+02, 2.86033691e+02, 1.94044449e+02, 3.06627777e+02,
    1.96436462e+02, 3.26758881e+02, 1.64496613e+02, 2.45170822e+02,
    1.67306427e+02, 2.66521454e+02, 1.70347443e+02, 2.86952301e+02,
    1.73077957e+02, 3.07487976e+02, 1.75662674e+02, 3.27725525e+02,
    1.43345779e+02, 2.46690811e+02, 1.45907318e+02, 2.67694305e+02,
    1.49153259e+02, 2.88308105e+02, 1.52104309e+02, 3.08406128e+02,
    1.55045441e+02, 3.28564667e+02, 1.21722939e+02, 2.47856079e+02,
    1.24882515e+02, 2.69027130e+02, 1.28086624e+02, 2.89526001e+02,
    1.31386856e+02, 3.09454468e+02, 1.34587921e+02, 3.29191284e+02,
    1.00752472e+02, 2.49168808e+02, 1.04176849e+02, 2.70145325e+02,
    1.07572609e+02, 2.90625153e+02, 1.11035599e+02, 3.10470032e+02,
    1.14360321e+02, 3.30032471e+02 ]
