%YAML:1.0
---
points: [ 1.00927380e+03, 2.80604370e+02, 1.00348431e+03, 3.09427795e+02,
    9.97404358e+02, 3.37793304e+02, 9.91712646e+02, 3.66581726e+02,
    9.85784302e+02, 3.95479279e+02, 9.87777161e+02, 2.70294067e+02,
    9.81537109e+02, 2.99698395e+02, 9.75509094e+02, 3.28706604e+02,
    9.69620483e+02, 3.57975159e+02, 9.63540710e+02, 3.87246735e+02,
    9.65280945e+02, 2.59725189e+02, 9.58826416e+02, 2.89588074e+02,
    9.52578674e+02, 3.19394165e+02, 9.46592712e+02, 3.48908325e+02,
    9.40076904e+02, 3.78768402e+02, 9.41612671e+02, 2.48728531e+02,
    9.35354858e+02, 2.79214935e+02, 9.28665771e+02, 3.09383636e+02,
    9.22590515e+02, 3.39549774e+02, 9.16539368e+02, 3.70055634e+02,
    9.17182312e+02, 2.37469910e+02, 9.11031433e+02, 2.68231262e+02,
    9.04141052e+02, 2.99007080e+02, 8.97658936e+02, 3.29632294e+02,
    8.91304993e+02, 3.60724487e+02, 8.91676147e+02, 2.25389633e+02,
    8.85425964e+02, 2.57054016e+02, 8.78834717e+02, 2.88197540e+02,
    8.72089966e+02, 3.19600189e+02, 8.65577148e+02, 3.51218292e+02,
    8.65543457e+02, 2.12971863e+02, 8.59281250e+02, 2.45207413e+02,
    8.52678284e+02, 2.77183990e+02, 8.45945251e+02, 3.08942505e+02,
    8.39075378e+02, 3.41239258e+02 ]
