%YAML:1.0
---
points: [ 2.56871857e+02, 2.55921326e+02, 2.52172424e+02, 2.74941376e+02,
    2.47440216e+02, 2.93472595e+02, 2.42907791e+02, 3.12050598e+02,
    2.38237213e+02, 3.30436584e+02, 2.38478561e+02, 2.53623566e+02,
    2.33636063e+02, 2.73125488e+02, 2.28925949e+02, 2.91865265e+02,
    2.24275726e+02, 3.10971985e+02, 2.19729630e+02, 3.29694885e+02,
    2.18794861e+02, 2.51422195e+02, 2.14072372e+02, 2.71095032e+02,
    2.09271790e+02, 2.90550873e+02, 2.04774750e+02, 3.09905792e+02,
    2.00093033e+02, 3.28960144e+02, 1.98292374e+02, 2.48952454e+02,
    1.93712692e+02, 2.69387695e+02, 1.88977585e+02, 2.88937714e+02,
    1.84315521e+02, 3.08803284e+02, 1.79947952e+02, 3.28363525e+02,
    1.76820786e+02, 2.46361084e+02, 1.72423111e+02, 2.67165100e+02,
    1.67566833e+02, 2.87595459e+02, 1.62975128e+02, 3.07559357e+02,
    1.58522339e+02, 3.27693390e+02, 1.54222473e+02, 2.43262863e+02,
    1.49571198e+02, 2.65096100e+02, 1.45017731e+02, 2.86062286e+02,
    1.40624329e+02, 3.06579926e+02, 1.36348541e+02, 3.26949890e+02,
    1.30343185e+02, 2.40538345e+02, 1.25891365e+02, 2.62731567e+02,
    1.21633675e+02, 2.84447601e+02, 1.17485985e+02, 3.05330414e+02,
    1.13308746e+02, 3.26214783e+02 ]
