%YAML:1.0
---
points: [ 3.72305634e+02, 1.74767334e+02, 3.71539093e+02, 1.84917740e+02,
    3.70674347e+02, 1.95154266e+02, 3.69942474e+02, 2.05261612e+02,
    3.69177612e+02, 2.15477295e+02, 3.64494415e+02, 1.73624649e+02,
    3.63474792e+02, 1.84041840e+02, 3.62666351e+02, 1.94204544e+02,
    3.61894623e+02, 2.04477814e+02, 3.61077209e+02, 2.14760406e+02,
    3.56145660e+02, 1.72447006e+02, 3.55210480e+02, 1.82879242e+02,
    3.54199463e+02, 1.93199051e+02, 3.53624176e+02, 2.03504822e+02,
    3.52685852e+02, 2.14051361e+02, 3.47695099e+02, 1.71091049e+02,
    3.46894012e+02, 1.81709702e+02, 3.45840393e+02, 1.92181458e+02,
    3.44991852e+02, 2.02740326e+02, 3.44293304e+02, 2.13386444e+02,
    3.38986908e+02, 1.69887375e+02, 3.38281616e+02, 1.80659119e+02,
    3.37192780e+02, 1.91322861e+02, 3.36284637e+02, 2.01772568e+02,
    3.35453766e+02, 2.12575043e+02, 3.30111847e+02, 1.68583466e+02,
    3.29349609e+02, 1.79528336e+02, 3.28435822e+02, 1.90116302e+02,
    3.27523346e+02, 2.00904724e+02, 3.26748016e+02, 2.11644257e+02,
    3.21172577e+02, 1.67367508e+02, 3.20376007e+02, 1.78297073e+02,
    3.19569733e+02, 1.89211853e+02, 3.18657959e+02, 1.99953644e+02,
    3.17705902e+02, 2.10968140e+02 ]
