%YAML:1.0
---
points: [ 8.60132385e+02, 6.77634094e+02, 8.46320007e+02, 7.33738037e+02,
    8.32260742e+02, 7.88215820e+02, 8.18461914e+02, 8.42807861e+02,
    8.04785278e+02, 8.96725342e+02, 8.03420349e+02, 6.70847534e+02,
    7.89155212e+02, 7.27911499e+02, 7.75234558e+02, 7.83371582e+02,
    7.61330688e+02, 8.38842773e+02, 7.47705200e+02, 8.93948975e+02,
    7.43095276e+02, 6.63327637e+02, 7.28744019e+02, 7.21580627e+02,
    7.14973145e+02, 7.78506775e+02, 7.01447144e+02, 8.35452881e+02,
    6.87565552e+02, 8.91538940e+02, 6.79814392e+02, 6.55069763e+02,
    6.65923889e+02, 7.15288757e+02, 6.52320374e+02, 7.73336060e+02,
    6.38655212e+02, 8.31445312e+02, 6.25510193e+02, 8.89383606e+02,
    6.12873718e+02, 6.46377747e+02, 5.99441772e+02, 7.08520752e+02,
    5.85841370e+02, 7.68318298e+02, 5.72511963e+02, 8.27446228e+02,
    5.59540100e+02, 8.86318665e+02, 5.42963013e+02, 6.37389771e+02,
    5.29478088e+02, 7.01209900e+02, 5.16550354e+02, 7.63132629e+02,
    5.03494537e+02, 8.23521240e+02, 4.90969482e+02, 8.83928284e+02,
    4.69562134e+02, 6.28119690e+02, 4.56496429e+02, 6.93481812e+02,
    4.43820404e+02, 7.57296265e+02, 4.31511169e+02, 8.19477295e+02,
    4.19291016e+02, 8.81291077e+02 ]
