%YAML:1.0
---
points: [ 3.63394287e+02, 2.61810150e+02, 3.57499908e+02, 2.79834503e+02,
    3.51333588e+02, 2.97426971e+02, 3.45668945e+02, 3.15114594e+02,
    3.39770111e+02, 3.32551514e+02, 3.49130402e+02, 2.59347046e+02,
    3.42830109e+02, 2.77858765e+02, 3.36681641e+02, 2.95567291e+02,
    3.30809998e+02, 3.13822388e+02, 3.24876801e+02, 3.31464783e+02,
    3.33738586e+02, 2.56696136e+02, 3.27390228e+02, 2.75552460e+02,
    3.21088684e+02, 2.93965302e+02, 3.15311829e+02, 3.12456635e+02,
    3.09305023e+02, 3.30656433e+02, 3.17451172e+02, 2.53684006e+02,
    3.11354004e+02, 2.73230103e+02, 3.04928772e+02, 2.92152191e+02,
    2.98977386e+02, 3.11012878e+02, 2.93123413e+02, 3.29977844e+02,
    3.00445526e+02, 2.50833832e+02, 2.94449677e+02, 2.70854279e+02,
    2.87980316e+02, 2.90312592e+02, 2.81867645e+02, 3.09617859e+02,
    2.75886719e+02, 3.28953613e+02, 2.82616852e+02, 2.47455063e+02,
    2.76469116e+02, 2.68278625e+02, 2.70335754e+02, 2.88482544e+02,
    2.63979156e+02, 3.08214325e+02, 2.57949585e+02, 3.27990631e+02,
    2.63953857e+02, 2.44355270e+02, 2.57884857e+02, 2.65550446e+02,
    2.51608841e+02, 2.86460236e+02, 2.45430969e+02, 3.06808380e+02,
    2.39203796e+02, 3.27334961e+02 ]
