%YAML:1.0
---
points: [ 9.09467773e+02, 1.99533737e+02, 9.20664856e+02, 2.30541016e+02,
    9.32232239e+02, 2.61315063e+02, 9.43446228e+02, 2.92173035e+02,
    9.54775330e+02, 3.23288361e+02, 8.84383667e+02, 2.15228821e+02,
    8.95711243e+02, 2.45821030e+02, 9.07166321e+02, 2.76035278e+02,
    9.18309875e+02, 3.06505859e+02, 9.29499573e+02, 3.37022644e+02,
    8.60279541e+02, 2.30643723e+02, 8.71511963e+02, 2.60717834e+02,
    8.82609680e+02, 2.90526031e+02, 8.93457214e+02, 3.20453339e+02,
    9.04590515e+02, 3.50554901e+02, 8.37312866e+02, 2.45345703e+02,
    8.48182983e+02, 2.74929199e+02, 8.59287537e+02, 3.04400055e+02,
    8.69926025e+02, 3.33748901e+02, 8.80577820e+02, 3.63437439e+02,
    8.14883606e+02, 2.59924896e+02, 8.25218994e+02, 2.88944305e+02,
    8.36201599e+02, 3.17818848e+02, 8.46784790e+02, 3.46813965e+02,
    8.57432129e+02, 3.76150513e+02, 7.92935364e+02, 2.73669281e+02,
    8.03455261e+02, 3.02349670e+02, 8.13606140e+02, 3.30888855e+02,
    8.24369141e+02, 3.59443909e+02, 8.34655334e+02, 3.88339844e+02,
    7.71715271e+02, 2.87069031e+02, 7.81802490e+02, 3.15408417e+02,
    7.92106934e+02, 3.43355011e+02, 8.02361206e+02, 3.71484406e+02,
    8.12528870e+02, 3.99816650e+02 ]
