%YAML:1.0
---
points: [ 3.49252289e+02, 1.59830338e+02, 3.52927795e+02, 1.70240631e+02,
    3.56638336e+02, 1.80696014e+02, 3.60347260e+02, 1.91180771e+02,
    3.64112579e+02, 2.01674561e+02, 3.38882019e+02, 1.63988586e+02,
    3.42561432e+02, 1.74235779e+02, 3.46214172e+02, 1.84428696e+02,
    3.49790039e+02, 1.94809235e+02, 3.53528961e+02, 2.05251663e+02,
    3.28791168e+02, 1.67884598e+02, 3.32437195e+02, 1.78126038e+02,
    3.35981598e+02, 1.88188019e+02, 3.39532104e+02, 1.98459763e+02,
    3.43132935e+02, 2.08583267e+02, 3.19176697e+02, 1.71848984e+02,
    3.22524902e+02, 1.81831131e+02, 3.26193420e+02, 1.91776398e+02,
    3.29656494e+02, 2.01745880e+02, 3.33253967e+02, 2.11999649e+02,
    3.09738617e+02, 1.75609192e+02, 3.13146179e+02, 1.85455780e+02,
    3.16586212e+02, 1.95164474e+02, 3.20035431e+02, 2.05124390e+02,
    3.23417603e+02, 2.15106949e+02, 3.00762177e+02, 1.79193176e+02,
    3.03914948e+02, 1.88892303e+02, 3.07219482e+02, 1.98616562e+02,
    3.10605804e+02, 2.08230408e+02, 3.14016846e+02, 2.18191620e+02,
    2.91765442e+02, 1.82651886e+02, 2.94983185e+02, 1.92299133e+02,
    2.98275970e+02, 2.01755875e+02, 3.01606812e+02, 2.11389038e+02,
    3.04827911e+02, 2.21031586e+02 ]
