%YAML:1.0
---
points: [ 1.17661633e+03, 6.97846436e+02, 1.15931750e+03, 7.50838867e+02,
    1.14123206e+03, 8.02534546e+02, 1.12439990e+03, 8.54449158e+02,
    1.10717871e+03, 9.05704102e+02, 1.13252490e+03, 6.90568481e+02,
    1.11407886e+03, 7.44348083e+02, 1.09606897e+03, 7.97114624e+02,
    1.07868591e+03, 8.49933533e+02, 1.06146082e+03, 9.02480652e+02,
    1.08527930e+03, 6.82032104e+02, 1.06663708e+03, 7.37413208e+02,
    1.04830042e+03, 7.91452454e+02, 1.03090161e+03, 8.45689453e+02,
    1.01302106e+03, 8.99410278e+02, 1.03537097e+03, 6.73135498e+02,
    1.01735126e+03, 7.30307556e+02, 9.98445557e+02, 7.85567505e+02,
    9.80580566e+02, 8.40894958e+02, 9.63355042e+02, 8.96731079e+02,
    9.82606689e+02, 6.63686951e+02, 9.64765808e+02, 7.22781677e+02,
    9.45867981e+02, 7.79730103e+02, 9.27646912e+02, 8.36385864e+02,
    9.09754028e+02, 8.93190002e+02, 9.27487610e+02, 6.53877136e+02,
    9.09442322e+02, 7.14499512e+02, 8.91092896e+02, 7.73867737e+02,
    8.72336304e+02, 8.32172302e+02, 8.54302673e+02, 8.90609131e+02,
    8.69668762e+02, 6.43906311e+02, 8.51375305e+02, 7.06420532e+02,
    8.32817505e+02, 7.67430481e+02, 8.14314453e+02, 8.27829041e+02,
    7.95977722e+02, 8.87599609e+02 ]
