%YAML:1.0
---
points: [ 3.50416809e+02, 2.46127594e+02, 3.51679199e+02, 2.67104858e+02,
    3.52648529e+02, 2.87478485e+02, 3.53751373e+02, 3.07725403e+02,
    3.54787811e+02, 3.27442810e+02, 3.28258240e+02, 2.47549088e+02,
    3.29603882e+02, 2.68325867e+02, 3.30904175e+02, 2.88268127e+02,
    3.32148682e+02, 3.08472626e+02, 3.33486176e+02, 3.27741180e+02,
    3.06213776e+02, 2.48810089e+02, 3.07807281e+02, 2.69357941e+02,
    3.09203796e+02, 2.89289581e+02, 3.10818298e+02, 3.09035736e+02,
    3.12044189e+02, 3.28520569e+02, 2.84553131e+02, 2.49924210e+02,
    2.86392883e+02, 2.70310883e+02, 2.88036987e+02, 2.90048096e+02,
    2.89688690e+02, 3.09730469e+02, 2.91413788e+02, 3.29272278e+02,
    2.63702942e+02, 2.51326721e+02, 2.65267395e+02, 2.71466431e+02,
    2.67146637e+02, 2.91183929e+02, 2.68972321e+02, 3.10472351e+02,
    2.70730255e+02, 3.30004089e+02, 2.42586731e+02, 2.52139816e+02,
    2.44483673e+02, 2.72547211e+02, 2.46487915e+02, 2.92138580e+02,
    2.48494171e+02, 3.11406708e+02, 2.50456039e+02, 3.30608429e+02,
    2.21825195e+02, 2.53466965e+02, 2.24064789e+02, 2.73627747e+02,
    2.26194580e+02, 2.93188416e+02, 2.28366653e+02, 3.12469727e+02,
    2.30414978e+02, 3.31456573e+02 ]
