%YAML:1.0
---
points: [ 3.40151123e+02, 1.50451233e+02, 3.42010010e+02, 1.59801193e+02,
    3.43981293e+02, 1.69211212e+02, 3.45972290e+02, 1.78963257e+02,
    3.47978241e+02, 1.88946228e+02, 3.30747131e+02, 1.55211639e+02,
    3.32613831e+02, 1.64351532e+02, 3.34529297e+02, 1.73856064e+02,
    3.36341949e+02, 1.83406296e+02, 3.38326813e+02, 1.93267654e+02,
    3.21770172e+02, 1.59775452e+02, 3.23564178e+02, 1.69049423e+02,
    3.25300995e+02, 1.78313385e+02, 3.26942505e+02, 1.87724014e+02,
    3.28699768e+02, 1.97512543e+02, 3.13360657e+02, 1.64394226e+02,
    3.14716705e+02, 1.73376923e+02, 3.16556366e+02, 1.82603195e+02,
    3.18034973e+02, 1.91837387e+02, 3.19616394e+02, 2.01510864e+02,
    3.05159454e+02, 1.68760956e+02, 3.06458191e+02, 1.77683090e+02,
    3.07917175e+02, 1.86617004e+02, 3.09392578e+02, 1.95801987e+02,
    3.10851929e+02, 2.05402252e+02, 2.97263611e+02, 1.72972076e+02,
    2.98269470e+02, 1.81625885e+02, 2.99641693e+02, 1.90467041e+02,
    3.00970367e+02, 1.99670975e+02, 3.02434875e+02, 2.09094711e+02,
    2.89515350e+02, 1.76746445e+02, 2.90540009e+02, 1.85518158e+02,
    2.91638519e+02, 1.94211807e+02, 2.92906677e+02, 2.03236679e+02,
    2.94149597e+02, 2.12566589e+02 ]
