%YAML:1.0
---
points: [ 5.84158264e+02, 2.19099243e+02, 5.90629822e+02, 2.52295990e+02,
    5.97420776e+02, 2.85349579e+02, 6.03830872e+02, 3.18149231e+02,
    6.10520203e+02, 3.50896973e+02, 5.53677307e+02, 2.26606339e+02,
    5.60531799e+02, 2.59905151e+02, 5.67270874e+02, 2.92473633e+02,
    5.73901611e+02, 3.25206299e+02, 5.80598022e+02, 3.57981171e+02,
    5.23654724e+02, 2.34461884e+02, 5.30577271e+02, 2.67356750e+02,
    5.37427246e+02, 2.99847534e+02, 5.43673462e+02, 3.32491150e+02,
    5.50450623e+02, 3.65192963e+02, 4.94593170e+02, 2.42244919e+02,
    5.01208801e+02, 2.74721405e+02, 5.07996796e+02, 3.07334595e+02,
    5.14461609e+02, 3.39451843e+02, 5.20785889e+02, 3.71788025e+02,
    4.65638855e+02, 2.50008392e+02, 4.71573669e+02, 2.82223907e+02,
    4.78593567e+02, 3.14325134e+02, 4.85261230e+02, 3.46455566e+02,
    4.91487000e+02, 3.78753510e+02, 4.36807465e+02, 2.57313507e+02,
    4.43202148e+02, 2.89395477e+02, 4.49429352e+02, 3.21465302e+02,
    4.55948334e+02, 3.53468414e+02, 4.62384003e+02, 3.85571747e+02,
    4.08341492e+02, 2.64684387e+02, 4.14468292e+02, 2.96652802e+02,
    4.20722046e+02, 3.28406342e+02, 4.27131836e+02, 3.60132477e+02,
    4.33372528e+02, 3.92089417e+02 ]
