%YAML:1.0
---
points: [ 1.12683936e+03, 6.51748535e+02, 1.13041370e+03, 7.13505859e+02,
    1.13368176e+03, 7.73195129e+02, 1.13733130e+03, 8.32708069e+02,
    1.14061035e+03, 8.91261780e+02, 1.06262988e+03, 6.55160583e+02,
    1.06654797e+03, 7.16076111e+02, 1.07064917e+03, 7.75042358e+02,
    1.07455273e+03, 8.33772461e+02, 1.07859363e+03, 8.91840698e+02,
    9.98647888e+02, 6.57984619e+02, 1.00345941e+03, 7.18424377e+02,
    1.00805725e+03, 7.77081360e+02, 1.01240717e+03, 8.35604004e+02,
    1.01687878e+03, 8.92881531e+02, 9.36519958e+02, 6.60836853e+02,
    9.41620789e+02, 7.21139954e+02, 9.46860596e+02, 7.79190430e+02,
    9.51650818e+02, 8.37055420e+02, 9.56516418e+02, 8.94645081e+02,
    8.74578674e+02, 6.63821533e+02, 8.79884033e+02, 7.23873657e+02,
    8.85604431e+02, 7.81638977e+02, 8.91129211e+02, 8.38771240e+02,
    8.96438416e+02, 8.95725220e+02, 8.13296021e+02, 6.66453979e+02,
    8.19311829e+02, 7.26258545e+02, 8.25413452e+02, 7.84413391e+02,
    8.31514404e+02, 8.40894653e+02, 8.37377930e+02, 8.97620239e+02,
    7.52857361e+02, 6.69553284e+02, 7.59415955e+02, 7.28965759e+02,
    7.65768677e+02, 7.86821289e+02, 7.72415833e+02, 8.43545410e+02,
    7.78756470e+02, 8.99518555e+02 ]
