%YAML:1.0
---
points: [ 3.21102661e+02, 2.39056198e+02, 3.28248291e+02, 2.60652954e+02,
    3.35346680e+02, 2.81654175e+02, 3.42151337e+02, 3.02804108e+02,
    3.48928955e+02, 3.23722626e+02, 3.00321960e+02, 2.43515213e+02,
    3.07381409e+02, 2.64429901e+02, 3.14286133e+02, 2.84562805e+02,
    3.21122162e+02, 3.05287903e+02, 3.27791840e+02, 3.25353577e+02,
    2.80487915e+02, 2.47823608e+02, 2.87439667e+02, 2.67882538e+02,
    2.94252930e+02, 2.87685516e+02, 3.00901978e+02, 3.07570160e+02,
    3.07505402e+02, 3.27228638e+02, 2.62086884e+02, 2.51589844e+02,
    2.68694946e+02, 2.71190918e+02, 2.75566681e+02, 2.90439606e+02,
    2.82113922e+02, 3.09694031e+02, 2.88572632e+02, 3.29069183e+02,
    2.44583115e+02, 2.55367615e+02, 2.50959320e+02, 2.74549805e+02,
    2.57625702e+02, 2.93240967e+02, 2.64194214e+02, 3.11834625e+02,
    2.70598175e+02, 3.30712616e+02, 2.27764679e+02, 2.58720673e+02,
    2.34082230e+02, 2.77470978e+02, 2.40543411e+02, 2.95964478e+02,
    2.47068146e+02, 3.14007446e+02, 2.53394180e+02, 3.32326843e+02,
    2.11886154e+02, 2.62141846e+02, 2.18142960e+02, 2.80475372e+02,
    2.24357132e+02, 2.98346375e+02, 2.30708038e+02, 3.16266602e+02,
    2.37040222e+02, 3.33811066e+02 ]
