%YAML:1.0
---
points: [ 1.03642981e+03, 6.30015747e+02, 1.05649512e+03, 6.93562927e+02,
    1.07671484e+03, 7.55547852e+02, 1.09641638e+03, 8.17899353e+02,
    1.11629224e+03, 8.79929138e+02, 9.77867432e+02, 6.42850342e+02,
    9.98301086e+02, 7.03758972e+02, 1.01834973e+03, 7.64184814e+02,
    1.03765869e+03, 8.24267822e+02, 1.05726917e+03, 8.84422546e+02,
    9.22700134e+02, 6.54502686e+02, 9.42907349e+02, 7.13775269e+02,
    9.62577515e+02, 7.72116516e+02, 9.81527893e+02, 8.30854309e+02,
    1.00089868e+03, 8.88920227e+02, 8.71312012e+02, 6.65357239e+02,
    8.90488647e+02, 7.23365662e+02, 9.10516602e+02, 7.79810120e+02,
    9.29349243e+02, 8.36680359e+02, 9.47918945e+02, 8.93771423e+02,
    8.22217224e+02, 6.75602173e+02, 8.40448059e+02, 7.32609070e+02,
    8.59972900e+02, 7.87545471e+02, 8.79063721e+02, 8.42590149e+02,
    8.97474304e+02, 8.97835327e+02, 7.75331360e+02, 6.85387695e+02,
    7.93530457e+02, 7.40699646e+02, 8.12173645e+02, 7.95225830e+02,
    8.31139038e+02, 8.48721497e+02, 8.49468506e+02, 9.02588562e+02,
    7.30440002e+02, 6.94834351e+02, 7.48656006e+02, 7.49140259e+02,
    7.66774841e+02, 8.02169250e+02, 7.85284851e+02, 8.54612183e+02,
    8.03513794e+02, 9.07189819e+02 ]
