%YAML:1.0
---
points: [ 6.70445068e+02, 2.88353333e+02, 6.64474243e+02, 3.17661011e+02,
    6.58222656e+02, 3.46961304e+02, 6.51986755e+02, 3.76354523e+02,
    6.45513733e+02, 4.05875610e+02, 6.42372375e+02, 2.77526428e+02,
    6.35737366e+02, 3.07561951e+02, 6.29334351e+02, 3.37290863e+02,
    6.22821289e+02, 3.67339203e+02, 6.16406433e+02, 3.97386292e+02,
    6.12491516e+02, 2.66460907e+02, 6.05760010e+02, 2.97026245e+02,
    5.99078735e+02, 3.27426636e+02, 5.92478760e+02, 3.57804596e+02,
    5.85662781e+02, 3.88608337e+02, 5.81469116e+02, 2.55129425e+02,
    5.74800232e+02, 2.86079285e+02, 5.67727234e+02, 3.17126251e+02,
    5.60890808e+02, 3.48069794e+02, 5.54329956e+02, 3.79565796e+02,
    5.49349365e+02, 2.43171631e+02, 5.42544128e+02, 2.74655182e+02,
    5.35261353e+02, 3.06307739e+02, 5.28211487e+02, 3.37957397e+02,
    5.21038391e+02, 3.69948029e+02, 5.16195374e+02, 2.30630341e+02,
    5.08825897e+02, 2.62890747e+02, 5.01670959e+02, 2.95011749e+02,
    4.94328705e+02, 3.27414337e+02, 4.86965729e+02, 3.59976593e+02,
    4.81593353e+02, 2.17746811e+02, 4.74448364e+02, 2.50722458e+02,
    4.66852722e+02, 2.83497253e+02, 4.59433258e+02, 3.16484558e+02,
    4.51674408e+02, 3.49625488e+02 ]
