%YAML:1.0
---
points: [ 3.71378448e+02, 1.64278229e+02, 3.74232025e+02, 1.73258698e+02,
    3.76220490e+02, 1.82433762e+02, 3.79010071e+02, 1.91658615e+02,
    3.81568604e+02, 2.01242493e+02, 3.64179077e+02, 1.63053070e+02,
    3.66219696e+02, 1.72188522e+02, 3.68470764e+02, 1.81495773e+02,
    3.71008179e+02, 1.90916016e+02, 3.73453186e+02, 2.00599899e+02,
    3.56099701e+02, 1.61900650e+02, 3.58066467e+02, 1.71138748e+02,
    3.60206818e+02, 1.80640991e+02, 3.62668152e+02, 1.90014053e+02,
    3.65033142e+02, 1.99794601e+02, 3.47622528e+02, 1.60824295e+02,
    3.49917908e+02, 1.70077789e+02, 3.51910675e+02, 1.79609146e+02,
    3.54291077e+02, 1.89250580e+02, 3.56694550e+02, 1.99028595e+02,
    3.39172211e+02, 1.59687439e+02, 3.41591064e+02, 1.69019974e+02,
    3.43413269e+02, 1.78694092e+02, 3.45615692e+02, 1.88418823e+02,
    3.47899231e+02, 1.98417862e+02, 3.30564453e+02, 1.58583298e+02,
    3.32724182e+02, 1.67876740e+02, 3.34833893e+02, 1.77508133e+02,
    3.36813477e+02, 1.87450882e+02, 3.39095184e+02, 1.97510559e+02,
    3.21760925e+02, 1.57282349e+02, 3.23895966e+02, 1.66827881e+02,
    3.25904144e+02, 1.76429138e+02, 3.27851685e+02, 1.86247162e+02,
    3.29996796e+02, 1.96709579e+02 ]
