%YAML:1.0
---
points: [ 3.00028809e+02, 1.71175766e+02, 3.01816254e+02, 1.79891693e+02,
    3.03378723e+02, 1.88937897e+02, 3.05224579e+02, 1.98036377e+02,
    3.06989716e+02, 2.07453278e+02, 2.91947357e+02, 1.69920319e+02,
    2.93421814e+02, 1.78948898e+02, 2.94964172e+02, 1.88130920e+02,
    2.96666840e+02, 1.97308258e+02, 2.98411072e+02, 2.06776321e+02,
    2.83445984e+02, 1.68860489e+02, 2.84867249e+02, 1.77881866e+02,
    2.86336761e+02, 1.87110428e+02, 2.87948334e+02, 1.96517639e+02,
    2.89476562e+02, 2.06112762e+02, 2.74591064e+02, 1.67700089e+02,
    2.76177979e+02, 1.76901154e+02, 2.77443298e+02, 1.86175995e+02,
    2.78860321e+02, 1.95630920e+02, 2.80628906e+02, 2.05315399e+02,
    2.65730286e+02, 1.66625381e+02, 2.67296112e+02, 1.75812668e+02,
    2.68442017e+02, 1.85200119e+02, 2.69783966e+02, 1.94783691e+02,
    2.71312592e+02, 2.04660004e+02, 2.56431549e+02, 1.65364868e+02,
    2.57889221e+02, 1.74623749e+02, 2.59217072e+02, 1.84060272e+02,
    2.60472870e+02, 1.93912735e+02, 2.61852234e+02, 2.03902832e+02,
    2.47248672e+02, 1.64098541e+02, 2.48579529e+02, 1.73697525e+02,
    2.49722931e+02, 1.83106079e+02, 2.50910004e+02, 1.92951340e+02,
    2.52145401e+02, 2.03093262e+02 ]
