%YAML:1.0
---
points: [ 1.26834888e+03, 7.64583069e+02, 1.26874231e+03, 8.07731140e+02,
    1.26886548e+03, 8.49471741e+02, 1.26939465e+03, 8.91391113e+02,
    1.26958948e+03, 9.32717957e+02, 1.22237976e+03, 7.65986694e+02,
    1.22283215e+03, 8.08516479e+02, 1.22341113e+03, 8.50165527e+02,
    1.22396680e+03, 8.91722778e+02, 1.22460010e+03, 9.32959534e+02,
    1.17614417e+03, 7.66894409e+02, 1.17712451e+03, 8.09436584e+02,
    1.17801746e+03, 8.50846985e+02, 1.17894995e+03, 8.92507935e+02,
    1.17979150e+03, 9.33425781e+02, 1.13081311e+03, 7.67896118e+02,
    1.13210486e+03, 8.10495789e+02, 1.13324512e+03, 8.51620422e+02,
    1.13425854e+03, 8.92825684e+02, 1.13560571e+03, 9.34260071e+02,
    1.08544971e+03, 7.68790344e+02, 1.08698999e+03, 8.11755554e+02,
    1.08839233e+03, 8.52742737e+02, 1.08977820e+03, 8.93558411e+02,
    1.09118066e+03, 9.34491943e+02, 1.04044604e+03, 7.69857788e+02,
    1.04240369e+03, 8.12504028e+02, 1.04419336e+03, 8.53949707e+02,
    1.04568005e+03, 8.94598083e+02, 1.04761890e+03, 9.35479004e+02,
    9.96166016e+02, 7.71036255e+02, 9.98106018e+02, 8.13500061e+02,
    1.00027301e+03, 8.55072693e+02, 1.00223029e+03, 8.95905762e+02,
    1.00428119e+03, 9.36435669e+02 ]
