%YAML:1.0
---
points: [ 3.87998810e+02, 2.83976624e+02, 3.88023987e+02, 2.98663666e+02,
    3.87912079e+02, 3.12809479e+02, 3.87985535e+02, 3.26782867e+02,
    3.87930664e+02, 3.40782288e+02, 3.72467255e+02, 2.84721771e+02,
    3.72571442e+02, 2.99241486e+02, 3.72656281e+02, 3.13225922e+02,
    3.72797028e+02, 3.27438019e+02, 3.72775177e+02, 3.41104218e+02,
    3.56632019e+02, 2.85319214e+02, 3.56862854e+02, 2.99736725e+02,
    3.56948334e+02, 3.13803833e+02, 3.57334442e+02, 3.27772675e+02,
    3.57675415e+02, 3.41604401e+02, 3.40889648e+02, 2.85808594e+02,
    3.41422241e+02, 3.00303680e+02, 3.41797913e+02, 3.14230713e+02,
    3.42042297e+02, 3.28156677e+02, 3.42609406e+02, 3.42129333e+02,
    3.25332184e+02, 2.86233795e+02, 3.25961151e+02, 3.00861847e+02,
    3.26406097e+02, 3.14896515e+02, 3.26891846e+02, 3.28560181e+02,
    3.27403412e+02, 3.42524078e+02, 3.09928131e+02, 2.86632660e+02,
    3.10638519e+02, 3.01208862e+02, 3.11259216e+02, 3.15419220e+02,
    3.11850586e+02, 3.29138550e+02, 3.12383057e+02, 3.42984344e+02,
    2.94720276e+02, 2.87247070e+02, 2.95540527e+02, 3.01791962e+02,
    2.96203308e+02, 3.15891418e+02, 2.96926941e+02, 3.29629425e+02,
    2.97721283e+02, 3.43355927e+02 ]
