%YAML:1.0
---
points: [ 6.71352478e+02, 3.16005249e+02, 6.61632629e+02, 3.42542572e+02,
    6.51424011e+02, 3.69086884e+02, 6.41478333e+02, 3.95901306e+02,
    6.31217651e+02, 4.23339905e+02, 6.51399536e+02, 3.01682159e+02,
    6.40710632e+02, 3.28830200e+02, 6.30480042e+02, 3.55841553e+02,
    6.19835571e+02, 3.83410492e+02, 6.09339294e+02, 4.11123962e+02,
    6.29664124e+02, 2.86567474e+02, 6.18818176e+02, 3.14292145e+02,
    6.07864929e+02, 3.42014954e+02, 5.97369385e+02, 3.70131866e+02,
    5.85900574e+02, 3.98577911e+02, 6.06855164e+02, 2.70803406e+02,
    5.95952271e+02, 2.99274536e+02, 5.84412537e+02, 3.27505066e+02,
    5.73328186e+02, 3.56257202e+02, 5.62210266e+02, 3.85368378e+02,
    5.82892029e+02, 2.54337616e+02, 5.71916992e+02, 2.83249054e+02,
    5.59831482e+02, 3.12235626e+02, 5.48140442e+02, 3.41465271e+02,
    5.36336426e+02, 3.71371826e+02, 5.57950500e+02, 2.36651779e+02,
    5.46320801e+02, 2.66398041e+02, 5.34488770e+02, 2.96175262e+02,
    5.21989624e+02, 3.26232727e+02, 5.09808716e+02, 3.56686249e+02,
    5.32040710e+02, 2.18604355e+02, 5.19884583e+02, 2.48825607e+02,
    5.07566467e+02, 2.79282806e+02, 4.94938446e+02, 3.09965881e+02,
    4.82123901e+02, 3.41362122e+02 ]
