%YAML:1.0
---
points: [ 2.91834991e+02, 1.70621216e+02, 2.93551849e+02, 1.80923584e+02,
    2.95170288e+02, 1.91138855e+02, 2.96903748e+02, 2.01653702e+02,
    2.98550385e+02, 2.11933914e+02, 2.81537964e+02, 1.72144119e+02,
    2.83202362e+02, 1.82642181e+02, 2.84826538e+02, 1.92803711e+02,
    2.86573914e+02, 2.03211426e+02, 2.88245300e+02, 2.13504410e+02,
    2.71168030e+02, 1.73829498e+02, 2.72912781e+02, 1.84214050e+02,
    2.74527100e+02, 1.94525085e+02, 2.76101501e+02, 2.04770752e+02,
    2.77777557e+02, 2.15147476e+02, 2.60867310e+02, 1.75562775e+02,
    2.62586914e+02, 1.85825180e+02, 2.64135345e+02, 1.96032623e+02,
    2.65851196e+02, 2.06304886e+02, 2.67513977e+02, 2.16683060e+02,
    2.50670181e+02, 1.77169937e+02, 2.52247223e+02, 1.87391541e+02,
    2.53982712e+02, 1.97677704e+02, 2.55561951e+02, 2.08009308e+02,
    2.56918060e+02, 2.18396637e+02, 2.40278992e+02, 1.78777130e+02,
    2.41879868e+02, 1.89105225e+02, 2.43644989e+02, 1.99348633e+02,
    2.45168823e+02, 2.09587372e+02, 2.46720032e+02, 2.20019150e+02,
    2.30110031e+02, 1.80358261e+02, 2.31734283e+02, 1.90722107e+02,
    2.33278625e+02, 2.00884720e+02, 2.34875656e+02, 2.11195297e+02,
    2.36383667e+02, 2.21704239e+02 ]
