%YAML:1.0
---
points: [ 3.31411407e+02, 2.75622192e+02, 3.19657776e+02, 3.04868103e+02,
    3.07369171e+02, 3.34117523e+02, 2.95403717e+02, 3.63708588e+02,
    2.83012207e+02, 3.93824341e+02, 3.00176727e+02, 2.59870270e+02,
    2.87570190e+02, 2.89733734e+02, 2.75032043e+02, 3.19611908e+02,
    2.62372498e+02, 3.49938904e+02, 2.49651428e+02, 3.80605988e+02,
    2.66825745e+02, 2.43278534e+02, 2.53783447e+02, 2.73846527e+02,
    2.40654541e+02, 3.04540405e+02, 2.27784012e+02, 3.35458679e+02,
    2.14281769e+02, 3.66833252e+02, 2.32175064e+02, 2.26275543e+02,
    2.18807968e+02, 2.57394897e+02, 2.05233932e+02, 2.88672241e+02,
    1.91503876e+02, 3.20340729e+02, 1.78218384e+02, 3.52569000e+02,
    1.95751266e+02, 2.08077347e+02, 1.82290588e+02, 2.39918915e+02,
    1.67737518e+02, 2.71942566e+02, 1.53716339e+02, 3.04386932e+02,
    1.39374863e+02, 3.37295074e+02, 1.57844849e+02, 1.89174728e+02,
    1.43569336e+02, 2.21669006e+02, 1.29307602e+02, 2.54484299e+02,
    1.14314949e+02, 2.87644440e+02, 9.95904312e+01, 3.21518036e+02,
    1.18547287e+02, 1.69260162e+02, 1.03692986e+02, 2.02654938e+02,
    8.85703201e+01, 2.36319443e+02, 7.33178711e+01, 2.70275085e+02,
    5.77828941e+01, 3.04675995e+02 ]
