%YAML:1.0
---
points: [ 3.94131317e+02, 2.28419556e+02, 3.91090637e+02, 2.61588776e+02,
    3.87928986e+02, 2.94886627e+02, 3.85043243e+02, 3.28375427e+02,
    3.81678070e+02, 3.61684967e+02, 3.55737122e+02, 2.20915848e+02,
    3.52792358e+02, 2.55180283e+02, 3.49542603e+02, 2.88575378e+02,
    3.46277130e+02, 3.22582001e+02, 3.43328522e+02, 3.56404877e+02,
    3.16561768e+02, 2.13837326e+02, 3.13249603e+02, 2.48369751e+02,
    3.09912079e+02, 2.82422577e+02, 3.06601379e+02, 3.16635986e+02,
    3.03143829e+02, 3.50995697e+02, 2.76492401e+02, 2.06789383e+02,
    2.73137268e+02, 2.41284088e+02, 2.69815491e+02, 2.76150604e+02,
    2.66264130e+02, 3.10617279e+02, 2.62961334e+02, 3.45504211e+02,
    2.35462280e+02, 1.99363525e+02, 2.31784927e+02, 2.34375031e+02,
    2.28394714e+02, 2.69538818e+02, 2.24723434e+02, 3.04561615e+02,
    2.21310318e+02, 3.39929504e+02, 1.93675247e+02, 1.91855347e+02,
    1.89931335e+02, 2.27475845e+02, 1.86238968e+02, 2.62678589e+02,
    1.82531250e+02, 2.98364319e+02, 1.79004349e+02, 3.34369934e+02,
    1.51081894e+02, 1.84206238e+02, 1.47274918e+02, 2.20114929e+02,
    1.43419388e+02, 2.56048279e+02, 1.39562897e+02, 2.92067291e+02,
    1.35756882e+02, 3.28393890e+02 ]
