%YAML:1.0
---
points: [ 2.77671082e+02, 1.66162338e+02, 2.80641205e+02, 1.76497894e+02,
    2.83672302e+02, 1.86619507e+02, 2.86727051e+02, 1.96892822e+02,
    2.89759644e+02, 2.07204865e+02, 2.67974030e+02, 1.69725525e+02,
    2.71013336e+02, 1.79896271e+02, 2.74059967e+02, 1.90036652e+02,
    2.76965851e+02, 2.00100616e+02, 2.80066040e+02, 2.10330811e+02,
    2.58434357e+02, 1.73269424e+02, 2.61499268e+02, 1.83274933e+02,
    2.64400543e+02, 1.93263474e+02, 2.67311737e+02, 2.03304779e+02,
    2.70266876e+02, 2.13606125e+02, 2.49311142e+02, 1.76684113e+02,
    2.52131393e+02, 1.86507599e+02, 2.55110870e+02, 1.96421310e+02,
    2.57884277e+02, 2.06478790e+02, 2.60808136e+02, 2.16595749e+02,
    2.40440567e+02, 1.79950302e+02, 2.43051437e+02, 1.89781235e+02,
    2.45893372e+02, 1.99718201e+02, 2.48775726e+02, 2.09398819e+02,
    2.51582336e+02, 2.19563477e+02, 2.31473541e+02, 1.83324661e+02,
    2.34178223e+02, 1.92799362e+02, 2.36878479e+02, 2.02672028e+02,
    2.39632080e+02, 2.12489502e+02, 2.42446381e+02, 2.22470840e+02,
    2.22788528e+02, 1.86329910e+02, 2.25451538e+02, 1.96038635e+02,
    2.28009918e+02, 2.05805115e+02, 2.30703217e+02, 2.15433197e+02,
    2.33488312e+02, 2.25300476e+02 ]
