%YAML:1.0
---
points: [ 2.88797760e+02, 1.72334625e+02, 2.95568817e+02, 2.07589951e+02,
    3.02627930e+02, 2.42794464e+02, 3.09455261e+02, 2.78114777e+02,
    3.16450745e+02, 3.13482025e+02, 2.59118805e+02, 1.82083298e+02,
    2.66184113e+02, 2.17332733e+02, 2.73318359e+02, 2.52193085e+02,
    2.80088104e+02, 2.87158600e+02, 2.87010468e+02, 3.22437500e+02,
    2.30172607e+02, 1.91895065e+02, 2.37349640e+02, 2.26769638e+02,
    2.44189407e+02, 2.61461090e+02, 2.50605667e+02, 2.96297791e+02,
    2.57859711e+02, 3.31252502e+02, 2.02335114e+02, 2.01748306e+02,
    2.08781357e+02, 2.36268112e+02, 2.16160858e+02, 2.70605164e+02,
    2.22583969e+02, 3.05127258e+02, 2.29032318e+02, 3.39720154e+02,
    1.75141266e+02, 2.11541382e+02, 1.80772858e+02, 2.45593674e+02,
    1.87832733e+02, 2.79831543e+02, 1.94624680e+02, 3.13918152e+02,
    2.01241089e+02, 3.48515076e+02, 1.47875168e+02, 2.20920105e+02,
    1.53867355e+02, 2.54754272e+02, 1.60035141e+02, 2.88647247e+02,
    1.66720428e+02, 3.22617432e+02, 1.73176697e+02, 3.56818359e+02,
    1.21010361e+02, 2.29940674e+02, 1.26986244e+02, 2.63756500e+02,
    1.33121262e+02, 2.97321350e+02, 1.39279388e+02, 3.31036530e+02,
    1.45643097e+02, 3.64941895e+02 ]
