%YAML:1.0
---
points: [ 1.91924713e+02, 1.69407867e+02, 1.94037720e+02, 1.80020401e+02,
    1.96190079e+02, 1.90562546e+02, 1.98319138e+02, 2.01159622e+02,
    2.00360947e+02, 2.11781357e+02, 1.81755737e+02, 1.71886215e+02,
    1.83863098e+02, 1.82426361e+02, 1.86109482e+02, 1.92865295e+02,
    1.88162964e+02, 2.03457642e+02, 1.90284866e+02, 2.13989365e+02,
    1.71681549e+02, 1.74172745e+02, 1.73786469e+02, 1.84777786e+02,
    1.75888641e+02, 1.95180267e+02, 1.77957855e+02, 2.05787323e+02,
    1.79833435e+02, 2.16436996e+02, 1.61697876e+02, 1.76649078e+02,
    1.63702377e+02, 1.87137894e+02, 1.65869095e+02, 1.97682983e+02,
    1.67970291e+02, 2.07955032e+02, 1.69963303e+02, 2.18705566e+02,
    1.51976257e+02, 1.79134598e+02, 1.53795670e+02, 1.89512817e+02,
    1.55912994e+02, 1.99978943e+02, 1.57847610e+02, 2.10268509e+02,
    1.59882339e+02, 2.20858673e+02, 1.42146790e+02, 1.81426117e+02,
    1.44007202e+02, 1.91819229e+02, 1.46010788e+02, 2.02202225e+02,
    1.47904724e+02, 2.12617508e+02, 1.50002304e+02, 2.23086365e+02,
    1.32383423e+02, 1.83794815e+02, 1.34282227e+02, 1.94161621e+02,
    1.36116989e+02, 2.04392502e+02, 1.38090836e+02, 2.14875000e+02,
    1.40028366e+02, 2.25281158e+02 ]
