%YAML:1.0
---
points: [ 2.12696152e+02, 1.81036835e+02, 2.12384689e+02, 1.91155823e+02,
    2.12106049e+02, 2.01198792e+02, 2.11687073e+02, 2.11276733e+02,
    2.11393555e+02, 2.21500153e+02, 2.03076050e+02, 1.79986664e+02,
    2.02608490e+02, 1.90354568e+02, 2.02276016e+02, 2.00518326e+02,
    2.02064041e+02, 2.10876343e+02, 2.01555618e+02, 2.21112289e+02,
    1.93021545e+02, 1.79195374e+02, 1.92500427e+02, 1.89644470e+02,
    1.92183090e+02, 1.99904785e+02, 1.91819580e+02, 2.10238983e+02,
    1.91318970e+02, 2.20897842e+02, 1.82581512e+02, 1.78402054e+02,
    1.82273132e+02, 1.88914749e+02, 1.81938065e+02, 1.99352570e+02,
    1.81356384e+02, 2.09815399e+02, 1.81006607e+02, 2.20529678e+02,
    1.72112900e+02, 1.77601059e+02, 1.71727051e+02, 1.88099594e+02,
    1.71141617e+02, 1.98743530e+02, 1.70776962e+02, 2.09397583e+02,
    1.70307480e+02, 2.20208435e+02, 1.61099030e+02, 1.76464447e+02,
    1.60702148e+02, 1.87436157e+02, 1.60254333e+02, 1.97995056e+02,
    1.59837067e+02, 2.08843491e+02, 1.59363190e+02, 2.19748734e+02,
    1.49966431e+02, 1.75631073e+02, 1.49552628e+02, 1.86403595e+02,
    1.49086105e+02, 1.97492645e+02, 1.48643158e+02, 2.08231567e+02,
    1.48074051e+02, 2.19540863e+02 ]
