%YAML:1.0
---
points: [ 5.91334961e+02, 3.42112213e+02, 5.98079041e+02, 3.69895996e+02,
    6.05333557e+02, 3.97475800e+02, 6.12182922e+02, 4.25132355e+02,
    6.18832520e+02, 4.52906677e+02, 5.66934509e+02, 3.49582794e+02,
    5.74282104e+02, 3.77307922e+02, 5.81314392e+02, 4.04681519e+02,
    5.88280212e+02, 4.32255920e+02, 5.95217102e+02, 4.59570648e+02,
    5.43416931e+02, 3.57146362e+02, 5.50410461e+02, 3.84670685e+02,
    5.57550964e+02, 4.11976410e+02, 5.64380920e+02, 4.39184845e+02,
    5.71192993e+02, 4.66469696e+02, 5.20386658e+02, 3.64542297e+02,
    5.27220581e+02, 3.91889343e+02, 5.34367065e+02, 4.18987885e+02,
    5.41024292e+02, 4.45956299e+02, 5.47719299e+02, 4.73188660e+02,
    4.97543793e+02, 3.72092377e+02, 5.03943268e+02, 3.99176270e+02,
    5.11236877e+02, 4.25872253e+02, 5.17894470e+02, 4.52754791e+02,
    5.24536377e+02, 4.79894562e+02, 4.75048920e+02, 3.79248138e+02,
    4.81526733e+02, 4.06219635e+02, 4.88112701e+02, 4.32703491e+02,
    4.94981445e+02, 4.59552002e+02, 5.01581909e+02, 4.86398041e+02,
    4.52673859e+02, 3.86323547e+02, 4.59158752e+02, 4.12993347e+02,
    4.65560394e+02, 4.39506622e+02, 4.72132294e+02, 4.66096130e+02,
    4.78777405e+02, 4.92619080e+02 ]
