%YAML:1.0
---
points: [ 8.43732849e+02, 5.10288116e+02, 8.40222473e+02, 5.30532654e+02,
    8.36564941e+02, 5.50969910e+02, 8.33129639e+02, 5.71425537e+02,
    8.29367432e+02, 5.91995483e+02, 8.25622437e+02, 5.06654694e+02,
    8.22143188e+02, 5.27458252e+02, 8.18310730e+02, 5.47806580e+02,
    8.14635925e+02, 5.68530396e+02, 8.11181030e+02, 5.89178284e+02,
    8.06904663e+02, 5.02879700e+02, 8.03154541e+02, 5.23824707e+02,
    7.99443115e+02, 5.44647766e+02, 7.95826538e+02, 5.65513489e+02,
    7.91746643e+02, 5.86485962e+02, 7.87644775e+02, 4.98936218e+02,
    7.84170959e+02, 5.20282654e+02, 7.80330200e+02, 5.41235229e+02,
    7.76395752e+02, 5.62341248e+02, 7.72758728e+02, 5.83610657e+02,
    7.68267700e+02, 4.95329010e+02, 7.64517944e+02, 5.16634888e+02,
    7.60358337e+02, 5.37873352e+02, 7.56567139e+02, 5.59216736e+02,
    7.52786621e+02, 5.80718872e+02, 7.48063538e+02, 4.91260895e+02,
    7.44211914e+02, 5.12796387e+02, 7.40428894e+02, 5.34290955e+02,
    7.36484863e+02, 5.55857910e+02, 7.32628235e+02, 5.77679626e+02,
    7.27601562e+02, 4.87053436e+02, 7.23669189e+02, 5.08837616e+02,
    7.19846313e+02, 5.30646729e+02, 7.16069275e+02, 5.52693237e+02,
    7.11880859e+02, 5.74697754e+02 ]
