%YAML:1.0
---
points: [ 2.15251907e+02, 1.85689484e+02, 2.14249023e+02, 1.95507767e+02,
    2.13013275e+02, 2.05174927e+02, 2.12051224e+02, 2.14947266e+02,
    2.10894302e+02, 2.24899796e+02, 2.07043945e+02, 1.83948837e+02,
    2.05688629e+02, 1.93933136e+02, 2.04542175e+02, 2.03757568e+02,
    2.03436447e+02, 2.13870880e+02, 2.02193405e+02, 2.23805405e+02,
    1.97993362e+02, 1.82190460e+02, 1.96803452e+02, 1.92301254e+02,
    1.95587296e+02, 2.02532181e+02, 1.94474640e+02, 2.12618362e+02,
    1.93055588e+02, 2.22894669e+02, 1.88740036e+02, 1.80366745e+02,
    1.87643356e+02, 1.90747009e+02, 1.86293457e+02, 2.01023056e+02,
    1.85068039e+02, 2.11309769e+02, 1.83829178e+02, 2.21816956e+02,
    1.79134689e+02, 1.78608353e+02, 1.78094696e+02, 1.88938370e+02,
    1.76749359e+02, 1.99587357e+02, 1.75405609e+02, 2.09950119e+02,
    1.74029999e+02, 2.20857880e+02, 1.69301529e+02, 1.76591095e+02,
    1.68107346e+02, 1.87335068e+02, 1.66828918e+02, 1.97904175e+02,
    1.65361176e+02, 2.08601013e+02, 1.64053360e+02, 2.19552856e+02,
    1.59199722e+02, 1.74615509e+02, 1.57954575e+02, 1.85501709e+02,
    1.56453735e+02, 1.96373383e+02, 1.55125702e+02, 2.07199860e+02,
    1.53704666e+02, 2.18346344e+02 ]
