%YAML:1.0
---
points: [ 7.66958191e+02, 4.78406311e+02, 7.73843567e+02, 4.99545685e+02,
    7.80879944e+02, 5.20448608e+02, 7.87630981e+02, 5.41587646e+02,
    7.94652710e+02, 5.62739441e+02, 7.50223877e+02, 4.85508331e+02,
    7.57397339e+02, 5.06442078e+02, 7.64425415e+02, 5.27141663e+02,
    7.71269348e+02, 5.48214355e+02, 7.78262329e+02, 5.69074951e+02,
    7.34044556e+02, 4.92578217e+02, 7.41111267e+02, 5.13345398e+02,
    7.48008362e+02, 5.33835266e+02, 7.54612549e+02, 5.54575806e+02,
    7.61582581e+02, 5.75424194e+02, 7.18265381e+02, 4.99548401e+02,
    7.25171387e+02, 5.20002136e+02, 7.32307678e+02, 5.40391724e+02,
    7.38714355e+02, 5.60864319e+02, 7.45452087e+02, 5.81565002e+02,
    7.03051270e+02, 5.06338104e+02, 7.09365051e+02, 5.26638489e+02,
    7.16319397e+02, 5.46840088e+02, 7.23036438e+02, 5.67260132e+02,
    7.29617432e+02, 5.87631775e+02, 6.87538452e+02, 5.12840454e+02,
    6.94197144e+02, 5.33102783e+02, 7.00646729e+02, 5.53154480e+02,
    7.07471436e+02, 5.73339966e+02, 7.13787720e+02, 5.93673584e+02,
    6.72579285e+02, 5.19403687e+02, 6.79118042e+02, 5.39439270e+02,
    6.85409302e+02, 5.59355469e+02, 6.91812622e+02, 5.79344666e+02,
    6.98414795e+02, 5.99474915e+02 ]
