%YAML:1.0
---
points: [ 1.40411026e+02, 1.77482758e+02, 1.39005249e+02, 1.87920746e+02,
    1.37598740e+02, 1.98266830e+02, 1.36140640e+02, 2.08742813e+02,
    1.34602295e+02, 2.19517700e+02, 1.30003571e+02, 1.75257706e+02,
    1.28400162e+02, 1.86044510e+02, 1.27008881e+02, 1.96564270e+02,
    1.25527351e+02, 2.07505325e+02, 1.24082481e+02, 2.18116623e+02,
    1.19139183e+02, 1.73147736e+02, 1.17555550e+02, 1.84093033e+02,
    1.15940308e+02, 1.94922302e+02, 1.14381210e+02, 2.05913223e+02,
    1.12747276e+02, 2.16855545e+02, 1.07829674e+02, 1.70900146e+02,
    1.06290016e+02, 1.82098343e+02, 1.04657860e+02, 1.93163071e+02,
    1.02998184e+02, 2.04321411e+02, 1.01495003e+02, 2.15596512e+02,
    9.61797028e+01, 1.68831039e+02, 9.45823288e+01, 1.79920273e+02,
    9.27633362e+01, 1.91348160e+02, 9.11763763e+01, 2.02568008e+02,
    8.94417877e+01, 2.14281235e+02, 8.39553375e+01, 1.66269928e+02,
    8.24985886e+01, 1.77887222e+02, 8.06966705e+01, 1.89381256e+02,
    7.88969955e+01, 2.00813004e+02, 7.72254333e+01, 2.12655334e+02,
    7.15830917e+01, 1.63826447e+02, 7.00427475e+01, 1.75834198e+02,
    6.81252747e+01, 1.87397705e+02, 6.63276367e+01, 1.99101334e+02,
    6.44903793e+01, 2.11096451e+02 ]
