%YAML:1.0
---
points: [ 9.76238098e+02, 5.50502869e+02, 9.78857788e+02, 5.69117065e+02,
    9.81265381e+02, 5.87317627e+02, 9.83905823e+02, 6.05617554e+02,
    9.86305237e+02, 6.24153137e+02, 9.58107910e+02, 5.52968079e+02,
    9.60486816e+02, 5.71484558e+02, 9.63171509e+02, 5.89619019e+02,
    9.65509949e+02, 6.08098083e+02, 9.68265625e+02, 6.26400757e+02,
    9.39526123e+02, 5.55432556e+02, 9.42279602e+02, 5.73819641e+02,
    9.44612976e+02, 5.92180725e+02, 9.47282104e+02, 6.10452271e+02,
    9.49565857e+02, 6.28801086e+02, 9.21431641e+02, 5.57752747e+02,
    9.23772949e+02, 5.76328857e+02, 9.26523865e+02, 5.94500305e+02,
    9.28828796e+02, 6.12792725e+02, 9.31582275e+02, 6.31166504e+02,
    9.03092468e+02, 5.60383911e+02, 9.05697327e+02, 5.78619629e+02,
    9.08103333e+02, 5.97037720e+02, 9.10764038e+02, 6.14990784e+02,
    9.13091614e+02, 6.33577271e+02, 8.84920593e+02, 5.62605469e+02,
    8.87386292e+02, 5.81179871e+02, 8.90066223e+02, 5.99276062e+02,
    8.92453735e+02, 6.17647339e+02, 8.95050964e+02, 6.35765137e+02,
    8.66695984e+02, 5.65232117e+02, 8.69396118e+02, 5.83457092e+02,
    8.71722046e+02, 6.01726868e+02, 8.74441772e+02, 6.19763184e+02,
    8.76735413e+02, 6.38308105e+02 ]
