%YAML:1.0
---
points: [ 1.28237061e+02, 1.66602036e+02, 1.28637146e+02, 1.77698227e+02,
    1.29168701e+02, 1.88874252e+02, 1.29651001e+02, 2.00069778e+02,
    1.30093033e+02, 2.11529984e+02, 1.16290245e+02, 1.66583694e+02,
    1.16745003e+02, 1.77959274e+02, 1.17236687e+02, 1.89225128e+02,
    1.17729431e+02, 2.00516251e+02, 1.18217232e+02, 2.11846893e+02,
    1.03971169e+02, 1.66843231e+02, 1.04448357e+02, 1.78232666e+02,
    1.04977753e+02, 1.89675873e+02, 1.05393028e+02, 2.00821213e+02,
    1.05832939e+02, 2.12385376e+02, 9.16595306e+01, 1.67043747e+02,
    9.21029739e+01, 1.78592133e+02, 9.26330795e+01, 1.89862320e+02,
    9.30090256e+01, 2.01409637e+02, 9.35694580e+01, 2.12903214e+02,
    7.93327866e+01, 1.67160690e+02, 7.96121445e+01, 1.78718933e+02,
    8.01132889e+01, 1.90253494e+02, 8.04813385e+01, 2.01687805e+02,
    8.09270859e+01, 2.13528152e+02, 6.67038803e+01, 1.67533829e+02,
    6.70654907e+01, 1.78947510e+02, 6.73262787e+01, 1.90613815e+02,
    6.77799377e+01, 2.02264816e+02, 6.82304230e+01, 2.13958206e+02,
    5.41855583e+01, 1.67694443e+02, 5.45133476e+01, 1.79402939e+02,
    5.47425270e+01, 1.90919495e+02, 5.51071510e+01, 2.02755936e+02,
    5.56159325e+01, 2.14449097e+02 ]
