%YAML:1.0
---
points: [ 1.16205238e+02, 1.60881607e+02, 1.17716263e+02, 1.72229965e+02,
    1.19286873e+02, 1.83633148e+02, 1.20839310e+02, 1.95045364e+02,
    1.22510246e+02, 2.06450272e+02, 1.04619392e+02, 1.62526764e+02,
    1.06243423e+02, 1.74012329e+02, 1.07867638e+02, 1.85288956e+02,
    1.09370735e+02, 1.96819916e+02, 1.10915421e+02, 2.08187592e+02,
    9.30974579e+01, 1.64240067e+02, 9.46510391e+01, 1.75763657e+02,
    9.62524109e+01, 1.87131577e+02, 9.76622238e+01, 1.98500076e+02,
    9.92100296e+01, 2.10102280e+02, 8.18058929e+01, 1.66042587e+02,
    8.31716003e+01, 1.77385925e+02, 8.48080673e+01, 1.88909607e+02,
    8.62920685e+01, 2.00306519e+02, 8.77620621e+01, 2.11856873e+02,
    7.06228180e+01, 1.67816040e+02, 7.19212570e+01, 1.79206787e+02,
    7.34045410e+01, 1.90622299e+02, 7.48644638e+01, 2.02120316e+02,
    7.63225098e+01, 2.13682175e+02, 5.92983818e+01, 1.69776016e+02,
    6.05898018e+01, 1.81000931e+02, 6.19344521e+01, 1.92350464e+02,
    6.33799400e+01, 2.03812958e+02, 6.48326950e+01, 2.15333420e+02,
    4.82057648e+01, 1.71348297e+02, 4.94944344e+01, 1.82884003e+02,
    5.07810707e+01, 1.94121643e+02, 5.21055489e+01, 2.05619293e+02,
    5.34634705e+01, 2.17168747e+02 ]
