%YAML:1.0
---
points: [ 1.08096777e+03, 5.50772583e+02, 1.08352014e+03, 5.69399048e+02,
    1.08583521e+03, 5.87484192e+02, 1.08833765e+03, 6.05797363e+02,
    1.09076367e+03, 6.24188110e+02, 1.06265295e+03, 5.53258240e+02,
    1.06512000e+03, 5.71586731e+02, 1.06751367e+03, 5.89741455e+02,
    1.06989624e+03, 6.08128418e+02, 1.07236365e+03, 6.26320679e+02,
    1.04415588e+03, 5.55514221e+02, 1.04657715e+03, 5.73886719e+02,
    1.04904395e+03, 5.92158020e+02, 1.05142480e+03, 6.10337708e+02,
    1.05385266e+03, 6.28545715e+02, 1.02584619e+03, 5.57781128e+02,
    1.02829675e+03, 5.76223877e+02, 1.03077014e+03, 5.94331421e+02,
    1.03316833e+03, 6.12531616e+02, 1.03565210e+03, 6.30639404e+02,
    1.00756128e+03, 5.60316040e+02, 1.01012079e+03, 5.78474609e+02,
    1.01247418e+03, 5.96659607e+02, 1.01489929e+03, 6.14572815e+02,
    1.01738269e+03, 6.32962036e+02, 9.89472412e+02, 5.62436218e+02,
    9.91796997e+02, 5.80816772e+02, 9.94349487e+02, 5.98726746e+02,
    9.96750793e+02, 6.16991333e+02, 9.99259888e+02, 6.34992188e+02,
    9.71400208e+02, 5.64878174e+02, 9.73904602e+02, 5.82867615e+02,
    9.76265503e+02, 6.01163086e+02, 9.78842407e+02, 6.19044739e+02,
    9.81138611e+02, 6.37299988e+02 ]
