%YAML:1.0
---
points: [ 1.33817123e+02, 2.55424744e+02, 1.35520172e+02, 2.66259857e+02,
    1.37363602e+02, 2.76930115e+02, 1.39109467e+02, 2.87694611e+02,
    1.40843109e+02, 2.98536438e+02, 1.23704414e+02, 2.57120972e+02,
    1.25555733e+02, 2.67828796e+02, 1.27417221e+02, 2.78350067e+02,
    1.29131912e+02, 2.89196991e+02, 1.30987213e+02, 2.99948700e+02,
    1.13613533e+02, 2.58626312e+02, 1.15467278e+02, 2.69427032e+02,
    1.17336449e+02, 2.79923218e+02, 1.19118988e+02, 2.90777710e+02,
    1.20906334e+02, 3.01439972e+02, 1.03775673e+02, 2.60280884e+02,
    1.05560188e+02, 2.70850586e+02, 1.07539879e+02, 2.81471252e+02,
    1.09292519e+02, 2.92076111e+02, 1.11045341e+02, 3.02873901e+02,
    9.42772064e+01, 2.61782654e+02, 9.58166504e+01, 2.72457397e+02,
    9.77376480e+01, 2.82967316e+02, 9.95423279e+01, 2.93378265e+02,
    1.01352715e+02, 3.04143890e+02, 8.47267227e+01, 2.63372681e+02,
    8.62887650e+01, 2.74005096e+02, 8.80634766e+01, 2.84498352e+02,
    8.99229965e+01, 2.94817688e+02, 9.18572998e+01, 3.05441956e+02,
    7.51930084e+01, 2.64711334e+02, 7.69129181e+01, 2.75380859e+02,
    7.85729294e+01, 2.85813232e+02, 8.04229126e+01, 2.96272156e+02,
    8.21139145e+01, 3.06739441e+02 ]
