%YAML:1.0
---
points: [ 9.42922119e+02, 3.69489014e+02, 9.43346436e+02, 3.89480133e+02,
    9.43581421e+02, 4.09385681e+02, 9.43856384e+02, 4.29434692e+02,
    9.44220581e+02, 4.49529205e+02, 9.23314331e+02, 3.69220215e+02,
    9.23551880e+02, 3.89380798e+02, 9.23734497e+02, 4.09317261e+02,
    9.24145264e+02, 4.29444519e+02, 9.24506592e+02, 4.49529327e+02,
    9.03170654e+02, 3.69011963e+02, 9.03520996e+02, 3.89223694e+02,
    9.03803894e+02, 4.09273987e+02, 9.04286377e+02, 4.29451569e+02,
    9.04554382e+02, 4.49625763e+02, 8.83232117e+02, 3.68651489e+02,
    8.83597107e+02, 3.88919525e+02, 8.83886108e+02, 4.09241760e+02,
    8.84327148e+02, 4.29450745e+02, 8.84711609e+02, 4.49617706e+02,
    8.63074463e+02, 3.68529205e+02, 8.63443665e+02, 3.88666046e+02,
    8.63682983e+02, 4.09148438e+02, 8.64083923e+02, 4.29388550e+02,
    8.64415039e+02, 4.49686310e+02, 8.42628906e+02, 3.68216888e+02,
    8.43052368e+02, 3.88607513e+02, 8.43440857e+02, 4.08829315e+02,
    8.43709778e+02, 4.29363495e+02, 8.44229370e+02, 4.49707947e+02,
    8.22201111e+02, 3.67830688e+02, 8.22620728e+02, 3.88408813e+02,
    8.22975281e+02, 4.08726776e+02, 8.23392212e+02, 4.29307465e+02,
    8.23670349e+02, 4.49631927e+02 ]
