%YAML:1.0
---
points: [ 1.50196304e+02, 2.58892487e+02, 1.50100067e+02, 2.69380096e+02,
    1.49965286e+02, 2.79851196e+02, 1.50047638e+02, 2.90294922e+02,
    1.49886414e+02, 3.00893311e+02, 1.39210648e+02, 2.59263275e+02,
    1.39137268e+02, 2.69894348e+02, 1.39154877e+02, 2.80285736e+02,
    1.39066269e+02, 2.90923157e+02, 1.39048004e+02, 3.01325012e+02,
    1.27935043e+02, 2.59644989e+02, 1.27824112e+02, 2.70285828e+02,
    1.27869095e+02, 2.80757233e+02, 1.27779678e+02, 2.91383667e+02,
    1.27678551e+02, 3.02076874e+02, 1.16656746e+02, 2.59841034e+02,
    1.16583496e+02, 2.70744720e+02, 1.16677094e+02, 2.81206757e+02,
    1.16664200e+02, 2.91815369e+02, 1.16714302e+02, 3.02685211e+02,
    1.05337639e+02, 2.60256866e+02, 1.05211472e+02, 2.70989441e+02,
    1.05218765e+02, 2.81791870e+02, 1.05248070e+02, 2.92383881e+02,
    1.05233109e+02, 3.03353821e+02, 9.37687683e+01, 2.60706696e+02,
    9.36773453e+01, 2.71445984e+02, 9.36508560e+01, 2.82252747e+02,
    9.37369614e+01, 2.92962982e+02, 9.38564529e+01, 3.03865448e+02,
    8.19433746e+01, 2.60916046e+02, 8.20443420e+01, 2.71818207e+02,
    8.20181656e+01, 2.82726654e+02, 8.21264496e+01, 2.93654877e+02,
    8.21638031e+01, 3.04388245e+02 ]
