%YAML:1.0
---
points: [ 9.03699158e+02, 3.52883850e+02, 9.09180054e+02, 3.72778473e+02,
    9.14607239e+02, 3.92547974e+02, 9.19973206e+02, 4.12350220e+02,
    9.25441101e+02, 4.32303375e+02, 8.85767639e+02, 3.59311737e+02,
    8.91459473e+02, 3.79257843e+02, 8.96802246e+02, 3.98694824e+02,
    9.02217651e+02, 4.18427795e+02, 9.07595276e+02, 4.38170807e+02,
    8.68350708e+02, 3.65649811e+02, 8.73815857e+02, 3.85334564e+02,
    8.79232666e+02, 4.04731598e+02, 8.84480530e+02, 4.24387146e+02,
    8.89860901e+02, 4.44131592e+02, 8.51041260e+02, 3.72019836e+02,
    8.56413086e+02, 3.91493713e+02, 8.61809875e+02, 4.10754883e+02,
    8.67185120e+02, 4.30245056e+02, 8.72453186e+02, 4.49668335e+02,
    8.34146973e+02, 3.78320435e+02, 8.39210449e+02, 3.97584595e+02,
    8.44657532e+02, 4.16915009e+02, 8.49910767e+02, 4.36037750e+02,
    8.55187378e+02, 4.55436127e+02, 8.17361084e+02, 3.84262482e+02,
    8.22439392e+02, 4.03516052e+02, 8.27615173e+02, 4.22527100e+02,
    8.32859131e+02, 4.41684631e+02, 8.38289490e+02, 4.60926483e+02,
    8.00705933e+02, 3.90286469e+02, 8.05789001e+02, 4.09406097e+02,
    8.10884949e+02, 4.28391846e+02, 8.16269775e+02, 4.47296814e+02,
    8.21362366e+02, 4.66369263e+02 ]
