%YAML:1.0
---
points: [ 9.55012573e+02, 3.86808075e+02, 9.52002319e+02, 4.05943024e+02,
    9.48777649e+02, 4.24799591e+02, 9.45627930e+02, 4.43827179e+02,
    9.42576721e+02, 4.62839691e+02, 9.39526733e+02, 3.81979034e+02,
    9.36275757e+02, 4.01470856e+02, 9.32928528e+02, 4.20313293e+02,
    9.29580627e+02, 4.39564331e+02, 9.26595947e+02, 4.58881531e+02,
    9.23291382e+02, 3.77285187e+02, 9.19857910e+02, 3.96650848e+02,
    9.16563904e+02, 4.15985748e+02, 9.13444641e+02, 4.35197113e+02,
    9.09970337e+02, 4.54750946e+02, 9.06622253e+02, 3.72039215e+02,
    9.03340515e+02, 3.91708954e+02, 8.99999756e+02, 4.11468048e+02,
    8.96598267e+02, 4.30839905e+02, 8.93501648e+02, 4.50537720e+02,
    8.89736084e+02, 3.67223969e+02, 8.86506287e+02, 3.86778259e+02,
    8.82854492e+02, 4.06565338e+02, 8.79538696e+02, 4.26375336e+02,
    8.76123901e+02, 4.46320770e+02, 8.72377991e+02, 3.61587708e+02,
    8.69206543e+02, 3.81843597e+02, 8.65711365e+02, 4.01792725e+02,
    8.62195740e+02, 4.21734833e+02, 8.58807251e+02, 4.41837677e+02,
    8.54704224e+02, 3.56481812e+02, 8.51517883e+02, 3.76683838e+02,
    8.48251465e+02, 3.96887543e+02, 8.44572449e+02, 4.17145905e+02,
    8.41044373e+02, 4.37372681e+02 ]
