%YAML:1.0
---
points: [ 1.57403442e+02, 2.63226227e+02, 1.55627502e+02, 2.73280121e+02,
    1.53799911e+02, 2.83206146e+02, 1.52212479e+02, 2.93321442e+02,
    1.50354034e+02, 3.03499115e+02, 1.47553085e+02, 2.62387909e+02,
    1.45630432e+02, 2.72716980e+02, 1.43865753e+02, 2.82808319e+02,
    1.42120865e+02, 2.93056854e+02, 1.40377823e+02, 3.03282135e+02,
    1.37173798e+02, 2.61691895e+02, 1.35243637e+02, 2.72060760e+02,
    1.33359222e+02, 2.82299500e+02, 1.31581894e+02, 2.92589874e+02,
    1.29613586e+02, 3.03252808e+02, 1.26448059e+02, 2.60809814e+02,
    1.24609367e+02, 2.71586578e+02, 1.22736946e+02, 2.81914185e+02,
    1.20826073e+02, 2.92329865e+02, 1.19055283e+02, 3.02897186e+02,
    1.15520187e+02, 2.59987701e+02, 1.13545326e+02, 2.70712830e+02,
    1.11696289e+02, 2.81370331e+02, 1.09830429e+02, 2.92008789e+02,
    1.07898865e+02, 3.02769714e+02, 1.04229736e+02, 2.59028900e+02,
    1.02292320e+02, 2.70024689e+02, 1.00342979e+02, 2.80844818e+02,
    9.84800186e+01, 2.91584778e+02, 9.67054672e+01, 3.02393463e+02,
    9.27056046e+01, 2.58278687e+02, 9.07500610e+01, 2.69384888e+02,
    8.88867264e+01, 2.80223511e+02, 8.69053955e+01, 2.91253845e+02,
    8.51057816e+01, 3.02122437e+02 ]
