%YAML:1.0
---
points: [ 1.01755652e+03, 4.62488312e+02, 1.01463928e+03, 4.79454895e+02,
    1.01176636e+03, 4.96323181e+02, 1.00918726e+03, 5.13043396e+02,
    1.00628888e+03, 5.29823059e+02, 1.00353772e+03, 4.59476990e+02,
    1.00071686e+03, 4.76543671e+02, 9.97666443e+02, 4.93218994e+02,
    9.95035217e+02, 5.10419525e+02, 9.91977173e+02, 5.27370667e+02,
    9.89341064e+02, 4.56187653e+02, 9.86288208e+02, 4.73423248e+02,
    9.83206543e+02, 4.90518036e+02, 9.80499268e+02, 5.07596466e+02,
    9.77406616e+02, 5.24643616e+02, 9.74550720e+02, 4.53139862e+02,
    9.71584961e+02, 4.70402161e+02, 9.68691650e+02, 4.87463348e+02,
    9.65634705e+02, 5.04634705e+02, 9.62985046e+02, 5.22261719e+02,
    9.59658264e+02, 4.49812897e+02, 9.57015991e+02, 4.67189026e+02,
    9.53739502e+02, 4.84556732e+02, 9.50660828e+02, 5.01899445e+02,
    9.47891541e+02, 5.19395813e+02, 9.44492004e+02, 4.46269379e+02,
    9.41682190e+02, 4.64121155e+02, 9.38757019e+02, 4.81504974e+02,
    9.35613342e+02, 4.98951874e+02, 9.32677856e+02, 5.16747803e+02,
    9.29181824e+02, 4.43026062e+02, 9.26504883e+02, 4.60757812e+02,
    9.23471497e+02, 4.78453613e+02, 9.20519165e+02, 4.96270538e+02,
    9.17462524e+02, 5.13809204e+02 ]
