%YAML:1.0
---
points: [ 1.57095932e+02, 2.53946304e+02, 1.56749130e+02, 2.63608398e+02,
    1.56245377e+02, 2.73559418e+02, 1.56070938e+02, 2.83590515e+02,
    1.55517685e+02, 2.94133789e+02, 1.47427643e+02, 2.52805099e+02,
    1.46863129e+02, 2.62872131e+02, 1.46325790e+02, 2.72933380e+02,
    1.45883438e+02, 2.83208649e+02, 1.45346207e+02, 2.93631775e+02,
    1.37195999e+02, 2.51929077e+02, 1.36635254e+02, 2.61989258e+02,
    1.35919861e+02, 2.72283447e+02, 1.35365448e+02, 2.82572510e+02,
    1.34644348e+02, 2.93417908e+02, 1.26780350e+02, 2.50773697e+02,
    1.26052467e+02, 2.61168945e+02, 1.25333290e+02, 2.71456909e+02,
    1.24548073e+02, 2.82134155e+02, 1.23826027e+02, 2.92887726e+02,
    1.16072853e+02, 2.49804382e+02, 1.15326927e+02, 2.60103058e+02,
    1.14262489e+02, 2.70734619e+02, 1.13389725e+02, 2.81448273e+02,
    1.12417587e+02, 2.92568359e+02, 1.04947731e+02, 2.48707474e+02,
    1.04049095e+02, 2.59186249e+02, 1.03052589e+02, 2.69915924e+02,
    1.01944748e+02, 2.80848694e+02, 1.01083778e+02, 2.92109344e+02,
    9.35718231e+01, 2.47674561e+02, 9.25336609e+01, 2.58300140e+02,
    9.13727798e+01, 2.69082306e+02, 9.02796326e+01, 2.80052307e+02,
    8.89985352e+01, 2.91461945e+02 ]
