%YAML:1.0
---
points: [ 9.91849548e+02, 4.42121948e+02, 9.94407532e+02, 4.59765320e+02,
    9.96672546e+02, 4.77371033e+02, 9.99137756e+02, 4.94978363e+02,
    1.00146210e+03, 5.12669861e+02, 9.74544800e+02, 4.44580017e+02,
    9.76810547e+02, 4.62298950e+02, 9.79475342e+02, 4.79731659e+02,
    9.81653259e+02, 4.97418640e+02, 9.84326660e+02, 5.14737244e+02,
    9.57202820e+02, 4.47020569e+02, 9.59588745e+02, 4.64806305e+02,
    9.61980286e+02, 4.82226044e+02, 9.64442566e+02, 4.99616425e+02,
    9.66661072e+02, 5.17397949e+02, 9.39759583e+02, 4.49619812e+02,
    9.42450500e+02, 4.67108154e+02, 9.44847961e+02, 4.84588135e+02,
    9.47413452e+02, 5.02186676e+02, 9.49587585e+02, 5.19517273e+02,
    9.22854309e+02, 4.52095886e+02, 9.25208069e+02, 4.69673950e+02,
    9.27658020e+02, 4.87105804e+02, 9.30019958e+02, 5.04287354e+02,
    9.32495483e+02, 5.21937927e+02, 9.05790161e+02, 4.54515106e+02,
    9.08043335e+02, 4.71952820e+02, 9.10631592e+02, 4.89386902e+02,
    9.12960938e+02, 5.06759705e+02, 9.15527954e+02, 5.24178040e+02,
    8.88782715e+02, 4.56833160e+02, 8.91287903e+02, 4.74503876e+02,
    8.93594238e+02, 4.91732361e+02, 8.96156738e+02, 5.08804352e+02,
    8.98438660e+02, 5.26367310e+02 ]
