%YAML:1.0
---
points: [ 2.09883652e+02, 2.61710419e+02, 2.14177811e+02, 2.71480133e+02,
    2.13894653e+02, 2.80388519e+02, 2.14220779e+02, 2.89550385e+02,
    2.11196350e+02, 2.98633759e+02, 2.09883621e+02, 2.61710419e+02,
    2.07207977e+02, 2.70367523e+02, 2.07152740e+02, 2.79568878e+02,
    2.07187271e+02, 2.88845032e+02, 2.07178131e+02, 2.98432190e+02,
    2.00159286e+02, 2.60084900e+02, 1.99945679e+02, 2.69218689e+02,
    1.99783127e+02, 2.78545776e+02, 1.99785812e+02, 2.88108765e+02,
    1.99683365e+02, 2.97824005e+02, 1.92532898e+02, 2.58692261e+02,
    1.92677979e+02, 2.68070312e+02, 1.92324509e+02, 2.77481598e+02,
    1.92136169e+02, 2.87266663e+02, 1.92176346e+02, 2.97046143e+02,
    1.85082336e+02, 2.57315765e+02, 1.85060883e+02, 2.66797546e+02,
    1.84605576e+02, 2.76628479e+02, 1.84380814e+02, 2.86379517e+02,
    1.84172058e+02, 2.96551514e+02, 1.77102020e+02, 2.55876480e+02,
    1.76979889e+02, 2.65631409e+02, 1.76706909e+02, 2.75312378e+02,
    1.76237289e+02, 2.85522003e+02, 1.76122040e+02, 2.95738434e+02,
    1.69063034e+02, 2.54533340e+02, 1.68823563e+02, 2.64426575e+02,
    1.68306854e+02, 2.74372955e+02, 1.67988449e+02, 2.84407227e+02,
    1.67466354e+02, 2.95075378e+02 ]
