%YAML:1.0
---
points: [ 7.44867432e+02, 3.68493378e+02, 7.49053345e+02, 3.88538177e+02,
    7.53299255e+02, 4.08444672e+02, 7.57293701e+02, 4.28529449e+02,
    7.61281067e+02, 4.48742554e+02, 7.26315552e+02, 3.72937592e+02,
    7.30496399e+02, 3.93088959e+02, 7.34515381e+02, 4.13039703e+02,
    7.38648438e+02, 4.33129852e+02, 7.42853699e+02, 4.52862427e+02,
    7.07591187e+02, 3.77569458e+02, 7.11817078e+02, 3.97609436e+02,
    7.16183777e+02, 4.17537170e+02, 7.20008484e+02, 4.37375214e+02,
    7.24005249e+02, 4.57247986e+02, 6.89447937e+02, 3.82227509e+02,
    6.93480469e+02, 4.02240204e+02, 6.97631287e+02, 4.21844238e+02,
    7.01718872e+02, 4.41589752e+02, 7.05794556e+02, 4.61423065e+02,
    6.71292419e+02, 3.86811737e+02, 6.75188904e+02, 4.06533295e+02,
    6.79401978e+02, 4.26293396e+02, 6.83457275e+02, 4.45830078e+02,
    6.87358154e+02, 4.65807648e+02, 6.53293213e+02, 3.91246307e+02,
    6.57135986e+02, 4.11036224e+02, 6.60964355e+02, 4.30509674e+02,
    6.65210510e+02, 4.50264008e+02, 6.69344299e+02, 4.70024628e+02,
    6.35250000e+02, 3.95703400e+02, 6.39101501e+02, 4.15387451e+02,
    6.43161499e+02, 4.34666901e+02, 6.47200012e+02, 4.54402008e+02,
    6.51045471e+02, 4.74150116e+02 ]
