%YAML:1.0
---
points: [ 2.10432220e+02, 2.65344482e+02, 2.10131134e+02, 2.75125854e+02,
    2.09756546e+02, 2.84493866e+02, 2.09472580e+02, 2.94132111e+02,
    2.09218292e+02, 3.03716553e+02, 2.01009171e+02, 2.65560577e+02,
    2.00589066e+02, 2.75298187e+02, 2.00375336e+02, 2.84777222e+02,
    2.00035645e+02, 2.94440155e+02, 1.99674088e+02, 3.04097656e+02,
    1.91188293e+02, 2.65872375e+02, 1.90932724e+02, 2.75422607e+02,
    1.90401657e+02, 2.85135468e+02, 1.90227158e+02, 2.94807892e+02,
    1.89851944e+02, 3.04429352e+02, 1.81363647e+02, 2.65933502e+02,
    1.81127075e+02, 2.75708252e+02, 1.80808228e+02, 2.85399506e+02,
    1.80361603e+02, 2.95173431e+02, 1.80079514e+02, 3.05030090e+02,
    1.71342163e+02, 2.66115295e+02, 1.71068542e+02, 2.75960480e+02,
    1.70641846e+02, 2.85775391e+02, 1.70326721e+02, 2.95463226e+02,
    1.69970688e+02, 3.05395172e+02, 1.61315445e+02, 2.66156372e+02,
    1.60898529e+02, 2.76222900e+02, 1.60439667e+02, 2.86133514e+02,
    1.60170853e+02, 2.95932678e+02, 1.59917389e+02, 3.05987305e+02,
    1.50974518e+02, 2.66382050e+02, 1.50636246e+02, 2.76415497e+02,
    1.50315659e+02, 2.86384216e+02, 1.50026123e+02, 2.96349731e+02,
    1.49435715e+02, 3.06514160e+02 ]
