%YAML:1.0
---
points: [ 7.91914734e+02, 4.00713776e+02, 7.88799988e+02, 4.19533356e+02,
    7.85504578e+02, 4.38512756e+02, 7.82352539e+02, 4.57353027e+02,
    7.79057800e+02, 4.76511932e+02, 7.74827637e+02, 3.95852570e+02,
    7.71349304e+02, 4.15057343e+02, 7.68163879e+02, 4.34042694e+02,
    7.64713135e+02, 4.53363739e+02, 7.61415100e+02, 4.72309174e+02,
    7.56810242e+02, 3.90910065e+02, 7.53489746e+02, 4.10340698e+02,
    7.49815308e+02, 4.29525299e+02, 7.46628601e+02, 4.49007202e+02,
    7.43125427e+02, 4.68421356e+02, 7.38479431e+02, 3.85935333e+02,
    7.35089661e+02, 4.05470184e+02, 7.31710266e+02, 4.24844025e+02,
    7.28154236e+02, 4.44538391e+02, 7.24726562e+02, 4.64296783e+02,
    7.19745544e+02, 3.80806763e+02, 7.16520142e+02, 4.00537354e+02,
    7.12679688e+02, 4.20222412e+02, 7.09318176e+02, 4.39783905e+02,
    7.05738403e+02, 4.59898529e+02, 7.00631348e+02, 3.75507294e+02,
    6.97166626e+02, 3.95476868e+02, 6.93717957e+02, 4.15301819e+02,
    6.90003174e+02, 4.35373993e+02, 6.86414429e+02, 4.55444885e+02,
    6.81231018e+02, 3.70094025e+02, 6.77634521e+02, 3.90386078e+02,
    6.74299988e+02, 4.10451538e+02, 6.70521301e+02, 4.30532196e+02,
    6.66632812e+02, 4.50786133e+02 ]
