%YAML:1.0
---
points: [ 1.87920502e+02, 2.62597076e+02, 1.90722992e+02, 2.72329773e+02,
    1.93650040e+02, 2.81739655e+02, 1.96520172e+02, 2.91276703e+02,
    1.99394333e+02, 3.00856903e+02, 1.79677795e+02, 2.64692352e+02,
    1.82689713e+02, 2.74123230e+02, 1.85676971e+02, 2.83547363e+02,
    1.88497543e+02, 2.92841583e+02, 1.91360840e+02, 3.02304565e+02,
    1.71711731e+02, 2.66587677e+02, 1.74691376e+02, 2.75845734e+02,
    1.77502060e+02, 2.85252594e+02, 1.80398041e+02, 2.94540070e+02,
    1.83241226e+02, 3.03860718e+02, 1.63934952e+02, 2.68367981e+02,
    1.66800537e+02, 2.77652039e+02, 1.69826675e+02, 2.86796021e+02,
    1.72608353e+02, 2.95995789e+02, 1.75349533e+02, 3.05369934e+02,
    1.56573212e+02, 2.70201660e+02, 1.59120712e+02, 2.79516693e+02,
    1.62109177e+02, 2.88555542e+02, 1.64904694e+02, 2.97636719e+02,
    1.67469437e+02, 3.06946838e+02, 1.49059082e+02, 2.72007202e+02,
    1.51756058e+02, 2.81005127e+02, 1.54566452e+02, 2.90216370e+02,
    1.57284836e+02, 2.99154480e+02, 1.60173126e+02, 3.08249542e+02,
    1.41882309e+02, 2.73739441e+02, 1.44394745e+02, 2.82802612e+02,
    1.47254547e+02, 2.91750275e+02, 1.49776840e+02, 3.00658264e+02,
    1.52894089e+02, 3.09603394e+02 ]
