%YAML:1.0
---
points: [ 2.95949524e+02, 2.69580536e+02, 2.96236053e+02, 2.78346466e+02,
    2.96469147e+02, 2.86859222e+02, 2.96777344e+02, 2.95499146e+02,
    2.96927765e+02, 3.04175201e+02, 2.87450958e+02, 2.70260681e+02,
    2.87730743e+02, 2.78980499e+02, 2.88017029e+02, 2.87416901e+02,
    2.88365082e+02, 2.96084137e+02, 2.88786682e+02, 3.04632599e+02,
    2.78927979e+02, 2.70813721e+02, 2.79176788e+02, 2.79379578e+02,
    2.79358490e+02, 2.88048309e+02, 2.79713806e+02, 2.96635254e+02,
    2.79863007e+02, 3.05284576e+02, 2.70249054e+02, 2.71177765e+02,
    2.70623169e+02, 2.80012146e+02, 2.70913452e+02, 2.88613922e+02,
    2.71099731e+02, 2.97306946e+02, 2.71532806e+02, 3.06047028e+02,
    2.61629578e+02, 2.71788239e+02, 2.61890900e+02, 2.80579346e+02,
    2.62212250e+02, 2.89263641e+02, 2.62465729e+02, 2.97819183e+02,
    2.62679047e+02, 3.06522522e+02, 2.52898392e+02, 2.72353699e+02,
    2.53287308e+02, 2.81149078e+02, 2.53466232e+02, 2.89763062e+02,
    2.53841064e+02, 2.98422058e+02, 2.54288712e+02, 3.07187805e+02,
    2.44110519e+02, 2.73089600e+02, 2.44507675e+02, 2.81735718e+02,
    2.44808136e+02, 2.90362671e+02, 2.45169159e+02, 2.99184814e+02,
    2.45387039e+02, 3.07980774e+02 ]
