%YAML:1.0
---
points: [ 9.01622986e+02, 4.33494965e+02, 8.98920105e+02, 4.51276825e+02,
    8.96152527e+02, 4.68944122e+02, 8.93455933e+02, 4.86726440e+02,
    8.90609314e+02, 5.04571686e+02, 8.86699341e+02, 4.29392212e+02,
    8.83977112e+02, 4.47537079e+02, 8.80899719e+02, 4.65384064e+02,
    8.78181030e+02, 4.83291626e+02, 8.75411377e+02, 5.01459747e+02,
    8.71271851e+02, 4.25321991e+02, 8.68448547e+02, 4.43634644e+02,
    8.65348328e+02, 4.61460693e+02, 8.62574341e+02, 4.79709351e+02,
    8.59507324e+02, 4.97896667e+02, 8.55438538e+02, 4.21082062e+02,
    8.52766602e+02, 4.39513947e+02, 8.49522278e+02, 4.57612488e+02,
    8.46629272e+02, 4.76130554e+02, 8.43766785e+02, 4.94420776e+02,
    8.39332214e+02, 4.16825348e+02, 8.36659363e+02, 4.35293457e+02,
    8.33361816e+02, 4.53749878e+02, 8.30431458e+02, 4.72109589e+02,
    8.27410217e+02, 4.90947937e+02, 8.22778198e+02, 4.12406311e+02,
    8.20010925e+02, 4.31207367e+02, 8.17104858e+02, 4.49766785e+02,
    8.13659363e+02, 4.68424286e+02, 8.10862000e+02, 4.87270447e+02,
    8.06226807e+02, 4.07848053e+02, 8.03317993e+02, 4.26858002e+02,
    8.00364929e+02, 4.45575287e+02, 7.97151855e+02, 4.64572662e+02,
    7.93984253e+02, 4.83478973e+02 ]
