%YAML:1.0
---
points: [ 1.52388232e+03, 1.56240555e+02, 1.53314832e+03, 1.78912079e+02,
    1.54233630e+03, 2.01635193e+02, 1.55161865e+03, 2.24559250e+02,
    1.56100500e+03, 2.47599228e+02, 1.49773413e+03, 1.67782562e+02,
    1.50677808e+03, 1.90554306e+02, 1.51598474e+03, 2.13055740e+02,
    1.52490942e+03, 2.35814682e+02, 1.53424634e+03, 2.58551056e+02,
    1.47179492e+03, 1.79498703e+02, 1.48073718e+03, 2.02017670e+02,
    1.48958276e+03, 2.24429260e+02, 1.49863989e+03, 2.46831070e+02,
    1.50757483e+03, 2.69552399e+02, 1.44642432e+03, 1.90899811e+02,
    1.45535242e+03, 2.13288055e+02, 1.46411011e+03, 2.35512665e+02,
    1.47277051e+03, 2.57700470e+02, 1.48176331e+03, 2.80199738e+02,
    1.42154602e+03, 2.02351196e+02, 1.43023096e+03, 2.24320511e+02,
    1.43872278e+03, 2.46436218e+02, 1.44748645e+03, 2.68377502e+02,
    1.45618152e+03, 2.90736908e+02, 1.39705164e+03, 2.13400421e+02,
    1.40546582e+03, 2.35306992e+02, 1.41397900e+03, 2.57044830e+02,
    1.42248071e+03, 2.78915405e+02, 1.43121594e+03, 3.00943481e+02,
    1.37304529e+03, 2.24125748e+02, 1.38143689e+03, 2.45794830e+02,
    1.38959558e+03, 2.67390320e+02, 1.39818896e+03, 2.89156525e+02,
    1.40648523e+03, 3.10965393e+02 ]
