%YAML:1.0
---
points: [ 2.99393402e+02, 2.72488403e+02, 2.98129578e+02, 2.80912689e+02,
    2.96900940e+02, 2.89163055e+02, 2.95815002e+02, 2.97558105e+02,
    2.94307892e+02, 3.06090393e+02, 2.93075134e+02, 2.72091705e+02,
    2.91493439e+02, 2.80576355e+02, 2.90418610e+02, 2.88994019e+02,
    2.88977448e+02, 2.97328613e+02, 2.91246521e+02, 3.05945526e+02,
    2.85858307e+02, 2.71749786e+02, 2.84456329e+02, 2.80244385e+02,
    2.82967316e+02, 2.88723938e+02, 2.81888397e+02, 2.97267456e+02,
    2.80330658e+02, 3.05822205e+02, 2.78466309e+02, 2.71176971e+02,
    2.77329102e+02, 2.79990814e+02, 2.75896454e+02, 2.88423218e+02,
    2.74506836e+02, 2.97175903e+02, 2.73353546e+02, 3.05778656e+02,
    2.71091064e+02, 2.70845123e+02, 2.69944672e+02, 2.79593536e+02,
    2.68457245e+02, 2.88224487e+02, 2.67169800e+02, 2.97103516e+02,
    2.65700867e+02, 3.05745148e+02, 2.63613983e+02, 2.70425507e+02,
    2.62326630e+02, 2.79238159e+02, 2.60966705e+02, 2.88168762e+02,
    2.59492401e+02, 2.96900513e+02, 2.58263428e+02, 3.05722137e+02,
    2.55970016e+02, 2.70083618e+02, 2.54688400e+02, 2.78971130e+02,
    2.53258408e+02, 2.87923065e+02, 2.51977295e+02, 2.96676971e+02,
    2.50352295e+02, 3.05865845e+02 ]
