%YAML:1.0
---
points: [ 1.46950696e+03, 1.56174210e+02, 1.48366528e+03, 1.75612381e+02,
    1.49819983e+03, 1.95335571e+02, 1.51252722e+03, 2.15295380e+02,
    1.52731006e+03, 2.35504593e+02, 1.44929553e+03, 1.73849411e+02,
    1.46342944e+03, 1.93280426e+02, 1.47745459e+03, 2.12529083e+02,
    1.49157898e+03, 2.32292206e+02, 1.50598267e+03, 2.52109451e+02,
    1.42981628e+03, 1.91201935e+02, 1.44358252e+03, 2.10306229e+02,
    1.45730347e+03, 2.29385025e+02, 1.47105725e+03, 2.48657608e+02,
    1.48515869e+03, 2.68402405e+02, 1.41128796e+03, 2.07722260e+02,
    1.42452405e+03, 2.26591553e+02, 1.43812195e+03, 2.45406281e+02,
    1.45148645e+03, 2.64530182e+02, 1.46506836e+03, 2.83973999e+02,
    1.39330493e+03, 2.23870438e+02, 1.40591492e+03, 2.42437836e+02,
    1.41923779e+03, 2.61201996e+02, 1.43232019e+03, 2.79860504e+02,
    1.44559155e+03, 2.99194336e+02, 1.37569763e+03, 2.39449448e+02,
    1.38817639e+03, 2.57841797e+02, 1.40078955e+03, 2.76232513e+02,
    1.41371680e+03, 2.94784821e+02, 1.42676807e+03, 3.13652527e+02,
    1.35865588e+03, 2.54449203e+02, 1.37084009e+03, 2.72680634e+02,
    1.38317664e+03, 2.90720306e+02, 1.39568909e+03, 3.09187134e+02,
    1.40841077e+03, 3.27803375e+02 ]
