%YAML:1.0
---
points: [ 3.43925385e+02, 2.53154587e+02, 3.43812958e+02, 2.63143341e+02,
    3.43653076e+02, 2.72798279e+02, 3.43643738e+02, 2.82656769e+02,
    3.43388672e+02, 2.92219238e+02, 3.34445618e+02, 2.53417191e+02,
    3.34269287e+02, 2.63452820e+02, 3.34090179e+02, 2.73173035e+02,
    3.33957520e+02, 2.82876678e+02, 3.33913910e+02, 2.92760223e+02,
    3.24783447e+02, 2.53766357e+02, 3.24720459e+02, 2.63776703e+02,
    3.24520294e+02, 2.73528961e+02, 3.24438293e+02, 2.83336182e+02,
    3.24197449e+02, 2.93137512e+02, 3.14973114e+02, 2.54037323e+02,
    3.14990540e+02, 2.64074707e+02, 3.14879089e+02, 2.73905212e+02,
    3.14776276e+02, 2.83784393e+02, 3.14781708e+02, 2.93669373e+02,
    3.05203888e+02, 2.54254013e+02, 3.05238586e+02, 2.64319458e+02,
    3.05084991e+02, 2.74202576e+02, 3.04956665e+02, 2.84159119e+02,
    3.04832825e+02, 2.94226685e+02, 2.95467285e+02, 2.54621689e+02,
    2.95414764e+02, 2.64790619e+02, 2.95378937e+02, 2.74718658e+02,
    2.95264771e+02, 2.84575073e+02, 2.95314575e+02, 2.94532867e+02,
    2.85628235e+02, 2.54918839e+02, 2.85612762e+02, 2.65152557e+02,
    2.85565002e+02, 2.75171265e+02, 2.85547028e+02, 2.85091583e+02,
    2.85457947e+02, 2.95117859e+02 ]
