%YAML:1.0
---
points: [ 1.55061926e+03, 1.73712769e+02, 1.55415332e+03, 1.97520645e+02,
    1.55746118e+03, 2.21189972e+02, 1.56074707e+03, 2.44916351e+02,
    1.56425977e+03, 2.68936554e+02, 1.52788013e+03, 1.75845245e+02,
    1.53103528e+03, 1.99968063e+02, 1.53416541e+03, 2.23611404e+02,
    1.53756384e+03, 2.47476288e+02, 1.54084070e+03, 2.71349670e+02,
    1.50453931e+03, 1.78278229e+02, 1.50759167e+03, 2.02475754e+02,
    1.51068372e+03, 2.26211655e+02, 1.51410876e+03, 2.49970856e+02,
    1.51716394e+03, 2.74100494e+02, 1.48084253e+03, 1.81014847e+02,
    1.48429712e+03, 2.04673935e+02, 1.48721643e+03, 2.28757584e+02,
    1.49051086e+03, 2.52555618e+02, 1.49400500e+03, 2.76582275e+02,
    1.45745581e+03, 1.83436829e+02, 1.46077539e+03, 2.07330170e+02,
    1.46367639e+03, 2.31313858e+02, 1.46674548e+03, 2.55207169e+02,
    1.47002380e+03, 2.79352020e+02, 1.43366382e+03, 1.85986191e+02,
    1.43717053e+03, 2.09754272e+02, 1.44033362e+03, 2.33698151e+02,
    1.44333447e+03, 2.57634094e+02, 1.44653040e+03, 2.81800903e+02,
    1.41044189e+03, 1.88269974e+02, 1.41357434e+03, 2.12470367e+02,
    1.41676733e+03, 2.36131195e+02, 1.42006921e+03, 2.60266815e+02,
    1.42296802e+03, 2.84312927e+02 ]
