%YAML:1.0
---
points: [ 3.30413544e+02, 2.48496338e+02, 3.33121521e+02, 2.58646851e+02,
    3.35683533e+02, 2.68388641e+02, 3.38300110e+02, 2.78479797e+02,
    3.40923737e+02, 2.88450958e+02, 3.20298431e+02, 2.50435730e+02,
    3.23017609e+02, 2.60371796e+02, 3.25638672e+02, 2.70050385e+02,
    3.28215454e+02, 2.79925720e+02, 3.30827545e+02, 2.89813629e+02,
    3.10343140e+02, 2.52306396e+02, 3.13069031e+02, 2.62127472e+02,
    3.15605591e+02, 2.71656281e+02, 3.18189392e+02, 2.81583252e+02,
    3.20746490e+02, 2.91274750e+02, 3.00760773e+02, 2.54013275e+02,
    3.03287109e+02, 2.63819672e+02, 3.05910522e+02, 2.73349030e+02,
    3.08398987e+02, 2.82961731e+02, 3.11096436e+02, 2.92810730e+02,
    2.91321991e+02, 2.55782333e+02, 2.93699249e+02, 2.65549652e+02,
    2.96370209e+02, 2.74938293e+02, 2.98883331e+02, 2.84546509e+02,
    3.01340149e+02, 2.94205994e+02, 2.82032471e+02, 2.57583435e+02,
    2.84374084e+02, 2.67171997e+02, 2.87052460e+02, 2.76686035e+02,
    2.89418945e+02, 2.85949158e+02, 2.92052155e+02, 2.95607758e+02,
    2.72813141e+02, 2.59288147e+02, 2.75275421e+02, 2.68743744e+02,
    2.77816071e+02, 2.78113037e+02, 2.80261993e+02, 2.87513794e+02,
    2.82767517e+02, 2.96967743e+02 ]
