%YAML:1.0
---
points: [ 3.64424957e+02, 2.69203094e+02, 3.64587585e+02, 2.77548096e+02,
    3.64679047e+02, 2.85704956e+02, 3.64828400e+02, 2.93929169e+02,
    3.64848480e+02, 3.01986359e+02, 3.56329468e+02, 2.69674561e+02,
    3.56512024e+02, 2.77873810e+02, 3.56631714e+02, 2.85955841e+02,
    3.56751556e+02, 2.94210052e+02, 3.56818481e+02, 3.02500916e+02,
    3.47879181e+02, 2.70101562e+02, 3.48173706e+02, 2.78307526e+02,
    3.48309570e+02, 2.86321381e+02, 3.48619537e+02, 2.94605652e+02,
    3.48681976e+02, 3.02847107e+02, 3.39762939e+02, 2.70263275e+02,
    3.39961151e+02, 2.78674835e+02, 3.40081940e+02, 2.86810425e+02,
    3.40342682e+02, 2.95093842e+02, 3.40652435e+02, 3.03264374e+02,
    3.31686157e+02, 2.70710327e+02, 3.31766113e+02, 2.79048706e+02,
    3.31857941e+02, 2.87207184e+02, 3.31991364e+02, 2.95340118e+02,
    3.32224152e+02, 3.03682831e+02, 3.23282715e+02, 2.71125977e+02,
    3.23683105e+02, 2.79338043e+02, 3.23751434e+02, 2.87561798e+02,
    3.23834778e+02, 2.95766998e+02, 3.24129639e+02, 3.04124817e+02,
    3.15141327e+02, 2.71318481e+02, 3.15361237e+02, 2.79785248e+02,
    3.15621521e+02, 2.88090942e+02, 3.15775055e+02, 2.96237610e+02,
    3.15839569e+02, 3.04480804e+02 ]
