%YAML:1.0
---
points: [ 1.33165796e+03, 2.59385376e+02, 1.34075623e+03, 2.79134552e+02,
    1.35007275e+03, 2.98623566e+02, 1.35912524e+03, 3.18412689e+02,
    1.36834900e+03, 3.38430359e+02, 1.31192786e+03, 2.70718750e+02,
    1.32103931e+03, 2.90353394e+02, 1.33016895e+03, 3.09577393e+02,
    1.33914172e+03, 3.29264709e+02, 1.34824988e+03, 3.48737091e+02,
    1.29270911e+03, 2.82088348e+02, 1.30168494e+03, 3.01295563e+02,
    1.31054102e+03, 3.20413910e+02, 1.31936145e+03, 3.39658813e+02,
    1.32840369e+03, 3.59198700e+02, 1.27424854e+03, 2.92874481e+02,
    1.28284558e+03, 3.11808533e+02, 1.29170801e+03, 3.30878082e+02,
    1.30034998e+03, 3.49807037e+02, 1.30922327e+03, 3.69064423e+02,
    1.25635193e+03, 3.03562775e+02, 1.26450037e+03, 3.22379547e+02,
    1.27320874e+03, 3.41072815e+02, 1.28177930e+03, 3.59726532e+02,
    1.29036377e+03, 3.78849731e+02, 1.23853833e+03, 3.13779388e+02,
    1.24676733e+03, 3.32462738e+02, 1.25519849e+03, 3.50939331e+02,
    1.26354712e+03, 3.69458740e+02, 1.27213147e+03, 3.88361725e+02,
    1.22140271e+03, 3.23859222e+02, 1.22955042e+03, 3.42291382e+02,
    1.23755261e+03, 3.60492554e+02, 1.24583154e+03, 3.78870728e+02,
    1.25423303e+03, 3.97403503e+02 ]
