%YAML:1.0
---
points: [ 2.59339539e+02, 3.36242218e+02, 2.58982880e+02, 3.46999084e+02,
    2.58759186e+02, 3.57321045e+02, 2.58446503e+02, 3.67912994e+02,
    2.58232330e+02, 3.78573425e+02, 2.49003479e+02, 3.37113953e+02,
    2.48762009e+02, 3.47750153e+02, 2.48479126e+02, 3.58157196e+02,
    2.48192261e+02, 3.68859650e+02, 2.47755081e+02, 3.79353638e+02,
    2.38630264e+02, 3.37605377e+02, 2.38242126e+02, 3.48469818e+02,
    2.37879807e+02, 3.59086517e+02, 2.37552475e+02, 3.69656769e+02,
    2.37375183e+02, 3.80304352e+02, 2.27804489e+02, 3.38348083e+02,
    2.27670532e+02, 3.49314850e+02, 2.27203201e+02, 3.59794556e+02,
    2.27017029e+02, 3.70561279e+02, 2.26606827e+02, 3.81387268e+02,
    2.17055496e+02, 3.39098267e+02, 2.16743423e+02, 3.50105652e+02,
    2.16537720e+02, 3.60724304e+02, 2.16064148e+02, 3.71504242e+02,
    2.15975723e+02, 3.82181152e+02, 2.06015976e+02, 3.39698914e+02,
    2.05763657e+02, 3.50899078e+02, 2.05483276e+02, 3.61658295e+02,
    2.05405365e+02, 3.72375854e+02, 2.04750412e+02, 3.83324982e+02,
    1.95010681e+02, 3.40522614e+02, 1.94643234e+02, 3.51626190e+02,
    1.94578384e+02, 3.62691071e+02, 1.94023315e+02, 3.73453217e+02,
    1.94035461e+02, 3.84286194e+02 ]
