%YAML:1.0
---
points: [ 1.38930505e+03, 2.90300262e+02, 1.38837585e+03, 3.11232452e+02,
    1.38732739e+03, 3.31794403e+02, 1.38649976e+03, 3.52643677e+02,
    1.38555969e+03, 3.73601685e+02, 1.37265796e+03, 2.87573395e+02,
    1.37156189e+03, 3.08815796e+02, 1.37058337e+03, 3.29664764e+02,
    1.36959375e+03, 3.50663025e+02, 1.36886597e+03, 3.71666473e+02,
    1.35550256e+03, 2.85275146e+02, 1.35430835e+03, 3.06600983e+02,
    1.35331677e+03, 3.27667084e+02, 1.35252209e+03, 3.48804626e+02,
    1.35117871e+03, 3.70095428e+02, 1.33785803e+03, 2.82645111e+02,
    1.33717798e+03, 3.04200684e+02, 1.33571570e+03, 3.25407654e+02,
    1.33479907e+03, 3.46591675e+02, 1.33405212e+03, 3.67956543e+02,
    1.32038196e+03, 2.80487091e+02, 1.31958459e+03, 3.01804688e+02,
    1.31831409e+03, 3.23357483e+02, 1.31720911e+03, 3.44550659e+02,
    1.31633154e+03, 3.66127777e+02, 1.30227417e+03, 2.77542816e+02,
    1.30155847e+03, 2.99384247e+02, 1.30067896e+03, 3.20796692e+02,
    1.29954700e+03, 3.42474548e+02, 1.29856445e+03, 3.64176971e+02,
    1.28463904e+03, 2.75262726e+02, 1.28365369e+03, 2.96997284e+02,
    1.28273206e+03, 3.18475189e+02, 1.28173376e+03, 3.40223572e+02,
    1.28058594e+03, 3.61781647e+02 ]
