%YAML:1.0
---
points: [ 1.12724524e+03, 2.83619751e+02, 1.13476086e+03, 3.03687775e+02,
    1.14244934e+03, 3.23519287e+02, 1.15005847e+03, 3.43530762e+02,
    1.15771619e+03, 3.63731812e+02, 1.10913806e+03, 2.93558868e+02,
    1.11668750e+03, 3.13441223e+02, 1.12434692e+03, 3.33090637e+02,
    1.13174792e+03, 3.52906433e+02, 1.13951404e+03, 3.72811340e+02,
    1.09149451e+03, 3.03378113e+02, 1.09901636e+03, 3.23035553e+02,
    1.10653528e+03, 3.42470093e+02, 1.11381543e+03, 3.62110718e+02,
    1.12137390e+03, 3.81765381e+02, 1.07444727e+03, 3.12842499e+02,
    1.08178467e+03, 3.32306152e+02, 1.08934875e+03, 3.51522614e+02,
    1.09653955e+03, 3.70842651e+02, 1.10378577e+03, 3.90361633e+02,
    1.05783984e+03, 3.22251312e+02, 1.06484875e+03, 3.41461273e+02,
    1.07229663e+03, 3.60467010e+02, 1.07950903e+03, 3.79534149e+02,
    1.08673035e+03, 3.98951263e+02, 1.04153638e+03, 3.31340240e+02,
    1.04845190e+03, 3.50292450e+02, 1.05549963e+03, 3.69113129e+02,
    1.06272815e+03, 3.88104095e+02, 1.06987354e+03, 4.07169769e+02,
    1.02554871e+03, 3.40137146e+02, 1.03244519e+03, 3.58820679e+02,
    1.03939551e+03, 3.77548279e+02, 1.04641101e+03, 3.96193848e+02,
    1.05337561e+03, 4.15190460e+02 ]
