%YAML:1.0
---
points: [ 2.08648148e+02, 3.34950409e+02, 2.09047150e+02, 3.46833435e+02,
    2.09440308e+02, 3.58197968e+02, 2.09648285e+02, 3.69829773e+02,
    2.10262527e+02, 3.81629913e+02, 1.96762497e+02, 3.36142181e+02,
    1.97267700e+02, 3.47906128e+02, 1.97539108e+02, 3.59375702e+02,
    1.98139587e+02, 3.70894257e+02, 1.98304443e+02, 3.82593109e+02,
    1.84820847e+02, 3.37097748e+02, 1.85121964e+02, 3.48824036e+02,
    1.85700211e+02, 3.60412659e+02, 1.85862640e+02, 3.71972473e+02,
    1.86583115e+02, 3.83462646e+02, 1.72588013e+02, 3.37943909e+02,
    1.73226013e+02, 3.49773041e+02, 1.73477310e+02, 3.61366608e+02,
    1.74166794e+02, 3.72875763e+02, 1.74278931e+02, 3.84567596e+02,
    1.60574158e+02, 3.38861786e+02, 1.60819489e+02, 3.50769684e+02,
    1.61465988e+02, 3.62505493e+02, 1.61625580e+02, 3.73834717e+02,
    1.62510208e+02, 3.85578857e+02, 1.48126038e+02, 3.39764038e+02,
    1.48681610e+02, 3.51779480e+02, 1.49109467e+02, 3.63586731e+02,
    1.49905945e+02, 3.74833038e+02, 1.50009003e+02, 3.86633026e+02,
    1.35951660e+02, 3.40657318e+02, 1.36408875e+02, 3.52737854e+02,
    1.36953094e+02, 3.64355072e+02, 1.37272858e+02, 3.75935150e+02,
    1.38321487e+02, 3.87410461e+02 ]
