%YAML:1.0
---
points: [ 2.17037552e+02, 3.36960083e+02, 2.15185349e+02, 3.48185638e+02,
    2.13225891e+02, 3.59180237e+02, 2.11181732e+02, 3.70339020e+02,
    2.09437531e+02, 3.81476227e+02, 2.06885925e+02, 3.37340698e+02,
    2.04920975e+02, 3.48566895e+02, 2.02825455e+02, 3.59780121e+02,
    2.01118454e+02, 3.70965454e+02, 1.98899261e+02, 3.82298187e+02,
    1.96275009e+02, 3.37552246e+02, 1.94175003e+02, 3.49127625e+02,
    1.92202148e+02, 3.60463501e+02, 1.90096283e+02, 3.71742828e+02,
    1.88359833e+02, 3.83141235e+02, 1.85259308e+02, 3.37793762e+02,
    1.83308105e+02, 3.49576324e+02, 1.81091904e+02, 3.61158112e+02,
    1.79298660e+02, 3.72603882e+02, 1.77046738e+02, 3.84133179e+02,
    1.73986389e+02, 3.38245667e+02, 1.71959274e+02, 3.50126526e+02,
    1.70004456e+02, 3.61747467e+02, 1.67651062e+02, 3.73383728e+02,
    1.66044510e+02, 3.84948669e+02, 1.62348740e+02, 3.38537079e+02,
    1.60319931e+02, 3.50719788e+02, 1.58059143e+02, 3.62500458e+02,
    1.56325027e+02, 3.74142639e+02, 1.54030182e+02, 3.85993256e+02,
    1.50407272e+02, 3.38814240e+02, 1.48217468e+02, 3.51170227e+02,
    1.46283768e+02, 3.63204712e+02, 1.44062607e+02, 3.74978119e+02,
    1.42443283e+02, 3.86914856e+02 ]
