%YAML:1.0
---
points: [ 1.17817749e+03, 3.00679871e+02, 1.17942590e+03, 3.21743591e+02,
    1.18062939e+03, 3.42791473e+02, 1.18204150e+03, 3.63678284e+02,
    1.18334412e+03, 3.84846313e+02, 1.15767480e+03, 3.01712769e+02,
    1.15890662e+03, 3.23050415e+02, 1.16019177e+03, 3.44058655e+02,
    1.16140417e+03, 3.65101562e+02, 1.16284839e+03, 3.86131195e+02,
    1.13694897e+03, 3.02868713e+02, 1.13819031e+03, 3.24149780e+02,
    1.13934790e+03, 3.45319611e+02, 1.14068591e+03, 3.66261017e+02,
    1.14192493e+03, 3.87410065e+02, 1.11610193e+03, 3.04051636e+02,
    1.11742041e+03, 3.25305573e+02, 1.11859961e+03, 3.46471222e+02,
    1.11999329e+03, 3.67482452e+02, 1.12149280e+03, 3.88554108e+02,
    1.09537708e+03, 3.05382599e+02, 1.09666760e+03, 3.26531128e+02,
    1.09775610e+03, 3.47804047e+02, 1.09920007e+03, 3.68784546e+02,
    1.10052332e+03, 3.90088379e+02, 1.07447278e+03, 3.06529205e+02,
    1.07571387e+03, 3.27817261e+02, 1.07716614e+03, 3.48920227e+02,
    1.07850537e+03, 3.70089569e+02, 1.07991260e+03, 3.91302612e+02,
    1.05361780e+03, 3.07603088e+02, 1.05505579e+03, 3.28943909e+02,
    1.05651257e+03, 3.50077606e+02, 1.05792517e+03, 3.71184326e+02,
    1.05930688e+03, 3.92377350e+02 ]
