%YAML:1.0
---
points: [ 7.95794189e+02, 3.74214905e+02, 7.92893494e+02, 3.93629089e+02,
    7.90026855e+02, 4.13377533e+02, 7.87068359e+02, 4.33116089e+02,
    7.84240662e+02, 4.52772064e+02, 7.76866577e+02, 3.69582367e+02,
    7.74013062e+02, 3.89577820e+02, 7.70988037e+02, 4.09091705e+02,
    7.68132141e+02, 4.29247345e+02, 7.65122986e+02, 4.49144257e+02,
    7.57450378e+02, 3.65141205e+02, 7.54500061e+02, 3.85279907e+02,
    7.51323242e+02, 4.05157013e+02, 7.48529846e+02, 4.25069855e+02,
    7.45139221e+02, 4.45255371e+02, 7.37634277e+02, 3.60457794e+02,
    7.34527893e+02, 3.80737762e+02, 7.31549744e+02, 4.01018005e+02,
    7.28472412e+02, 4.21111603e+02, 7.25579285e+02, 4.41356018e+02,
    7.17434937e+02, 3.55719727e+02, 7.14497559e+02, 3.76208282e+02,
    7.11281860e+02, 3.96583435e+02, 7.08111938e+02, 4.16872131e+02,
    7.04982727e+02, 4.37475861e+02, 6.96668457e+02, 3.50643921e+02,
    6.93778076e+02, 3.71502991e+02, 6.90715515e+02, 3.92033752e+02,
    6.87303833e+02, 4.12629333e+02, 6.84450378e+02, 4.33507050e+02,
    6.75849060e+02, 3.45850098e+02, 6.72834351e+02, 3.66664276e+02,
    6.69732483e+02, 3.87455780e+02, 6.66476807e+02, 4.08237885e+02,
    6.63292664e+02, 4.29273193e+02 ]
