%YAML:1.0
---
points: [ 2.98897919e+02, 3.35232635e+02, 2.98059937e+02, 3.45570038e+02,
    2.97148529e+02, 3.55615326e+02, 2.96263672e+02, 3.65816437e+02,
    2.95595062e+02, 3.75862091e+02, 2.89729950e+02, 3.35773010e+02,
    2.88745392e+02, 3.46201752e+02, 2.87783447e+02, 3.56278290e+02,
    2.86934753e+02, 3.66681061e+02, 2.85904724e+02, 3.76782593e+02,
    2.80130676e+02, 3.36224945e+02, 2.79154663e+02, 3.46723419e+02,
    2.78257324e+02, 3.56974548e+02, 2.77339996e+02, 3.67393921e+02,
    2.76592865e+02, 3.77598511e+02, 2.70359894e+02, 3.36665710e+02,
    2.69663757e+02, 3.47275085e+02, 2.68588409e+02, 3.57587250e+02,
    2.67753387e+02, 3.68070129e+02, 2.66698029e+02, 3.78629059e+02,
    2.60457428e+02, 3.37154877e+02, 2.59673248e+02, 3.47881989e+02,
    2.58749542e+02, 3.58392212e+02, 2.57675537e+02, 3.68771637e+02,
    2.56905670e+02, 3.79384674e+02, 2.50422989e+02, 3.37550629e+02,
    2.49602295e+02, 3.48546173e+02, 2.48581345e+02, 3.59145294e+02,
    2.47726868e+02, 3.69626617e+02, 2.46679977e+02, 3.80420227e+02,
    2.40232086e+02, 3.38098969e+02, 2.39318588e+02, 3.49181000e+02,
    2.38574127e+02, 3.59801178e+02, 2.37430634e+02, 3.70604004e+02,
    2.36691345e+02, 3.81361023e+02 ]
