%YAML:1.0
---
points: [ 7.37047424e+02, 3.39731781e+02, 7.41535583e+02, 3.60426605e+02,
    7.46339355e+02, 3.80893982e+02, 7.50709534e+02, 4.01383789e+02,
    7.55467285e+02, 4.21962219e+02, 7.19417175e+02, 3.45842468e+02,
    7.24296875e+02, 3.66366638e+02, 7.28910339e+02, 3.86537415e+02,
    7.33511047e+02, 4.06980865e+02, 7.38245178e+02, 4.27323212e+02,
    7.02298401e+02, 3.51734833e+02, 7.07069885e+02, 3.72198364e+02,
    7.11703125e+02, 3.92269348e+02, 7.16315063e+02, 4.12407745e+02,
    7.20805298e+02, 4.32745941e+02, 6.85535461e+02, 3.57650757e+02,
    6.90154968e+02, 3.77746796e+02, 6.95114258e+02, 3.97710449e+02,
    6.99440674e+02, 4.17872467e+02, 7.03738525e+02, 4.38172424e+02,
    6.69277222e+02, 3.63515747e+02, 6.73426514e+02, 3.83460815e+02,
    6.78107666e+02, 4.03394867e+02, 6.82580505e+02, 4.23363800e+02,
    6.87040344e+02, 4.43454132e+02, 6.52749817e+02, 3.69148132e+02,
    6.57016235e+02, 3.88939728e+02, 6.61322083e+02, 4.08711517e+02,
    6.65977356e+02, 4.28625061e+02, 6.70415771e+02, 4.48534851e+02,
    6.36619812e+02, 3.74707397e+02, 6.40678711e+02, 3.94528778e+02,
    6.44971741e+02, 4.14048340e+02, 6.49499329e+02, 4.33680389e+02,
    6.53884949e+02, 4.53551331e+02 ]
