%YAML:1.0
---
points: [ 3.45429596e+02, 3.33269043e+02, 3.45727722e+02, 3.43369873e+02,
    3.46165344e+02, 3.53170685e+02, 3.46657623e+02, 3.63048004e+02,
    3.47112122e+02, 3.72823212e+02, 3.35478088e+02, 3.34044006e+02,
    3.35855530e+02, 3.44053253e+02, 3.36327057e+02, 3.53959381e+02,
    3.36852020e+02, 3.63769318e+02, 3.36873352e+02, 3.73522522e+02,
    3.25468597e+02, 3.34786560e+02, 3.25731293e+02, 3.44781403e+02,
    3.26312317e+02, 3.54716522e+02, 3.26722931e+02, 3.64676697e+02,
    3.27161224e+02, 3.74525970e+02, 3.15297638e+02, 3.35418762e+02,
    3.15892883e+02, 3.45621002e+02, 3.16288727e+02, 3.55471710e+02,
    3.16800629e+02, 3.65509705e+02, 3.17086914e+02, 3.75431152e+02,
    3.05240723e+02, 3.36290344e+02, 3.05696075e+02, 3.46304138e+02,
    3.06340454e+02, 3.56274109e+02, 3.06663483e+02, 3.66311859e+02,
    3.07199158e+02, 3.76161896e+02, 2.95054535e+02, 3.36902100e+02,
    2.95786591e+02, 3.47179688e+02, 2.96053162e+02, 3.57252014e+02,
    2.96754944e+02, 3.67207306e+02, 2.97007568e+02, 3.77077759e+02,
    2.85085632e+02, 3.37702820e+02, 2.85675293e+02, 3.47948151e+02,
    2.86249756e+02, 3.57888245e+02, 2.86628723e+02, 3.68023132e+02,
    2.87172516e+02, 3.77959991e+02 ]
