%YAML:1.0
---
points: [ 3.56038239e+02, 3.29181396e+02, 3.58065247e+02, 3.40251617e+02,
    3.60220734e+02, 3.50966644e+02, 3.62103058e+02, 3.61829773e+02,
    3.64390808e+02, 3.72666534e+02, 3.44444366e+02, 3.30414185e+02,
    3.46779358e+02, 3.41354462e+02, 3.48853027e+02, 3.51971405e+02,
    3.51006561e+02, 3.62766754e+02, 3.52743866e+02, 3.73374756e+02,
    3.33344574e+02, 3.31382202e+02, 3.35377533e+02, 3.42298798e+02,
    3.37582947e+02, 3.52879395e+02, 3.39485962e+02, 3.63645813e+02,
    3.41777740e+02, 3.74184204e+02, 3.22283691e+02, 3.32469818e+02,
    3.24465271e+02, 3.43308990e+02, 3.26558929e+02, 3.53889740e+02,
    3.28676727e+02, 3.64460754e+02, 3.30537537e+02, 3.75090698e+02,
    3.11388885e+02, 3.33562073e+02, 3.13372925e+02, 3.44360596e+02,
    3.15685760e+02, 3.54816925e+02, 3.17711884e+02, 3.65415253e+02,
    3.19880249e+02, 3.75847961e+02, 3.00680786e+02, 3.34432220e+02,
    3.02817780e+02, 3.45222748e+02, 3.04823151e+02, 3.55725037e+02,
    3.06997314e+02, 3.66252075e+02, 3.08909576e+02, 3.76668610e+02,
    2.90160583e+02, 3.35518982e+02, 2.92192596e+02, 3.46302155e+02,
    2.94418304e+02, 3.56813538e+02, 2.96274780e+02, 3.67162750e+02,
    2.98618408e+02, 3.77440674e+02 ]
