%YAML:1.0
---
points: [ 8.58981384e+02, 3.69767303e+02, 8.62600586e+02, 3.89434875e+02,
    8.66313599e+02, 4.08828949e+02, 8.70112122e+02, 4.28619354e+02,
    8.73801453e+02, 4.48441254e+02, 8.40505249e+02, 3.74295227e+02,
    8.44432617e+02, 3.93819275e+02, 8.48404907e+02, 4.13300110e+02,
    8.52048218e+02, 4.32940521e+02, 8.55541748e+02, 4.52498993e+02,
    8.22529724e+02, 3.78656769e+02, 8.26515503e+02, 3.98285370e+02,
    8.30161926e+02, 4.17720947e+02, 8.33607727e+02, 4.37123810e+02,
    8.37491638e+02, 4.56514160e+02, 8.04806091e+02, 3.83226715e+02,
    8.08436462e+02, 4.02646912e+02, 8.12408203e+02, 4.21886475e+02,
    8.16008057e+02, 4.41152283e+02, 8.19534912e+02, 4.60618225e+02,
    7.87245300e+02, 3.87565765e+02, 7.90750122e+02, 4.06929413e+02,
    7.94580017e+02, 4.26209290e+02, 7.98230408e+02, 4.45383270e+02,
    8.01852295e+02, 4.64854919e+02, 7.69694580e+02, 3.91919037e+02,
    7.73375488e+02, 4.11292755e+02, 7.76721436e+02, 4.30313446e+02,
    7.80642517e+02, 4.49492706e+02, 7.84305115e+02, 4.68659424e+02,
    7.52558655e+02, 3.96308197e+02, 7.55933289e+02, 4.15400360e+02,
    7.59472900e+02, 4.34348907e+02, 7.63265991e+02, 4.53432678e+02,
    7.66576721e+02, 4.72467102e+02 ]
