%YAML:1.0
---
points: [ 4.38112579e+02, 3.17383911e+02, 4.41265686e+02, 3.29533539e+02,
    4.44422821e+02, 3.41618683e+02, 4.47260132e+02, 3.53505890e+02,
    4.50385651e+02, 3.65331451e+02, 4.24621063e+02, 3.19145752e+02,
    4.27944366e+02, 3.31236267e+02, 4.31080536e+02, 3.43054047e+02,
    4.34317810e+02, 3.54921417e+02, 4.37053009e+02, 3.66557281e+02,
    4.11434723e+02, 3.20995453e+02, 4.14750244e+02, 3.32836487e+02,
    4.18113678e+02, 3.44540649e+02, 4.21031799e+02, 3.56346436e+02,
    4.24243073e+02, 3.67933289e+02, 3.98565063e+02, 3.22410919e+02,
    4.02043671e+02, 3.34303284e+02, 4.05149353e+02, 3.45760864e+02,
    4.08519348e+02, 3.57559418e+02, 4.11304840e+02, 3.69084503e+02,
    3.86041534e+02, 3.23790985e+02, 3.89258850e+02, 3.35641449e+02,
    3.92688385e+02, 3.47128754e+02, 3.95640472e+02, 3.58554199e+02,
    3.99051544e+02, 3.70010010e+02, 3.73649750e+02, 3.25174957e+02,
    3.77096497e+02, 3.37007050e+02, 3.80273865e+02, 3.48444977e+02,
    3.83679779e+02, 3.59615814e+02, 3.86531799e+02, 3.71114197e+02,
    3.61891022e+02, 3.26634399e+02, 3.65092102e+02, 3.38150818e+02,
    3.68462585e+02, 3.49489594e+02, 3.71465912e+02, 3.60800110e+02,
    3.74819427e+02, 3.71996643e+02 ]
