%YAML:1.0
---
points: [ 8.97273193e+02, 3.89488861e+02, 8.96056519e+02, 4.08612671e+02,
    8.94591064e+02, 4.28134033e+02, 8.93272705e+02, 4.47075409e+02,
    8.91731445e+02, 4.66381195e+02, 8.78733215e+02, 3.87055511e+02,
    8.77310364e+02, 4.06581726e+02, 8.75863708e+02, 4.25613586e+02,
    8.74583679e+02, 4.45165619e+02, 8.73243225e+02, 4.64509613e+02,
    8.59860596e+02, 3.84617249e+02, 8.58423340e+02, 4.04205658e+02,
    8.56836121e+02, 4.23642731e+02, 8.55416321e+02, 4.43124878e+02,
    8.53862366e+02, 4.62506775e+02, 8.40521118e+02, 3.82286560e+02,
    8.39213501e+02, 4.02032715e+02, 8.37706482e+02, 4.21486481e+02,
    8.36284607e+02, 4.40882965e+02, 8.34763428e+02, 4.60559784e+02,
    8.21267761e+02, 3.79852264e+02, 8.19712097e+02, 3.99408630e+02,
    8.18140686e+02, 4.19211609e+02, 8.16701782e+02, 4.38787720e+02,
    8.15237549e+02, 4.58666016e+02, 8.01452209e+02, 3.77183777e+02,
    8.00017212e+02, 3.97213806e+02, 7.98585754e+02, 4.16913086e+02,
    7.97085632e+02, 4.36651428e+02, 7.95683228e+02, 4.56543579e+02,
    7.81582520e+02, 3.74667999e+02, 7.80384644e+02, 3.94776398e+02,
    7.78944031e+02, 4.14502991e+02, 7.77384460e+02, 4.34429749e+02,
    7.75782166e+02, 4.54528534e+02 ]
