%YAML:1.0
---
points: [ 1.00141571e+03, 4.27700958e+02, 9.98369080e+02, 4.45408905e+02,
    9.95256348e+02, 4.62944641e+02, 9.92159119e+02, 4.80581299e+02,
    9.89119446e+02, 4.98355438e+02, 9.87339905e+02, 4.23506409e+02,
    9.84210388e+02, 4.41448700e+02, 9.80802490e+02, 4.59018188e+02,
    9.77752869e+02, 4.76766876e+02, 9.74625366e+02, 4.94562927e+02,
    9.72760315e+02, 4.19152069e+02, 9.69491516e+02, 4.37213470e+02,
    9.66021973e+02, 4.54863586e+02, 9.63157288e+02, 4.72783447e+02,
    9.59543823e+02, 4.90893372e+02, 9.57756226e+02, 4.14525787e+02,
    9.54528992e+02, 4.32732422e+02, 9.51159424e+02, 4.50726349e+02,
    9.48099854e+02, 4.68987518e+02, 9.44804932e+02, 4.87106476e+02,
    9.42636963e+02, 4.10228149e+02, 9.39459534e+02, 4.28515198e+02,
    9.35953735e+02, 4.46657288e+02, 9.32605530e+02, 4.64991058e+02,
    9.29188660e+02, 4.83315521e+02, 9.27122620e+02, 4.05434418e+02,
    9.23750427e+02, 4.23897980e+02, 9.20628296e+02, 4.42393738e+02,
    9.17160950e+02, 4.60715881e+02, 9.13693787e+02, 4.79439911e+02,
    9.11454529e+02, 4.00702271e+02, 9.08190735e+02, 4.19349213e+02,
    9.04794861e+02, 4.37982269e+02, 9.01529785e+02, 4.56453827e+02,
    8.97872131e+02, 4.75415771e+02 ]
