%YAML:1.0
---
points: [ 4.19777283e+02, 3.17697052e+02, 4.25443207e+02, 3.29797333e+02,
    4.31604279e+02, 3.41970734e+02, 4.37088226e+02, 3.53915375e+02,
    4.42864288e+02, 3.65942230e+02, 4.08103607e+02, 3.19882050e+02,
    4.14152100e+02, 3.31755249e+02, 4.19811859e+02, 3.43427307e+02,
    4.25685425e+02, 3.55371887e+02, 4.30964233e+02, 3.67016022e+02,
    3.97196472e+02, 3.21980713e+02, 4.02911774e+02, 3.33473083e+02,
    4.08882935e+02, 3.45072083e+02, 4.14139038e+02, 3.56587006e+02,
    4.19909576e+02, 3.68087677e+02, 3.86725220e+02, 3.23606598e+02,
    3.92402985e+02, 3.35105194e+02, 3.98031860e+02, 3.46358154e+02,
    4.03637665e+02, 3.57594757e+02, 4.08737854e+02, 3.69159851e+02,
    3.76931030e+02, 3.25319641e+02, 3.82154938e+02, 3.36755585e+02,
    3.87822174e+02, 3.47672577e+02, 3.92992157e+02, 3.58802338e+02,
    3.98503754e+02, 3.69885406e+02, 3.67254211e+02, 3.26915680e+02,
    3.72569916e+02, 3.38021057e+02, 3.77799500e+02, 3.49063660e+02,
    3.83248657e+02, 3.59752167e+02, 3.88202393e+02, 3.70810699e+02,
    3.58133331e+02, 3.28532013e+02, 3.63258484e+02, 3.39378052e+02,
    3.68468872e+02, 3.50177979e+02, 3.73417664e+02, 3.60860443e+02,
    3.78844910e+02, 3.71643066e+02 ]
