%YAML:1.0
---
points: [ 5.74806641e+02, 1.99706879e+02, 5.78859436e+02, 2.25631363e+02,
    5.83292236e+02, 2.51363434e+02, 5.87250000e+02, 2.77299713e+02,
    5.91473328e+02, 3.03196503e+02, 5.53747131e+02, 2.06454102e+02,
    5.58274536e+02, 2.32451431e+02, 5.62519958e+02, 2.57856476e+02,
    5.66522400e+02, 2.83557800e+02, 5.70801697e+02, 3.09274323e+02,
    5.33366516e+02, 2.13504959e+02, 5.37729675e+02, 2.39046463e+02,
    5.42113953e+02, 2.64480103e+02, 5.45831848e+02, 2.89669495e+02,
    5.50148499e+02, 3.15345154e+02, 5.13466736e+02, 2.20401184e+02,
    5.17617920e+02, 2.45487061e+02, 5.22153870e+02, 2.70644928e+02,
    5.26020996e+02, 2.95961304e+02, 5.29782959e+02, 3.21246735e+02,
    4.94214844e+02, 2.27098251e+02, 4.97570068e+02, 2.52050842e+02,
    5.01974182e+02, 2.76923340e+02, 5.06347992e+02, 3.01791412e+02,
    5.10173706e+02, 3.27158508e+02, 4.74702728e+02, 2.33521774e+02,
    4.78393829e+02, 2.58387695e+02, 4.82171417e+02, 2.83056458e+02,
    4.86486420e+02, 3.07859863e+02, 4.90492584e+02, 3.32731262e+02,
    4.55586548e+02, 2.39915924e+02, 4.59343384e+02, 2.64445892e+02,
    4.63001862e+02, 2.88918854e+02, 4.66904755e+02, 3.13473511e+02,
    4.70779785e+02, 3.38390656e+02 ]
