%YAML:1.0
---
points: [ 3.68820343e+02, 3.23773621e+02, 3.70465546e+02, 3.35644775e+02,
    3.72277069e+02, 3.47067688e+02, 3.73668793e+02, 3.58730743e+02,
    3.75524109e+02, 3.70329132e+02, 3.56431580e+02, 3.25032745e+02,
    3.58303345e+02, 3.36794617e+02, 3.59976074e+02, 3.48272095e+02,
    3.61816986e+02, 3.59857269e+02, 3.63193237e+02, 3.71250244e+02,
    3.44341797e+02, 3.26194641e+02, 3.46062500e+02, 3.37813751e+02,
    3.47852783e+02, 3.49341339e+02, 3.49447571e+02, 3.60896667e+02,
    3.51393402e+02, 3.72189362e+02, 3.32239105e+02, 3.27222961e+02,
    3.34120911e+02, 3.39025177e+02, 3.35777679e+02, 3.50375122e+02,
    3.37664825e+02, 3.61785461e+02, 3.39080536e+02, 3.73392853e+02,
    3.20370300e+02, 3.28229309e+02, 3.22137695e+02, 3.40110779e+02,
    3.23901184e+02, 3.51582977e+02, 3.25523895e+02, 3.62784424e+02,
    3.27461853e+02, 3.74298737e+02, 3.08476715e+02, 3.29422485e+02,
    3.10303680e+02, 3.41142181e+02, 3.12076294e+02, 3.52635925e+02,
    3.13878998e+02, 3.63918304e+02, 3.15399506e+02, 3.75292542e+02,
    2.96882690e+02, 3.30553772e+02, 2.98646912e+02, 3.42227631e+02,
    3.00454346e+02, 3.53630249e+02, 3.02193787e+02, 3.65085388e+02,
    3.04160400e+02, 3.76213440e+02 ]
