%YAML:1.0
---
points: [ 3.76589569e+02, 3.25510864e+02, 3.75371948e+02, 3.36743805e+02,
    3.74082031e+02, 3.47835358e+02, 3.72675629e+02, 3.58864441e+02,
    3.71541321e+02, 3.70016632e+02, 3.67708923e+02, 3.26008728e+02,
    3.66299255e+02, 3.37399506e+02, 3.64948730e+02, 3.48469482e+02,
    3.63821014e+02, 3.59732147e+02, 3.62294891e+02, 3.70770905e+02,
    3.58340668e+02, 3.26445312e+02, 3.57034180e+02, 3.37858765e+02,
    3.55615784e+02, 3.49182648e+02, 3.54314606e+02, 3.60497192e+02,
    3.53088287e+02, 3.71872498e+02, 3.48664276e+02, 3.26736420e+02,
    3.47490906e+02, 3.38464142e+02, 3.46010559e+02, 3.49808899e+02,
    3.44850159e+02, 3.61315918e+02, 3.43421082e+02, 3.72925079e+02,
    3.38835510e+02, 3.27076691e+02, 3.37717468e+02, 3.38920044e+02,
    3.36300629e+02, 3.50565826e+02, 3.34843109e+02, 3.62214325e+02,
    3.33769623e+02, 3.73792267e+02, 3.28757141e+02, 3.27374420e+02,
    3.27639465e+02, 3.39508148e+02, 3.26355042e+02, 3.51383148e+02,
    3.25013702e+02, 3.63063354e+02, 3.23593811e+02, 3.74874542e+02,
    3.18576019e+02, 3.27763428e+02, 3.17352142e+02, 3.39978851e+02,
    3.16250122e+02, 3.52033112e+02, 3.14805817e+02, 3.64087463e+02,
    3.13610382e+02, 3.76003815e+02 ]
