%YAML:1.0
---
points: [ 6.58576111e+02, 2.49708023e+02, 6.53517822e+02, 2.73467316e+02,
    6.48462036e+02, 2.97301819e+02, 6.43524231e+02, 3.20899567e+02,
    6.38442993e+02, 3.44839935e+02, 6.34103210e+02, 2.41192703e+02,
    6.28814331e+02, 2.65489105e+02, 6.23723999e+02, 2.89353241e+02,
    6.18583130e+02, 3.13473907e+02, 6.13562195e+02, 3.37595093e+02,
    6.08679382e+02, 2.32706100e+02, 6.03554260e+02, 2.57264008e+02,
    5.98247620e+02, 2.81526550e+02, 5.93180481e+02, 3.05845276e+02,
    5.87729004e+02, 3.30322601e+02, 5.83008301e+02, 2.24209869e+02,
    5.77725037e+02, 2.48780014e+02, 5.72431824e+02, 2.73474640e+02,
    5.67029846e+02, 2.98083649e+02, 5.61820740e+02, 3.22872833e+02,
    5.56531738e+02, 2.15417816e+02, 5.51365906e+02, 2.40171753e+02,
    5.45727234e+02, 2.65144409e+02, 5.40407471e+02, 2.89960083e+02,
    5.34752869e+02, 3.15056885e+02, 5.29487854e+02, 2.06268768e+02,
    5.24122437e+02, 2.31473007e+02, 5.18638000e+02, 2.56467285e+02,
    5.13079895e+02, 2.81802826e+02, 5.07471252e+02, 3.07326569e+02,
    5.02108887e+02, 1.97014786e+02, 4.96472137e+02, 2.22566711e+02,
    4.90992737e+02, 2.47827332e+02, 4.85457123e+02, 2.73408875e+02,
    4.79661346e+02, 2.99159546e+02 ]
