%YAML:1.0
---
points: [ 6.58427856e+02, 2.49779694e+02, 6.53402283e+02, 2.73529266e+02,
    6.48296997e+02, 2.97393097e+02, 6.43351807e+02, 3.21018188e+02,
    6.38300415e+02, 3.44901093e+02, 6.33838806e+02, 2.41238831e+02,
    6.28644043e+02, 2.65512970e+02, 6.23544556e+02, 2.89432190e+02,
    6.18421570e+02, 3.13531921e+02, 6.13413818e+02, 3.37639832e+02,
    6.08514343e+02, 2.32728043e+02, 6.03407532e+02, 2.57305206e+02,
    5.98065857e+02, 2.81557587e+02, 5.92883789e+02, 3.05904327e+02,
    5.87538879e+02, 3.30359222e+02, 5.82771790e+02, 2.24206146e+02,
    5.77531250e+02, 2.48832413e+02, 5.72247620e+02, 2.73516327e+02,
    5.66813721e+02, 2.98116760e+02, 5.61617432e+02, 3.22916779e+02,
    5.56403137e+02, 2.15470688e+02, 5.51149414e+02, 2.40210968e+02,
    5.45550903e+02, 2.65152771e+02, 5.40247375e+02, 2.90079529e+02,
    5.34513672e+02, 3.15123749e+02, 5.29364807e+02, 2.06311966e+02,
    5.23855896e+02, 2.31497681e+02, 5.18499512e+02, 2.56533112e+02,
    5.12842102e+02, 2.81811981e+02, 5.07340332e+02, 3.07383820e+02,
    5.01888092e+02, 1.97018127e+02, 4.96353790e+02, 2.22597183e+02,
    4.90770721e+02, 2.47846481e+02, 4.85270569e+02, 2.73480652e+02,
    4.79501221e+02, 2.99237701e+02 ]
