%YAML:1.0
---
cameraMatrix: !!opencv-matrix
   rows: 3
   cols: 3
   dt: d
   data: [ 3.6733370622352737e+02, 0., 2.5367314105676257e+02, 0.,
       3.6779374976388277e+02, 2.0640092975369268e+02, 0., 0., 1. ]
distortionCoefficients: !!opencv-matrix
   rows: 1
   cols: 5
   dt: d
   data: [ 1.2626209017012233e-01, -3.2618890921607430e-01,
       -2.7799535903493726e-04, -9.5835584728048897e-04,
       1.1707426637591828e-01 ]
rotation: !!opencv-matrix
   rows: 3
   cols: 3
   dt: d
   data: [ 1., 0., 0., 0., 1., 0., 0., 0., 1. ]
projection: !!opencv-matrix
   rows: 4
   cols: 4
   dt: d
   data: [ 3.6733370622352737e+02, 0., 2.5367314105676257e+02, 0., 0.,
       3.6779374976388277e+02, 2.0640092975369268e+02, 0., 0., 0., 1.,
       0., 0., 0., 0., 1. ]
