%YAML:1.0
---
rotation: !!opencv-matrix
   rows: 3
   cols: 3
   dt: d
   data: [ 9.9990738878850960e-01, -1.3014608312686679e-02,
       -3.9791728552098140e-03, 1.3025962048260873e-02,
       9.9991112309932551e-01, 2.8408123772762140e-03,
       3.9418471382791139e-03, -2.8923818407957697e-03,
       9.9998804791278650e-01 ]
translation: !!opencv-matrix
   rows: 3
   cols: 1
   dt: d
   data: [ -5.1765146359895174e-02, -2.0207980522551864e-04,
       -3.7085354173829578e-03 ]
essential: !!opencv-matrix
   rows: 3
   cols: 3
   dt: d
   data: [ 4.7510673899529493e-05, 3.7087903062080450e-03,
       -1.9154213663479379e-04, -3.5041416713837465e-03,
       -1.0145943344653083e-04, 5.1779284561816692e-02,
       -4.7222974153672504e-04, -5.1763175623636658e-02,
       -1.4785917896624443e-04 ]
fundamental: !!opencv-matrix
   rows: 3
   cols: 3
   dt: d
   data: [ 2.5634380392671655e-08, 1.9985745336273660e-06,
       -4.5697306506662950e-04, -1.8899878570117282e-06,
       -5.4654537876956381e-08, 1.0749463698931420e-02,
       7.0038218332685613e-04, -3.1975099097416991e-02, 1. ]
