%YAML:1.0
---
cameraMatrix: !!opencv-matrix
   rows: 3
   cols: 3
   dt: d
   data: [ 1.0785788264043349e+03, 0., 9.5981365764698864e+02, 0.,
       1.0789620428822643e+03, 5.2899765828092700e+02, 0., 0., 1. ]
distortionCoefficients: !!opencv-matrix
   rows: 1
   cols: 5
   dt: d
   data: [ 9.5818014084714381e-02, -1.7355242497569437e-01,
       -2.0995272751587672e-03, -2.4850267557007639e-04,
       8.4033522032002358e-02 ]
rotation: !!opencv-matrix
   rows: 3
   cols: 3
   dt: d
   data: [ 1., 0., 0., 0., 1., 0., 0., 0., 1. ]
projection: !!opencv-matrix
   rows: 4
   cols: 4
   dt: d
   data: [ 1.0785788264043349e+03, 0., 9.5981365764698864e+02, 0., 0.,
       1.0789620428822643e+03, 5.2899765828092700e+02, 0., 0., 0., 1.,
       0., 0., 0., 0., 1. ]
