%YAML:1.0
---
depthShift: 6.6259147536747962e+00
