%YAML:1.0
---
rotation: !!opencv-matrix
   rows: 3
   cols: 3
   dt: d
   data: [ 9.9925902154508739e-01, 2.0779988765039013e-03,
       -3.8432925746342002e-02, -1.7932416748117862e-03,
       9.9997069863017485e-01, 7.4421882115298828e-03,
       3.8447264467713536e-02, -7.3677541862744479e-03,
       9.9923346824113146e-01 ]
translation: !!opencv-matrix
   rows: 3
   cols: 1
   dt: d
   data: [ -2.4956099953352389e-02, 7.2494982743000127e-04,
       9.4699694999431910e-03 ]
essential: !!opencv-matrix
   rows: 3
   cols: 3
   dt: d
   data: [ 4.4854281707519211e-05, -9.4750332689905268e-03,
       6.5391683498766521e-04, 1.0422446231564287e-02,
       -1.6419182392298745e-04, 2.4573011675549206e-02,
       -6.7966033674986303e-04, -2.4956875150365182e-02,
       -1.5786604999115992e-04 ]
fundamental: !!opencv-matrix
   rows: 3
   cols: 3
   dt: d
   data: [ 1.8532300674356501e-07, -3.9097210899577169e-05,
       9.0652695028119266e-03, 4.3085733912336616e-05,
       -6.7788334055714495e-07, 2.4263308922071063e-02,
       -2.5915331983045131e-02, -6.7625010183761144e-02, 1. ]
