%YAML:1.0
---
cameraMatrix: !!opencv-matrix
   rows: 3
   cols: 3
   dt: d
   data: [ 1.0312654421137577e+03, 0., 9.7745994865566047e+02, 0.,
       1.0306994977733950e+03, 5.3006542250000484e+02, 0., 0., 1. ]
distortionCoefficients: !!opencv-matrix
   rows: 1
   cols: 5
   dt: d
   data: [ 6.0176334263007558e-02, -1.2674280487060610e-01,
       -8.4314870796236294e-04, 3.3533820578949690e-03,
       5.3220848258949696e-02 ]
rotation: !!opencv-matrix
   rows: 3
   cols: 3
   dt: d
   data: [ 1., 0., 0., 0., 1., 0., 0., 0., 1. ]
projection: !!opencv-matrix
   rows: 4
   cols: 4
   dt: d
   data: [ 1.0312654421137577e+03, 0., 9.7745994865566047e+02, 0., 0.,
       1.0306994977733950e+03, 5.3006542250000484e+02, 0., 0., 0., 1.,
       0., 0., 0., 0., 1. ]
