%YAML:1.0
---
depthShift: -3.8487496446585105e+01
