%YAML:1.0
---
cameraMatrix: !!opencv-matrix
   rows: 3
   cols: 3
   dt: d
   data: [ 3.4647559025102646e+02, 0., 2.5703611719834242e+02, 0.,
       3.4692295846467226e+02, 2.0914043692467632e+02, 0., 0., 1. ]
distortionCoefficients: !!opencv-matrix
   rows: 1
   cols: 5
   dt: d
   data: [ 9.7459860914807100e-02, -3.5767128199749237e-01,
       1.5442951926322791e-03, 5.7922933501465459e-04,
       2.3478245048995916e-01 ]
rotation: !!opencv-matrix
   rows: 3
   cols: 3
   dt: d
   data: [ 1., 0., 0., 0., 1., 0., 0., 0., 1. ]
projection: !!opencv-matrix
   rows: 4
   cols: 4
   dt: d
   data: [ 3.4647559025102646e+02, 0., 2.5703611719834242e+02, 0., 0.,
       3.4692295846467226e+02, 2.0914043692467632e+02, 0., 0., 0., 1.,
       0., 0., 0., 0., 1. ]
